
             precision    recall  f1-score   support

          0     0.8201    0.9997    0.9010     42944
          1     0.0000    0.0000    0.0000      1570
          2     0.7123    0.0200    0.0390      2596
          3     0.0000    0.0000    0.0000      1673
          4     0.9973    0.1885    0.3171      3947
          5     0.9688    1.0000    0.9841      1023
          6     1.0000    0.0206    0.0404       436
          7     1.0000    0.9469    0.9727       735

avg / total     0.7859    0.8276    0.7608     54924


             precision    recall  f1-score   support

          0     0.8231    1.0000    0.9030     42944
          1     0.0000    0.0000    0.0000      1570
          2     0.9796    0.0185    0.0363      2596
          3     0.0000    0.0000    0.0000      1673
          4     0.9973    0.1885    0.3171      3947
          5     0.9678    1.0000    0.9837      1023
          6     1.0000    0.4748    0.6439       436
          7     1.0000    0.9456    0.9720       735

avg / total     0.8009    0.8313    0.7669     54924


             precision    recall  f1-score   support

          0     0.8236    0.9993    0.9030     42944
          1     0.0000    0.0000    0.0000      1570
          2     0.6344    0.0227    0.0439      2596
          3     0.0000    0.0000    0.0000      1673
          4     0.9920    0.1888    0.3172      3947
          5     0.9715    1.0000    0.9855      1023
          6     1.0000    0.4977    0.6646       436
          7     1.0000    0.9578    0.9785       735

avg / total     0.7846    0.8313    0.7676     54924


             precision    recall  f1-score   support

          0     0.8243    1.0000    0.9037     42944
          1     0.0000    0.0000    0.0000      1570
          2     0.9796    0.0185    0.0363      2596
          3     0.0000    0.0000    0.0000      1673
          4     0.9973    0.1885    0.3171      3947
          5     0.9715    1.0000    0.9855      1023
          6     0.9964    0.6261    0.7690       436
          7     1.0000    0.9592    0.9792       735

avg / total     0.8018    0.8327    0.7686     54924


             precision    recall  f1-score   support

          0     0.8248    1.0000    0.9039     42944
          1     0.0000    0.0000    0.0000      1570
          2     0.9796    0.0185    0.0363      2596
          3     0.0000    0.0000    0.0000      1673
          4     0.9973    0.1885    0.3171      3947
          5     0.9715    1.0000    0.9855      1023
          6     0.9967    0.6972    0.8205       436
          7     1.0000    0.9592    0.9792       735

avg / total     0.8022    0.8333    0.7693     54924


             precision    recall  f1-score   support

          0     0.8246    1.0000    0.9038     42944
          1     0.0000    0.0000    0.0000      1570
          2     0.9796    0.0185    0.0363      2596
          3     0.0000    0.0000    0.0000      1673
          4     0.9973    0.1885    0.3171      3947
          5     0.9799    1.0000    0.9898      1023
          6     0.9966    0.6674    0.7995       436
          7     1.0000    0.9714    0.9855       735

avg / total     0.8022    0.8332    0.7692     54924


             precision    recall  f1-score   support

          0     0.8247    0.9996    0.9038     42944
          1     0.0000    0.0000    0.0000      1570
          2     0.7051    0.0212    0.0411      2596
          3     0.0000    0.0000    0.0000      1673
          4     0.9973    0.1885    0.3171      3947
          5     0.9855    1.0000    0.9927      1023
          6     0.9966    0.6651    0.7978       436
          7     1.0000    0.9796    0.9897       735

avg / total     0.7895    0.8331    0.7694     54924


             precision    recall  f1-score   support

          0     0.8244    0.9995    0.9035     42944
          1     0.2222    0.0013    0.0025      1570
          2     0.7941    0.0208    0.0405      2596
          3     0.0000    0.0000    0.0000      1673
          4     0.9973    0.1885    0.3171      3947
          5     0.9706    1.0000    0.9851      1023
          6     0.9964    0.6307    0.7725       436
          7     1.0000    0.9578    0.9785       735

avg / total     0.7995    0.8325    0.7688     54924


             precision    recall  f1-score   support

          0     0.8246    0.9998    0.9038     42944
          1     0.0000    0.0000    0.0000      1570
          2     0.9796    0.0185    0.0363      2596
          3     0.0000    0.0000    0.0000      1673
          4     0.9907    0.1890    0.3174      3947
          5     0.9875    1.0000    0.9937      1023
          6     0.9966    0.6743    0.8044       436
          7     1.0000    0.9823    0.9911       735

avg / total     0.8019    0.8333    0.7694     54924


             precision    recall  f1-score   support

          0     0.8252    0.9993    0.9040     42944
          1     0.5000    0.0013    0.0025      1570
          2     0.6538    0.0262    0.0504      2596
          3     0.0000    0.0000    0.0000      1673
          4     0.9973    0.1885    0.3171      3947
          5     0.9846    1.0000    0.9922      1023
          6     0.9967    0.6995    0.8221       436
          7     1.0000    0.9782    0.9890       735

avg / total     0.8017    0.8335    0.7703     54924


             precision    recall  f1-score   support

          0     0.8257    0.9988    0.9040     42944
          1     0.3889    0.0178    0.0341      1570
          2     0.6700    0.0258    0.0497      2596
          3     0.0000    0.0000    0.0000      1673
          4     0.9973    0.1885    0.3171      3947
          5     1.0000    1.0000    1.0000      1023
          6     0.9967    0.6881    0.8141       436
          7     1.0000    1.0000    1.0000       735

avg / total     0.8000    0.8337    0.7714     54924


             precision    recall  f1-score   support

          0     0.8259    0.9987    0.9041     42944
          1     0.4762    0.0064    0.0126      1570
          2     0.5617    0.0351    0.0660      2596
          3     0.0000    0.0000    0.0000      1673
          4     0.9947    0.1888    0.3173      3947
          5     0.9942    1.0000    0.9971      1023
          6     0.9967    0.7018    0.8237       436
          7     1.0000    0.9918    0.9959       735

avg / total     0.7972    0.8337    0.7716     54924


             precision    recall  f1-score   support

          0     0.8252    0.9996    0.9041     42944
          1     0.4762    0.0064    0.0126      1570
          2     0.8310    0.0227    0.0442      2596
          3     0.0000    0.0000    0.0000      1673
          4     0.9920    0.1890    0.3175      3947
          5     1.0000    1.0000    1.0000      1023
          6     0.9966    0.6812    0.8093       436
          7     1.0000    1.0000    1.0000       735

avg / total     0.8093    0.8338    0.7706     54924


             precision    recall  f1-score   support

          0     0.8255    0.9991    0.9041     42944
          1     0.3077    0.0025    0.0051      1570
          2     0.6807    0.0312    0.0597      2596
          3     0.0000    0.0000    0.0000      1673
          4     0.9920    0.1890    0.3175      3947
          5     1.0000    1.0000    1.0000      1023
          6     0.9967    0.6972    0.8205       436
          7     1.0000    1.0000    1.0000       735

avg / total     0.7976    0.8339    0.7712     54924


             precision    recall  f1-score   support

          0     0.8262    0.9988    0.9044     42944
          1     0.5278    0.0121    0.0237      1570
          2     0.5854    0.0370    0.0696      2596
          3     0.0000    0.0000    0.0000      1673
          4     0.9973    0.1885    0.3171      3947
          5     0.9990    1.0000    0.9995      1023
          6     0.9967    0.6995    0.8221       436
          7     1.0000    0.9986    0.9993       735

avg / total     0.8003    0.8341    0.7724     54924


             precision    recall  f1-score   support

          0     0.8259    0.9990    0.9042     42944
          1     0.4189    0.0197    0.0377      1570
          2     0.7386    0.0250    0.0484      2596
          3     0.0000    0.0000    0.0000      1673
          4     0.9920    0.1890    0.3175      3947
          5     0.9980    1.0000    0.9990      1023
          6     0.9967    0.7018    0.8237       436
          7     1.0000    0.9973    0.9986       735

avg / total     0.8038    0.8339    0.7717     54924


             precision    recall  f1-score   support

          0     0.8267    0.9982    0.9044     42944
          1     0.5000    0.0013    0.0025      1570
          2     0.5126    0.0470    0.0861      2596
          3     0.0000    0.0000    0.0000      1673
          4     0.9960    0.1888    0.3174      3947
          5     1.0000    1.0000    1.0000      1023
          6     0.9969    0.7362    0.8470       436
          7     1.0000    1.0000    1.0000       735

avg / total     0.7964    0.8342    0.7728     54924


             precision    recall  f1-score   support

          0     0.8262    0.9986    0.9043     42944
          1     0.3827    0.0197    0.0376      1570
          2     0.6607    0.0285    0.0547      2596
          3     0.0000    0.0000    0.0000      1673
          4     0.9947    0.1888    0.3173      3947
          5     0.9961    1.0000    0.9980      1023
          6     0.9968    0.7225    0.8378       436
          7     1.0000    0.9946    0.9973       735

avg / total     0.7995    0.8340    0.7721     54924


             precision    recall  f1-score   support

          0     0.8262    0.9984    0.9042     42944
          1     0.4184    0.0261    0.0492      1570
          2     0.6106    0.0266    0.0509      2596
          3     0.0000    0.0000    0.0000      1673
          4     0.9973    0.1885    0.3171      3947
          5     0.9980    1.0000    0.9990      1023
          6     0.9968    0.7156    0.8331       436
          7     1.0000    0.9986    0.9993       735

avg / total     0.7984    0.8338    0.7721     54924


             precision    recall  f1-score   support

          0     0.8273    0.9970    0.9043     42944
          1     0.3333    0.0102    0.0198      1570
          2     0.5243    0.0582    0.1047      2596
          3     0.0000    0.0000    0.0000      1673
          4     0.9973    0.1885    0.3171      3947
          5     1.0000    1.0000    1.0000      1023
          6     0.9970    0.7569    0.8605       436
          7     1.0000    1.0000    1.0000       735

avg / total     0.7928    0.8342    0.7742     54924


             precision    recall  f1-score   support

          0     0.8273    0.9975    0.9045     42944
          1     0.3902    0.0204    0.0387      1570
          2     0.5161    0.0431    0.0796      2596
          3     0.0000    0.0000    0.0000      1673
          4     0.9894    0.1888    0.3170      3947
          5     1.0000    1.0000    1.0000      1023
          6     0.9970    0.7683    0.8679       436
          7     1.0000    1.0000    1.0000       735

avg / total     0.7934    0.8342    0.7737     54924


             precision    recall  f1-score   support

          0     0.8268    0.9987    0.9046     42944
          1     0.5641    0.0140    0.0273      1570
          2     0.5714    0.0370    0.0695      2596
          3     0.0000    0.0000    0.0000      1673
          4     0.9933    0.1885    0.3169      3947
          5     1.0000    1.0000    1.0000      1023
          6     0.9970    0.7683    0.8679       436
          7     1.0000    1.0000    1.0000       735

avg / total     0.8009    0.8346    0.7730     54924


             precision    recall  f1-score   support

          0     0.8270    0.9986    0.9047     42944
          1     0.6286    0.0140    0.0274      1570
          2     0.5926    0.0431    0.0804      2596
          3     0.0000    0.0000    0.0000      1673
          4     0.9973    0.1885    0.3171      3947
          5     1.0000    1.0000    1.0000      1023
          6     0.9971    0.7752    0.8723       436
          7     1.0000    0.9986    0.9993       735

avg / total     0.8041    0.8349    0.7737     54924


             precision    recall  f1-score   support

          0     0.8274    0.9979    0.9047     42944
          1     0.3976    0.0210    0.0399      1570
          2     0.5172    0.0404    0.0750      2596
          3     0.0000    0.0000    0.0000      1673
          4     0.9973    0.1885    0.3171      3947
          5     1.0000    1.0000    1.0000      1023
          6     0.9971    0.7775    0.8737       436
          7     1.0000    0.9986    0.9993       735

avg / total     0.7943    0.8345    0.7738     54924


             precision    recall  f1-score   support

          0     0.8279    0.9978    0.9049     42944
          1     0.4875    0.0248    0.0473      1570
          2     0.5000    0.0439    0.0807      2596
          3     0.0000    0.0000    0.0000      1673
          4     0.9960    0.1885    0.3170      3947
          5     1.0000    1.0000    1.0000      1023
          6     0.9972    0.8119    0.8951       436
          7     1.0000    0.9959    0.9980       735

avg / total     0.7964    0.8349    0.7746     54924


             precision    recall  f1-score   support

          0     0.8270    0.9981    0.9045     42944
          1     0.4355    0.0172    0.0331      1570
          2     0.5902    0.0416    0.0777      2596
          3     0.0000    0.0000    0.0000      1673
          4     0.9973    0.1885    0.3171      3947
          5     1.0000    1.0000    1.0000      1023
          6     0.9971    0.7959    0.8852       436
          7     1.0000    1.0000    1.0000       735

avg / total     0.7986    0.8347    0.7737     54924


             precision    recall  f1-score   support

          0     0.8271    0.9985    0.9048     42944
          1     0.5000    0.0108    0.0212      1570
          2     0.5657    0.0431    0.0802      2596
          3     0.0000    0.0000    0.0000      1673
          4     0.9973    0.1885    0.3171      3947
          5     1.0000    1.0000    1.0000      1023
          6     0.9971    0.7890    0.8809       436
          7     1.0000    0.9986    0.9993       735

avg / total     0.7993    0.8349    0.7736     54924


             precision    recall  f1-score   support

          0     0.8278    0.9979    0.9049     42944
          1     0.4667    0.0178    0.0344      1570
          2     0.5174    0.0458    0.0842      2596
          3     0.0000    0.0000    0.0000      1673
          4     0.9973    0.1885    0.3171      3947
          5     1.0000    1.0000    1.0000      1023
          6     0.9972    0.8303    0.9061       436
          7     1.0000    0.9986    0.9993       735

avg / total     0.7966    0.8350    0.7745     54924


             precision    recall  f1-score   support

          0     0.8282    0.9969    0.9048     42944
          1     0.4118    0.0134    0.0259      1570
          2     0.4862    0.0609    0.1082      2596
          3     0.0000    0.0000    0.0000      1673
          4     0.9973    0.1885    0.3171      3947
          5     1.0000    1.0000    1.0000      1023
          6     0.9972    0.8188    0.8992       436
          7     1.0000    0.9986    0.9993       735

avg / total     0.7939    0.8347    0.7752     54924


             precision    recall  f1-score   support

          0     0.8277    0.9983    0.9050     42944
          1     0.4783    0.0280    0.0529      1570
          2     0.5367    0.0366    0.0685      2596
          3     0.0000    0.0000    0.0000      1673
          4     0.9973    0.1885    0.3171      3947
          5     1.0000    1.0000    1.0000      1023
          6     0.9972    0.8165    0.8979       436
          7     1.0000    0.9986    0.9993       735

avg / total     0.7978    0.8351    0.7743     54924


             precision    recall  f1-score   support

          0     0.8279    0.9980    0.9050     42944
          1     0.5507    0.0242    0.0464      1570
          2     0.5348    0.0474    0.0870      2596
          3     0.0000    0.0000    0.0000      1673
          4     0.9960    0.1885    0.3170      3947
          5     1.0000    1.0000    1.0000      1023
          6     0.9972    0.8142    0.8965       436
          7     1.0000    0.9986    0.9993       735

avg / total     0.7998    0.8352    0.7749     54924


             precision    recall  f1-score   support

          0     0.8279    0.9980    0.9050     42944
          1     0.5745    0.0172    0.0334      1570
          2     0.5123    0.0482    0.0880      2596
          3     0.0000    0.0000    0.0000      1673
          4     0.9973    0.1885    0.3171      3947
          5     1.0000    1.0000    1.0000      1023
          6     0.9972    0.8234    0.9020       436
          7     1.0000    0.9986    0.9993       735

avg / total     0.7995    0.8352    0.7747     54924


             precision    recall  f1-score   support

          0     0.8278    0.9976    0.9048     42944
          1     0.4286    0.0229    0.0435      1570
          2     0.5135    0.0439    0.0809      2596
          3     0.0000    0.0000    0.0000      1673
          4     0.9933    0.1885    0.3169      3947
          5     1.0000    1.0000    1.0000      1023
          6     0.9972    0.8119    0.8951       436
          7     1.0000    0.9986    0.9993       735

avg / total     0.7950    0.8347    0.7744     54924


             precision    recall  f1-score   support

          0     0.8279    0.9976    0.9049     42944
          1     0.4571    0.0102    0.0199      1570
          2     0.5257    0.0551    0.0997      2596
          3     0.0000    0.0000    0.0000      1673
          4     0.9947    0.1890    0.3176      3947
          5     1.0000    1.0000    1.0000      1023
          6     0.9972    0.8257    0.9034       436
          7     1.0000    0.9986    0.9993       735

avg / total     0.7966    0.8350    0.7748     54924


             precision    recall  f1-score   support

          0     0.8278    0.9981    0.9050     42944
          1     0.5000    0.0287    0.0542      1570
          2     0.5450    0.0397    0.0740      2596
          3     0.0000    0.0000    0.0000      1673
          4     0.9973    0.1885    0.3171      3947
          5     1.0000    1.0000    1.0000      1023
          6     0.9944    0.8211    0.8995       436
          7     1.0000    0.9986    0.9993       735

avg / total     0.7988    0.8352    0.7746     54924


             precision    recall  f1-score   support

          0     0.8276    0.9980    0.9049     42944
          1     0.5082    0.0197    0.0380      1570
          2     0.5613    0.0458    0.0848      2596
          3     0.0000    0.0000    0.0000      1673
          4     0.9947    0.1888    0.3173      3947
          5     1.0000    1.0000    1.0000      1023
          6     0.9972    0.8280    0.9048       436
          7     1.0000    0.9986    0.9993       735

avg / total     0.7996    0.8352    0.7746     54924


             precision    recall  f1-score   support

          0     0.8282    0.9972    0.9048     42944
          1     0.4783    0.0210    0.0403      1570
          2     0.5265    0.0574    0.1035      2596
          3     0.0000    0.0000    0.0000      1673
          4     0.9960    0.1888    0.3174      3947
          5     1.0000    1.0000    1.0000      1023
          6     0.9972    0.8257    0.9034       436
          7     1.0000    0.9986    0.9993       735

avg / total     0.7976    0.8351    0.7755     54924


             precision    recall  f1-score   support

          0     0.8285    0.9969    0.9049     42944
          1     0.5045    0.0357    0.0666      1570
          2     0.5351    0.0559    0.1012      2596
          3     0.0000    0.0000    0.0000      1673
          4     0.9960    0.1885    0.3170      3947
          5     1.0000    1.0000    1.0000      1023
          6     0.9973    0.8417    0.9129       436
          7     1.0000    0.9986    0.9993       735

avg / total     0.7990    0.8353    0.7763     54924


             precision    recall  f1-score   support

          0     0.8278    0.9974    0.9047     42944
          1     0.4545    0.0191    0.0367      1570
          2     0.5276    0.0516    0.0940      2596
          3     0.0000    0.0000    0.0000      1673
          4     0.9973    0.1885    0.3171      3947
          5     1.0000    0.9990    0.9995      1023
          6     0.9972    0.8211    0.9006       436
          7     1.0000    0.9986    0.9993       735

avg / total     0.7968    0.8349    0.7748     54924


             precision    recall  f1-score   support

          0     0.8283    0.9975    0.9050     42944
          1     0.4308    0.0357    0.0659      1570
          2     0.5534    0.0439    0.0814      2596
          3     0.0000    0.0000    0.0000      1673
          4     0.9933    0.1885    0.3169      3947
          5     1.0000    1.0000    1.0000      1023
          6     0.9973    0.8349    0.9089       436
          7     1.0000    0.9986    0.9993       735

avg / total     0.7974    0.8352    0.7753     54924


             precision    recall  f1-score   support

          0     0.8291    0.9962    0.9050     42944
          1     0.5000    0.0350    0.0655      1570
          2     0.4928    0.0659    0.1162      2596
          3     0.0000    0.0000    0.0000      1673
          4     0.9947    0.1890    0.3176      3947
          5     1.0000    1.0000    1.0000      1023
          6     0.9973    0.8326    0.9075       436
          7     1.0000    0.9986    0.9993       735

avg / total     0.7973    0.8352    0.7770     54924


             precision    recall  f1-score   support

          0     0.8291    0.9963    0.9051     42944
          1     0.4896    0.0299    0.0564      1570
          2     0.5128    0.0693    0.1222      2596
          3     0.0000    0.0000    0.0000      1673
          4     0.9881    0.1893    0.3177      3947
          5     1.0000    0.9990    0.9995      1023
          6     0.9972    0.8303    0.9061       436
          7     0.9986    1.0000    0.9993       735

avg / total     0.7974    0.8353    0.7770     54924


             precision    recall  f1-score   support

          0     0.8285    0.9966    0.9048     42944
          1     0.4574    0.0376    0.0695      1570
          2     0.5037    0.0520    0.0943      2596
          3     0.0000    0.0000    0.0000      1673
          4     0.9920    0.1893    0.3179      3947
          5     1.0000    1.0000    1.0000      1023
          6     0.9972    0.8188    0.8992       436
          7     1.0000    1.0000    1.0000       735

avg / total     0.7959    0.8348    0.7759     54924


             precision    recall  f1-score   support

          0     0.8284    0.9967    0.9048     42944
          1     0.3909    0.0274    0.0512      1570
          2     0.5036    0.0535    0.0968      2596
          3     0.0000    0.0000    0.0000      1673
          4     0.9960    0.1885    0.3170      3947
          5     1.0000    1.0000    1.0000      1023
          6     0.9973    0.8326    0.9075       436
          7     1.0000    1.0000    1.0000       735

avg / total     0.7942    0.8348    0.7755     54924


             precision    recall  f1-score   support

          0     0.8287    0.9968    0.9050     42944
          1     0.4274    0.0318    0.0593      1570
          2     0.5146    0.0543    0.0983      2596
          3     0.0000    0.0000    0.0000      1673
          4     0.9947    0.1888    0.3173      3947
          5     1.0000    1.0000    1.0000      1023
          6     0.9868    0.8555    0.9165       436
          7     1.0000    0.9932    0.9966       735

avg / total     0.7958    0.8351    0.7760     54924


             precision    recall  f1-score   support

          0     0.8288    0.9969    0.9051     42944
          1     0.4712    0.0312    0.0585      1570
          2     0.5140    0.0566    0.1020      2596
          3     0.0000    0.0000    0.0000      1673
          4     0.9933    0.1888    0.3172      3947
          5     1.0000    1.0000    1.0000      1023
          6     0.9973    0.8509    0.9183       436
          7     1.0000    1.0000    1.0000       735

avg / total     0.7971    0.8354    0.7763     54924


             precision    recall  f1-score   support

          0     0.8290    0.9968    0.9052     42944
          1     0.4057    0.0452    0.0814      1570
          2     0.5471    0.0470    0.0866      2596
          3     0.0000    0.0000    0.0000      1673
          4     0.9920    0.1893    0.3179      3947
          5     1.0000    1.0000    1.0000      1023
          6     0.9973    0.8601    0.9236       436
          7     1.0000    1.0000    1.0000       735

avg / total     0.7968    0.8354    0.7764     54924


             precision    recall  f1-score   support

          0     0.8290    0.9955    0.9046     42944
          1     0.3406    0.0299    0.0550      1570
          2     0.5089    0.0663    0.1172      2596
          3     0.0000    0.0000    0.0000      1673
          4     0.9803    0.1895    0.3176      3947
          5     1.0000    0.9990    0.9995      1023
          6     0.9972    0.8234    0.9020       436
          7     0.9986    0.9986    0.9986       735

avg / total     0.7923    0.8345    0.7764     54924


             precision    recall  f1-score   support

          0     0.8292    0.9960    0.9050     42944
          1     0.4359    0.0433    0.0788      1570
          2     0.5305    0.0636    0.1135      2596
          3     0.0000    0.0000    0.0000      1673
          4     0.9947    0.1885    0.3169      3947
          5     0.9990    1.0000    0.9995      1023
          6     0.9973    0.8372    0.9102       436
          7     1.0000    0.9973    0.9986       735

avg / total     0.7972    0.8352    0.7772     54924


             precision    recall  f1-score   support

          0     0.8290    0.9956    0.9047     42944
          1     0.4747    0.0299    0.0563      1570
          2     0.5058    0.0666    0.1178      2596
          3     0.0000    0.0000    0.0000      1673
          4     0.9934    0.1893    0.3179      3947
          5     1.0000    1.0000    1.0000      1023
          6     0.9373    0.8578    0.8958       436
          7     1.0000    1.0000    1.0000       735

avg / total     0.7965    0.8349    0.7765     54924

lr:0.0121967,0.0121967,0.0121967,0.0121967,0.0121967,0.0121967,0.0121967,0.0121967,0.0121967,0.0121967,0.0121967,0.0121967,0.0121967,0.0121967,0.0121967,0.0121967,0.0121967,0.0121967,0.0121967,0.0121967,0.0121967,0.0121967,0.0121967,0.0121967,0.0121967,0.0121967,0.0121967,0.0121967,0.0121967,0.0121967,0.0121967,0.0121967,0.0121967,0.0121967,0.0121967,0.0121967,0.0121967,0.0121967,0.0121967,0.0121967,0.0121967,0.0121967,0.0121967,0.0121967,0.0121967,0.0121967,0.0121967,0.0121967,0.0121967,0.0121967
val_loss:0.519785343852,0.507872024041,0.503905130085,0.501816810421,0.502639310411,0.499710027994,0.498309658387,0.499974695654,0.496343135137,0.49383268498,0.492754988459,0.494153826465,0.492948639509,0.490623081573,0.489135201305,0.489893113802,0.488323030069,0.486626273769,0.488038405538,0.487820191365,0.486086396846,0.485263632978,0.484000712913,0.483559498288,0.485000065439,0.483139147001,0.485430831911,0.484504305739,0.482550540631,0.482001967902,0.481528487383,0.482104009387,0.482437901923,0.48074858966,0.481214454556,0.480697524054,0.478928735319,0.478673451132,0.479893070519,0.478278014385,0.47810120136,0.478433293333,0.48125971285,0.477189269933,0.47780179396,0.476211064334,0.476546560446,0.476788050604,0.47830438287,0.478811898592
acc:0.81473636827,0.828494442038,0.829744623037,0.830430401599,0.830667087479,0.830940183328,0.831395347228,0.831346796803,0.831407487307,0.831716997892,0.831747341345,0.831935473363,0.831929404482,0.832147886116,0.832002231832,0.832190367531,0.832214643006,0.832469535514,0.832524155414,0.832615186809,0.832706218847,0.832821527149,0.832912557788,0.832912561125,0.833027867997,0.833100692045,0.83306428122,0.833179587827,0.833337377873,0.833325241343,0.833258482383,0.833470893231,0.833580133307,0.833300965557,0.833428412048,0.833646890117,0.833665097814,0.833707580723,0.833725785575,0.83376826628,0.83373185434,0.833683303109,0.83383502309,0.833980677127,0.833919987788,0.834041363787,0.834004951981,0.834363014632,0.834138466533,0.834114191402
val_acc:0.827561725572,0.831312356921,0.831348769811,0.832696087474,0.833260505565,0.833187677713,0.833114849862,0.832495812782,0.833333332035,0.833460783018,0.833679264501,0.833733884872,0.833843127684,0.833879539884,0.834134435638,0.833934163016,0.834170851979,0.833952369116,0.833843125614,0.834152645189,0.834225475111,0.834644235428,0.834917339352,0.834462168216,0.834880929913,0.834717063279,0.834880927152,0.835026582165,0.83471706604,0.835081205296,0.835208653518,0.835154031077,0.83473527145,0.835044787574,0.835172239247,0.835154031077,0.835081201845,0.83531789564,0.834899135323,0.835172238557,0.835172241318,0.835281478609,0.834844510694,0.834808099301,0.835117618877,0.83535430853,0.835354309221,0.834462165455,0.83519044592,0.834899130492
loss:0.592221460116,0.515880558599,0.509351108109,0.504835340656,0.504182620842,0.502194342318,0.500278505784,0.499477458603,0.498154051949,0.497253034055,0.49604357153,0.496003496387,0.494709566861,0.493782255737,0.493288856187,0.491836240938,0.490570191717,0.489378896366,0.488883348334,0.488201314897,0.487265126897,0.487009250261,0.486060705633,0.486067419755,0.485749352749,0.485574438479,0.484736102842,0.484045584765,0.483674127626,0.483015819248,0.483426200146,0.482455262751,0.481988820085,0.482158415515,0.481468646139,0.480816824415,0.479448505536,0.479371878685,0.479556440516,0.478470128,0.478144381452,0.478796531669,0.477425007715,0.477273025823,0.475991222279,0.476730821013,0.476055198724,0.47459853915,0.474878621544,0.474834203613
