
             precision    recall  f1-score   support

          0     0.8205    0.9989    0.9010     42944
          1     0.2222    0.0115    0.0218      1570
          2     0.8197    0.0193    0.0376      2596
          3     0.0000    0.0000    0.0000      1673
          4     0.9973    0.1885    0.3171      3947
          5     0.9678    1.0000    0.9837      1023
          6     0.0000    0.0000    0.0000       436
          7     0.9971    0.9469    0.9714       735

avg / total     0.7897    0.8271    0.7610     54924


             precision    recall  f1-score   support

          0     0.8228    1.0000    0.9027     42944
          1     0.0000    0.0000    0.0000      1570
          2     0.9796    0.0185    0.0363      2596
          3     0.0000    0.0000    0.0000      1673
          4     0.9973    0.1885    0.3171      3947
          5     0.9678    1.0000    0.9837      1023
          6     1.0000    0.4220    0.5935       436
          7     1.0000    0.9469    0.9727       735

avg / total     0.8006    0.8309    0.7664     54924


             precision    recall  f1-score   support

          0     0.8235    1.0000    0.9032     42944
          1     0.0000    0.0000    0.0000      1570
          2     0.9796    0.0185    0.0363      2596
          3     0.0000    0.0000    0.0000      1673
          4     0.9973    0.1885    0.3171      3947
          5     0.9688    1.0000    0.9841      1023
          6     1.0000    0.5161    0.6808       436
          7     1.0000    0.9524    0.9756       735

avg / total     0.8012    0.8317    0.7675     54924


             precision    recall  f1-score   support

          0     0.8235    0.9995    0.9030     42944
          1     0.1364    0.0019    0.0038      1570
          2     0.9796    0.0185    0.0363      2596
          3     0.0000    0.0000    0.0000      1673
          4     0.9973    0.1885    0.3171      3947
          5     0.9734    1.0000    0.9865      1023
          6     1.0000    0.5298    0.6927       436
          7     1.0000    0.9551    0.9770       735

avg / total     0.8052    0.8316    0.7676     54924


             precision    recall  f1-score   support

          0     0.8240    0.9998    0.9035     42944
          1     0.2500    0.0013    0.0025      1570
          2     0.9796    0.0185    0.0363      2596
          3     0.0000    0.0000    0.0000      1673
          4     0.9973    0.1885    0.3171      3947
          5     0.9715    1.0000    0.9855      1023
          6     0.9961    0.5917    0.7424       436
          7     1.0000    0.9592    0.9792       735

avg / total     0.8088    0.8324    0.7683     54924


             precision    recall  f1-score   support

          0     0.8241    1.0000    0.9035     42944
          1     0.0000    0.0000    0.0000      1570
          2     0.9796    0.0185    0.0363      2596
          3     0.0000    0.0000    0.0000      1673
          4     0.9973    0.1885    0.3171      3947
          5     0.9715    1.0000    0.9855      1023
          6     0.9962    0.5986    0.7479       436
          7     1.0000    0.9592    0.9792       735

avg / total     0.8017    0.8325    0.7684     54924


             precision    recall  f1-score   support

          0     0.8242    0.9998    0.9035     42944
          1     0.3750    0.0019    0.0038      1570
          2     0.9796    0.0185    0.0363      2596
          3     0.0000    0.0000    0.0000      1673
          4     0.9973    0.1885    0.3171      3947
          5     0.9818    1.0000    0.9908      1023
          6     0.9962    0.6078    0.7550       436
          7     1.0000    0.9741    0.9869       735

avg / total     0.8127    0.8327    0.7687     54924


             precision    recall  f1-score   support

          0     0.8247    0.9997    0.9038     42944
          1     0.5000    0.0013    0.0025      1570
          2     0.7969    0.0196    0.0383      2596
          3     0.0000    0.0000    0.0000      1673
          4     0.9960    0.1888    0.3174      3947
          5     0.9913    1.0000    0.9956      1023
          6     0.9966    0.6720    0.8027       436
          7     1.0000    0.9878    0.9938       735

avg / total     0.8081    0.8333    0.7696     54924


             precision    recall  f1-score   support

          0     0.8251    0.9990    0.9038     42944
          1     0.2581    0.0051    0.0100      1570
          2     0.6962    0.0212    0.0411      2596
          3     0.0000    0.0000    0.0000      1673
          4     0.9947    0.1890    0.3176      3947
          5     0.9980    1.0000    0.9990      1023
          6     0.9968    0.7225    0.8378       436
          7     1.0000    0.9973    0.9986       735

avg / total     0.7968    0.8335    0.7703     54924


             precision    recall  f1-score   support

          0     0.8256    0.9984    0.9038     42944
          1     0.2889    0.0083    0.0161      1570
          2     0.6018    0.0262    0.0502      2596
          3     0.0000    0.0000    0.0000      1673
          4     0.9973    0.1885    0.3171      3947
          5     1.0000    1.0000    1.0000      1023
          6     0.9969    0.7477    0.8545       436
          7     1.0000    1.0000    1.0000       735

avg / total     0.7938    0.8336    0.7711     54924


             precision    recall  f1-score   support

          0     0.8269    0.9972    0.9041     42944
          1     0.2800    0.0134    0.0255      1570
          2     0.4977    0.0420    0.0774      2596
          3     0.0000    0.0000    0.0000      1673
          4     0.9947    0.1890    0.3176      3947
          5     1.0000    1.0000    1.0000      1023
          6     0.9970    0.7615    0.8635       436
          7     1.0000    1.0000    1.0000       735

avg / total     0.7895    0.8337    0.7730     54924


             precision    recall  f1-score   support

          0     0.8263    0.9984    0.9042     42944
          1     0.2941    0.0127    0.0244      1570
          2     0.6129    0.0293    0.0559      2596
          3     0.0000    0.0000    0.0000      1673
          4     0.9907    0.1890    0.3174      3947
          5     0.9980    1.0000    0.9990      1023
          6     0.9970    0.7683    0.8679       436
          7     1.0000    0.9973    0.9986       735

avg / total     0.7945    0.8340    0.7720     54924


             precision    recall  f1-score   support

          0     0.8261    0.9987    0.9042     42944
          1     0.2235    0.0121    0.0230      1570
          2     0.8689    0.0204    0.0399      2596
          3     0.0000    0.0000    0.0000      1673
          4     0.9933    0.1890    0.3176      3947
          5     1.0000    1.0000    1.0000      1023
          6     0.9971    0.8005    0.8880       436
          7     1.0000    1.0000    1.0000       735

avg / total     0.8047    0.8341    0.7714     54924


             precision    recall  f1-score   support

          0     0.8266    0.9987    0.9045     42944
          1     0.5000    0.0025    0.0051      1570
          2     0.5723    0.0366    0.0688      2596
          3     0.0000    0.0000    0.0000      1673
          4     0.9947    0.1890    0.3176      3947
          5     1.0000    1.0000    1.0000      1023
          6     0.9972    0.8119    0.8951       436
          7     1.0000    1.0000    1.0000       735

avg / total     0.7990    0.8347    0.7726     54924


             precision    recall  f1-score   support

          0     0.8264    0.9992    0.9047     42944
          1     0.5455    0.0076    0.0151      1570
          2     0.6750    0.0312    0.0596      2596
          3     0.0000    0.0000    0.0000      1673
          4     0.9947    0.1890    0.3176      3947
          5     0.9980    1.0000    0.9990      1023
          6     0.9972    0.8073    0.8923       436
          7     1.0000    0.9973    0.9986       735

avg / total     0.8050    0.8349    0.7725     54924


             precision    recall  f1-score   support

          0     0.8272    0.9983    0.9047     42944
          1     0.4524    0.0121    0.0236      1570
          2     0.5455    0.0416    0.0773      2596
          3     0.0000    0.0000    0.0000      1673
          4     0.9947    0.1890    0.3176      3947
          5     1.0000    1.0000    1.0000      1023
          6     0.9972    0.8028    0.8895       436
          7     1.0000    0.9986    0.9993       735

avg / total     0.7969    0.8348    0.7736     54924


             precision    recall  f1-score   support

          0     0.8270    0.9982    0.9045     42944
          1     0.3000    0.0076    0.0149      1570
          2     0.5158    0.0378    0.0704      2596
          3     0.0000    0.0000    0.0000      1673
          4     0.9960    0.1888    0.3174      3947
          5     1.0000    1.0000    1.0000      1023
          6     0.9972    0.8096    0.8937       436
          7     1.0000    1.0000    1.0000       735

avg / total     0.7910    0.8344    0.7729     54924


             precision    recall  f1-score   support

          0     0.8265    0.9989    0.9046     42944
          1     0.4231    0.0070    0.0138      1570
          2     0.6667    0.0347    0.0659      2596
          3     0.0000    0.0000    0.0000      1673
          4     0.9947    0.1890    0.3176      3947
          5     0.9990    1.0000    0.9995      1023
          6     0.9972    0.8028    0.8895       436
          7     1.0000    0.9986    0.9993       735

avg / total     0.8012    0.8348    0.7726     54924


             precision    recall  f1-score   support

          0     0.8268    0.9991    0.9048     42944
          1     0.4894    0.0146    0.0284      1570
          2     0.6585    0.0312    0.0596      2596
          3     0.0000    0.0000    0.0000      1673
          4     0.9947    0.1890    0.3176      3947
          5     1.0000    1.0000    1.0000      1023
          6     0.9972    0.8073    0.8923       436
          7     1.0000    1.0000    1.0000       735

avg / total     0.8030    0.8350    0.7730     54924


             precision    recall  f1-score   support

          0     0.8278    0.9979    0.9049     42944
          1     0.5606    0.0236    0.0452      1570
          2     0.5085    0.0458    0.0841      2596
          3     0.0000    0.0000    0.0000      1673
          4     0.9973    0.1885    0.3171      3947
          5     1.0000    1.0000    1.0000      1023
          6     0.9972    0.8028    0.8895       436
          7     1.0000    1.0000    1.0000       735

avg / total     0.7989    0.8350    0.7747     54924


             precision    recall  f1-score   support

          0     0.8281    0.9965    0.9046     42944
          1     0.3893    0.0369    0.0675      1570
          2     0.5084    0.0466    0.0854      2596
          3     0.0000    0.0000    0.0000      1673
          4     0.9973    0.1885    0.3171      3947
          5     1.0000    1.0000    1.0000      1023
          6     0.9972    0.8142    0.8965       436
          7     1.0000    1.0000    1.0000       735

avg / total     0.7942    0.8344    0.7751     54924


             precision    recall  f1-score   support

          0     0.8272    0.9981    0.9046     42944
          1     0.3443    0.0268    0.0496      1570
          2     0.6500    0.0300    0.0574      2596
          3     0.0000    0.0000    0.0000      1673
          4     0.9973    0.1885    0.3171      3947
          5     1.0000    1.0000    1.0000      1023
          6     0.9972    0.8211    0.9006       436
          7     1.0000    1.0000    1.0000       735

avg / total     0.7989    0.8347    0.7734     54924


             precision    recall  f1-score   support

          0     0.8275    0.9977    0.9047     42944
          1     0.3661    0.0261    0.0488      1570
          2     0.5765    0.0378    0.0709      2596
          3     0.0000    0.0000    0.0000      1673
          4     0.9960    0.1885    0.3170      3947
          5     1.0000    1.0000    1.0000      1023
          6     0.9972    0.8303    0.9061       436
          7     1.0000    1.0000    1.0000       735

avg / total     0.7962    0.8348    0.7741     54924


             precision    recall  f1-score   support

          0     0.8273    0.9987    0.9050     42944
          1     0.4375    0.0178    0.0343      1570
          2     0.6358    0.0370    0.0699      2596
          3     0.0000    0.0000    0.0000      1673
          4     0.9973    0.1885    0.3171      3947
          5     1.0000    1.0000    1.0000      1023
          6     0.9973    0.8372    0.9102       436
          7     1.0000    1.0000    1.0000       735

avg / total     0.8010    0.8353    0.7739     54924


             precision    recall  f1-score   support

          0     0.8285    0.9968    0.9049     42944
          1     0.6271    0.0236    0.0454      1570
          2     0.5151    0.0593    0.1064      2596
          3     0.0000    0.0000    0.0000      1673
          4     0.9715    0.1903    0.3182      3947
          5     1.0000    1.0000    1.0000      1023
          6     0.9973    0.8349    0.9089       436
          7     1.0000    1.0000    1.0000       735

avg / total     0.7998    0.8352    0.7759     54924


             precision    recall  f1-score   support

          0     0.8279    0.9981    0.9051     42944
          1     0.4932    0.0229    0.0438      1570
          2     0.5714    0.0462    0.0855      2596
          3     0.0000    0.0000    0.0000      1673
          4     0.9973    0.1885    0.3171      3947
          5     1.0000    1.0000    1.0000      1023
          6     0.9973    0.8440    0.9143       436
          7     1.0000    1.0000    1.0000       735

avg / total     0.8001    0.8355    0.7750     54924


             precision    recall  f1-score   support

          0     0.8283    0.9970    0.9048     42944
          1     0.4750    0.0242    0.0461      1570
          2     0.5018    0.0539    0.0974      2596
          3     0.0000    0.0000    0.0000      1673
          4     0.9960    0.1890    0.3177      3947
          5     1.0000    1.0000    1.0000      1023
          6     0.9973    0.8417    0.9129       436
          7     1.0000    1.0000    1.0000       735

avg / total     0.7964    0.8350    0.7755     54924


             precision    recall  f1-score   support

          0     0.8284    0.9971    0.9049     42944
          1     0.3918    0.0242    0.0456      1570
          2     0.5019    0.0501    0.0911      2596
          3     0.0000    0.0000    0.0000      1673
          4     0.9947    0.1903    0.3194      3947
          5     1.0000    1.0000    1.0000      1023
          6     0.9973    0.8372    0.9102       436
          7     1.0000    1.0000    1.0000       735

avg / total     0.7940    0.8350    0.7754     54924


             precision    recall  f1-score   support

          0     0.8282    0.9973    0.9049     42944
          1     0.4286    0.0191    0.0366      1570
          2     0.5000    0.0485    0.0885      2596
          3     0.0000    0.0000    0.0000      1673
          4     0.9817    0.1903    0.3188      3947
          5     1.0000    1.0000    1.0000      1023
          6     0.9973    0.8417    0.9129       436
          7     1.0000    1.0000    1.0000       735

avg / total     0.7939    0.8349    0.7749     54924


             precision    recall  f1-score   support

          0     0.8285    0.9969    0.9050     42944
          1     0.4343    0.0274    0.0515      1570
          2     0.5000    0.0532    0.0961      2596
          3     0.0000    0.0000    0.0000      1673
          4     0.9960    0.1898    0.3188      3947
          5     1.0000    1.0000    1.0000      1023
          6     0.9973    0.8417    0.9129       436
          7     1.0000    1.0000    1.0000       735

avg / total     0.7954    0.8351    0.7757     54924


             precision    recall  f1-score   support

          0     0.8283    0.9970    0.9049     42944
          1     0.4490    0.0280    0.0528      1570
          2     0.5076    0.0512    0.0931      2596
          3     0.0000    0.0000    0.0000      1673
          4     0.9947    0.1885    0.3169      3947
          5     1.0000    1.0000    1.0000      1023
          6     0.9973    0.8417    0.9129       436
          7     1.0000    1.0000    1.0000       735

avg / total     0.7959    0.8350    0.7755     54924


             precision    recall  f1-score   support

          0     0.8283    0.9974    0.9050     42944
          1     0.4945    0.0287    0.0542      1570
          2     0.5081    0.0485    0.0886      2596
          3     0.0000    0.0000    0.0000      1673
          4     0.9960    0.1893    0.3181      3947
          5     1.0000    1.0000    1.0000      1023
          6     0.9973    0.8372    0.9102       436
          7     1.0000    1.0000    1.0000       735

avg / total     0.7973    0.8352    0.7754     54924


             precision    recall  f1-score   support

          0     0.8286    0.9968    0.9049     42944
          1     0.4674    0.0274    0.0517      1570
          2     0.5017    0.0570    0.1024      2596
          3     0.0000    0.0000    0.0000      1673
          4     0.9960    0.1893    0.3181      3947
          5     1.0000    1.0000    1.0000      1023
          6     0.9973    0.8372    0.9102       436
          7     1.0000    1.0000    1.0000       735

avg / total     0.7964    0.8351    0.7759     54924


             precision    recall  f1-score   support

          0     0.8284    0.9976    0.9052     42944
          1     0.4946    0.0293    0.0553      1570
          2     0.5172    0.0462    0.0849      2596
          3     0.0000    0.0000    0.0000      1673
          4     0.9960    0.1905    0.3199      3947
          5     1.0000    1.0000    1.0000      1023
          6     0.9973    0.8463    0.9156       436
          7     1.0000    1.0000    1.0000       735

avg / total     0.7978    0.8354    0.7756     54924


             precision    recall  f1-score   support

          0     0.8287    0.9962    0.9048     42944
          1     0.3905    0.0261    0.0490      1570
          2     0.5018    0.0551    0.0993      2596
          3     0.0000    0.0000    0.0000      1673
          4     0.9630    0.1913    0.3192      3947
          5     1.0000    1.0000    1.0000      1023
          6     0.9973    0.8440    0.9143       436
          7     1.0000    1.0000    1.0000       735

avg / total     0.7920    0.8347    0.7757     54924


             precision    recall  f1-score   support

          0     0.8290    0.9966    0.9051     42944
          1     0.4808    0.0318    0.0597      1570
          2     0.5249    0.0609    0.1091      2596
          3     0.0000    0.0000    0.0000      1673
          4     0.9817    0.1898    0.3180      3947
          5     1.0000    1.0000    1.0000      1023
          6     0.9973    0.8509    0.9183       436
          7     1.0000    1.0000    1.0000       735

avg / total     0.7972    0.8354    0.7767     54924


             precision    recall  f1-score   support

          0     0.8281    0.9978    0.9051     42944
          1     0.5060    0.0268    0.0508      1570
          2     0.5670    0.0489    0.0901      2596
          3     0.0000    0.0000    0.0000      1673
          4     0.9960    0.1885    0.3170      3947
          5     1.0000    1.0000    1.0000      1023
          6     0.9973    0.8463    0.9156       436
          7     1.0000    1.0000    1.0000       735

avg / total     0.8003    0.8355    0.7754     54924


             precision    recall  f1-score   support

          0     0.8287    0.9972    0.9052     42944
          1     0.4884    0.0401    0.0742      1570
          2     0.5792    0.0493    0.0909      2596
          3     0.0000    0.0000    0.0000      1673
          4     0.9741    0.1905    0.3187      3947
          5     1.0000    1.0000    1.0000      1023
          6     0.9973    0.8463    0.9156       436
          7     1.0000    1.0000    1.0000       735

avg / total     0.7992    0.8356    0.7763     54924


             precision    recall  f1-score   support

          0     0.8295    0.9961    0.9052     42944
          1     0.4412    0.0478    0.0862      1570
          2     0.5410    0.0636    0.1138      2596
          3     0.0000    0.0000    0.0000      1673
          4     0.9947    0.1890    0.3176      3947
          5     1.0000    1.0000    1.0000      1023
          6     0.9946    0.8486    0.9158       436
          7     1.0000    1.0000    1.0000       735

avg / total     0.7982    0.8356    0.7777     54924


             precision    recall  f1-score   support

          0     0.8292    0.9967    0.9053     42944
          1     0.4885    0.0408    0.0752      1570
          2     0.5256    0.0593    0.1066      2596
          3     0.0000    0.0000    0.0000      1673
          4     0.9908    0.1900    0.3189      3947
          5     1.0000    1.0000    1.0000      1023
          6     0.9973    0.8417    0.9129       436
          7     1.0000    1.0000    1.0000       735

avg / total     0.7983    0.8356    0.7772     54924


             precision    recall  f1-score   support

          0     0.8285    0.9978    0.9053     42944
          1     0.4959    0.0389    0.0721      1570
          2     0.6228    0.0401    0.0753      2596
          3     0.0000    0.0000    0.0000      1673
          4     0.9718    0.1920    0.3207      3947
          5     1.0000    1.0000    1.0000      1023
          6     0.9973    0.8601    0.9236       436
          7     1.0000    1.0000    1.0000       735

avg / total     0.8011    0.8358    0.7758     54924


             precision    recall  f1-score   support

          0     0.8294    0.9966    0.9053     42944
          1     0.5118    0.0414    0.0766      1570
          2     0.5455    0.0555    0.1007      2596
          3     0.0000    0.0000    0.0000      1673
          4     0.9636    0.1943    0.3234      3947
          5     1.0000    1.0000    1.0000      1023
          6     0.9947    0.8601    0.9225       436
          7     1.0000    1.0000    1.0000       735

avg / total     0.7980    0.8358    0.7774     54924


             precision    recall  f1-score   support

          0     0.8292    0.9967    0.9053     42944
          1     0.4741    0.0350    0.0652      1570
          2     0.5509    0.0605    0.1090      2596
          3     0.0000    0.0000    0.0000      1673
          4     0.9792    0.1910    0.3197      3947
          5     1.0000    1.0000    1.0000      1023
          6     0.9973    0.8532    0.9197       436
          7     1.0000    1.0000    1.0000       735

avg / total     0.7982    0.8357    0.7771     54924


             precision    recall  f1-score   support

          0     0.8293    0.9976    0.9057     42944
          1     0.4672    0.0408    0.0750      1570
          2     0.6026    0.0532    0.0977      2596
          3     0.0000    0.0000    0.0000      1673
          4     0.9895    0.1913    0.3206      3947
          5     1.0000    1.0000    1.0000      1023
          6     0.9973    0.8624    0.9250       436
          7     1.0000    1.0000    1.0000       735

avg / total     0.8013    0.8363    0.7773     54924


             precision    recall  f1-score   support

          0     0.8291    0.9967    0.9052     42944
          1     0.5224    0.0446    0.0822      1570
          2     0.5692    0.0570    0.1036      2596
          3     0.0000    0.0000    0.0000      1673
          4     0.9742    0.1910    0.3194      3947
          5     1.0000    1.0000    1.0000      1023
          6     0.9947    0.8578    0.9212       436
          7     1.0000    1.0000    1.0000       735

avg / total     0.8000    0.8358    0.7773     54924


             precision    recall  f1-score   support

          0     0.8287    0.9972    0.9051     42944
          1     0.4876    0.0376    0.0698      1570
          2     0.5766    0.0493    0.0908      2596
          3     0.0000    0.0000    0.0000      1673
          4     0.9754    0.1908    0.3191      3947
          5     1.0000    1.0000    1.0000      1023
          6     0.9973    0.8532    0.9197       436
          7     1.0000    1.0000    1.0000       735

avg / total     0.7991    0.8356    0.7762     54924


             precision    recall  f1-score   support

          0     0.8294    0.9971    0.9056     42944
          1     0.5862    0.0433    0.0807      1570
          2     0.5618    0.0612    0.1105      2596
          3     0.0000    0.0000    0.0000      1673
          4     0.9921    0.1913    0.3207      3947
          5     1.0000    1.0000    1.0000      1023
          6     0.9973    0.8578    0.9223       436
          7     1.0000    1.0000    1.0000       735

avg / total     0.8030    0.8363    0.7779     54924


             precision    recall  f1-score   support

          0     0.8295    0.9967    0.9054     42944
          1     0.4943    0.0554    0.0997      1570
          2     0.6034    0.0551    0.1010      2596
          3     0.0000    0.0000    0.0000      1673
          4     0.9755    0.1913    0.3198      3947
          5     1.0000    1.0000    1.0000      1023
          6     0.9973    0.8601    0.9236       436
          7     1.0000    1.0000    1.0000       735

avg / total     0.8012    0.8361    0.7779     54924


             precision    recall  f1-score   support

          0     0.8297    0.9960    0.9053     42944
          1     0.4694    0.0586    0.1042      1570
          2     0.5556    0.0597    0.1078      2596
          3     0.0000    0.0000    0.0000      1673
          4     0.9921    0.1913    0.3207      3947
          5     1.0000    1.0000    1.0000      1023
          6     0.9973    0.8532    0.9197       436
          7     1.0000    1.0000    1.0000       735

avg / total     0.7996    0.8358    0.7782     54924


             precision    recall  f1-score   support

          0     0.8293    0.9972    0.9055     42944
          1     0.5492    0.0427    0.0792      1570
          2     0.5821    0.0601    0.1089      2596
          3     0.0000    0.0000    0.0000      1673
          4     0.9882    0.1903    0.3191      3947
          5     1.0000    1.0000    1.0000      1023
          6     0.9973    0.8624    0.9250       436
          7     1.0000    1.0000    1.0000       735

avg / total     0.8026    0.8363    0.7777     54924

acc:0.817169973085,0.827839003776,0.829514003523,0.829890270624,0.830333296576,0.830654944228,0.830928044154,0.831182935715,0.831577408931,0.831953678813,0.832196432169,0.832402771437,0.83253628787,0.832645527459,0.8326940772,0.832609113269,0.832948969291,0.833088552485,0.833009658525,0.833149238571,0.833100688743,0.833131034788,0.833131033914,0.833737918403,0.833835020953,0.833986740775,0.834011016685,0.834053497908,0.83401708509,0.834023153958,0.834381216318,0.834180942998,0.834454041824,0.83424770209,0.834405491191,0.834350872047,0.834472246837,0.834405489585,0.834569348915,0.83466645029,0.834763554515,0.834909205136,0.834787828711,0.834860653682,0.835012377113,0.834769619364,0.834860654174,0.834988100793,0.835042720716,0.834982031742
lr:0.0166917,0.0166917,0.0166917,0.0166917,0.0166917,0.0166917,0.0166917,0.0166917,0.0166917,0.0166917,0.0166917,0.0166917,0.0166917,0.0166917,0.0166917,0.0166917,0.0166917,0.0166917,0.0166917,0.0166917,0.0166917,0.0166917,0.0166917,0.00333834,0.00333834,0.00333834,0.00333834,0.00333834,0.00333834,0.00333834,0.00333834,0.00333834,0.00333834,0.00333834,0.00333834,0.00333834,0.00333834,0.00333834,0.00333834,0.00333834,0.00333834,0.00333834,0.00333834,0.00333834,0.00333834,0.00333834,0.00333834,0.00333834,0.00333834,0.00333834
val_loss:0.528736519754,0.511961894419,0.506811493306,0.504345861661,0.503270629213,0.498014007082,0.494580113409,0.492742117925,0.490255317496,0.489898958098,0.488441350472,0.488716320027,0.48862161229,0.486551565741,0.485721974217,0.4849144439,0.486653943008,0.486072107625,0.482684748257,0.484240875622,0.483445554522,0.482782219073,0.483588234264,0.478935075166,0.479560481244,0.47849828544,0.478909995538,0.478829342217,0.478253554309,0.477240651546,0.477625260101,0.477430152384,0.477708868645,0.476548169875,0.477216315629,0.476818256492,0.476928330696,0.475834558657,0.475629946844,0.475488480611,0.47483423487,0.475751289171,0.474865746408,0.47492327777,0.474522761664,0.475099194439,0.474263957547,0.474509348672,0.473389284844,0.473903629498
val_acc:0.827106543222,0.830911801688,0.831731115753,0.831585458775,0.832350152222,0.832477601329,0.832714291673,0.833333328741,0.833497191793,0.833606436025,0.833715677261,0.834006988823,0.834134437331,0.834717059854,0.834917335654,0.834771677477,0.834443953169,0.834826299893,0.835044786559,0.835008369618,0.834443953169,0.834662438038,0.834753473799,0.835317890848,0.83517223327,0.835463544831,0.83502657689,0.834990163544,0.834935541129,0.835081198108,0.835026578688,0.835208650809,0.835081195112,0.835445338158,0.83469885378,0.835390716342,0.835518165449,0.835554579395,0.835554578196,0.835609200612,0.835773061867,0.835809479407,0.835682029101,0.836301068565,0.835791270637,0.835572786068,0.836337479515,0.836082583097,0.835809477011,0.836282858896
loss:0.578633242076,0.517563833305,0.510886549882,0.507161142541,0.504342647963,0.502263797552,0.499192833452,0.497024670273,0.49563985814,0.492536432589,0.491830115171,0.490869220926,0.490179605594,0.489058692514,0.488808965264,0.488276835089,0.487144799822,0.486778577973,0.486025289202,0.485796176463,0.484961959723,0.484400703478,0.483997696335,0.479814599188,0.478766062105,0.478056925013,0.477736008823,0.4772833307,0.476671021718,0.476513616925,0.476106437808,0.475738345777,0.475188513272,0.474910563501,0.474408668254,0.474220869726,0.473788725534,0.473507711556,0.473222191087,0.472987137881,0.472251838289,0.472242781879,0.47210838115,0.471691821587,0.47151054495,0.471096214844,0.47057011763,0.47059608667,0.470069688446,0.470105601362
