
             precision    recall  f1-score   support

          0     0.8216    1.0000    0.9021     42944
          1     0.0000    0.0000    0.0000      1570
          2     0.9796    0.0185    0.0363      2596
          3     0.0000    0.0000    0.0000      1673
          4     0.9973    0.1885    0.3171      3947
          5     0.9688    1.0000    0.9841      1023
          6     1.0000    0.2546    0.4059       436
          7     1.0000    0.9483    0.9735       735

avg / total     0.7997    0.8296    0.7644     54924


             precision    recall  f1-score   support

          0     0.8230    1.0000    0.9029     42944
          1     0.0000    0.0000    0.0000      1570
          2     0.9796    0.0185    0.0363      2596
          3     0.0000    0.0000    0.0000      1673
          4     0.9973    0.1885    0.3171      3947
          5     0.9706    1.0000    0.9851      1023
          6     1.0000    0.4472    0.6181       436
          7     1.0000    0.9578    0.9785       735

avg / total     0.8009    0.8313    0.7668     54924


             precision    recall  f1-score   support

          0     0.8239    0.9999    0.9034     42944
          1     0.5000    0.0013    0.0025      1570
          2     0.9796    0.0185    0.0363      2596
          3     0.0000    0.0000    0.0000      1673
          4     0.9973    0.1885    0.3171      3947
          5     0.9715    1.0000    0.9855      1023
          6     1.0000    0.5688    0.7251       436
          7     1.0000    0.9592    0.9792       735

avg / total     0.8159    0.8322    0.7681     54924


             precision    recall  f1-score   support

          0     0.8239    0.9996    0.9033     42944
          1     0.0000    0.0000    0.0000      1570
          2     0.7361    0.0204    0.0397      2596
          3     0.0000    0.0000    0.0000      1673
          4     0.9960    0.1885    0.3170      3947
          5     0.9942    1.0000    0.9971      1023
          6     1.0000    0.5665    0.7233       436
          7     1.0000    0.9891    0.9945       735

avg / total     0.7904    0.8325    0.7686     54924


             precision    recall  f1-score   support

          0     0.8242    0.9999    0.9036     42944
          1     0.5000    0.0013    0.0025      1570
          2     0.9796    0.0185    0.0363      2596
          3     0.0000    0.0000    0.0000      1673
          4     0.9973    0.1885    0.3171      3947
          5     0.9971    1.0000    0.9985      1023
          6     1.0000    0.6147    0.7614       436
          7     1.0000    0.9959    0.9980       735

avg / total     0.8166    0.8331    0.7691     54924


             precision    recall  f1-score   support

          0     0.8257    0.9970    0.9033     42944
          1     0.2857    0.0038    0.0075      1570
          2     0.4661    0.0424    0.0777      2596
          3     0.0000    0.0000    0.0000      1673
          4     0.9973    0.1885    0.3171      3947
          5     1.0000    1.0000    1.0000      1023
          6     0.9967    0.6995    0.8221       436
          7     1.0000    1.0000    1.0000       735

avg / total     0.7874    0.8328    0.7715     54924


             precision    recall  f1-score   support

          0     0.8255    0.9997    0.9043     42944
          1     0.5000    0.0013    0.0025      1570
          2     0.7763    0.0227    0.0442      2596
          3     0.0000    0.0000    0.0000      1673
          4     0.9973    0.1885    0.3171      3947
          5     1.0000    1.0000    1.0000      1023
          6     0.9910    0.7546    0.8568       436
          7     1.0000    1.0000    1.0000       735

avg / total     0.8080    0.8343    0.7708     54924


             precision    recall  f1-score   support

          0     0.8259    0.9993    0.9044     42944
          1     0.3793    0.0140    0.0270      1570
          2     0.9138    0.0204    0.0399      2596
          3     0.0000    0.0000    0.0000      1673
          4     0.9960    0.1885    0.3170      3947
          5     1.0000    1.0000    1.0000      1023
          6     0.9971    0.7936    0.8838       436
          7     1.0000    1.0000    1.0000       735

avg / total     0.8113    0.8345    0.7716     54924


             precision    recall  f1-score   support

          0     0.8260    0.9998    0.9046     42944
          1     0.2222    0.0013    0.0025      1570
          2     0.8125    0.0250    0.0486      2596
          3     0.0000    0.0000    0.0000      1673
          4     0.9973    0.1885    0.3171      3947
          5     1.0000    1.0000    1.0000      1023
          6     0.9971    0.8005    0.8880       436
          7     1.0000    1.0000    1.0000       735

avg / total     0.8021    0.8348    0.7715     54924


             precision    recall  f1-score   support

          0     0.8262    0.9995    0.9046     42944
          1     0.2429    0.0108    0.0207      1570
          2     0.8448    0.0189    0.0369      2596
          3     0.0000    0.0000    0.0000      1673
          4     0.9973    0.1885    0.3171      3947
          5     1.0000    1.0000    1.0000      1023
          6     0.9971    0.7798    0.8752       436
          7     1.0000    1.0000    1.0000       735

avg / total     0.8045    0.8344    0.7714     54924


             precision    recall  f1-score   support

          0     0.8257    0.9998    0.9045     42944
          1     0.4138    0.0076    0.0150      1570
          2     0.9123    0.0200    0.0392      2596
          3     0.0000    0.0000    0.0000      1673
          4     0.9973    0.1885    0.3171      3947
          5     1.0000    1.0000    1.0000      1023
          6     0.9970    0.7706    0.8693       436
          7     1.0000    1.0000    1.0000       735

avg / total     0.8122    0.8346    0.7712     54924


             precision    recall  f1-score   support

          0     0.8259    0.9997    0.9046     42944
          1     0.5000    0.0013    0.0025      1570
          2     0.7500    0.0266    0.0513      2596
          3     0.0000    0.0000    0.0000      1673
          4     0.9973    0.1885    0.3171      3947
          5     1.0000    1.0000    1.0000      1023
          6     0.9971    0.7890    0.8809       436
          7     1.0000    1.0000    1.0000       735

avg / total     0.8071    0.8348    0.7715     54924


             precision    recall  f1-score   support

          0     0.8263    0.9997    0.9048     42944
          1     0.4583    0.0070    0.0138      1570
          2     0.8158    0.0239    0.0464      2596
          3     0.0000    0.0000    0.0000      1673
          4     0.9960    0.1885    0.3170      3947
          5     1.0000    1.0000    1.0000      1023
          6     0.9973    0.8394    0.9116       436
          7     1.0000    1.0000    1.0000       735

avg / total     0.8092    0.8352    0.7720     54924


             precision    recall  f1-score   support

          0     0.8265    0.9992    0.9047     42944
          1     0.4762    0.0064    0.0126      1570
          2     0.6491    0.0285    0.0546      2596
          3     0.0000    0.0000    0.0000      1673
          4     0.9960    0.1885    0.3170      3947
          5     1.0000    1.0000    1.0000      1023
          6     0.9973    0.8349    0.9089       436
          7     1.0000    1.0000    1.0000       735

avg / total     0.8020    0.8350    0.7723     54924


             precision    recall  f1-score   support

          0     0.8264    0.9993    0.9047     42944
          1     0.4231    0.0070    0.0138      1570
          2     0.7158    0.0262    0.0505      2596
          3     0.0000    0.0000    0.0000      1673
          4     0.9907    0.1888    0.3171      3947
          5     1.0000    1.0000    1.0000      1023
          6     0.9973    0.8372    0.9102       436
          7     1.0000    1.0000    1.0000       735

avg / total     0.8032    0.8350    0.7721     54924


             precision    recall  f1-score   support

          0     0.8271    0.9986    0.9048     42944
          1     0.5000    0.0076    0.0151      1570
          2     0.5569    0.0358    0.0673      2596
          3     0.0000    0.0000    0.0000      1673
          4     0.9907    0.1888    0.3171      3947
          5     1.0000    1.0000    1.0000      1023
          6     0.9973    0.8486    0.9170       436
          7     1.0000    1.0000    1.0000       735

avg / total     0.7984    0.8350    0.7731     54924


             precision    recall  f1-score   support

          0     0.8266    0.9990    0.9047     42944
          1     0.4231    0.0070    0.0138      1570
          2     0.6210    0.0297    0.0566      2596
          3     0.0000    0.0000    0.0000      1673
          4     0.9907    0.1888    0.3171      3947
          5     1.0000    1.0000    1.0000      1023
          6     0.9973    0.8372    0.9102       436
          7     1.0000    1.0000    1.0000       735

avg / total     0.7989    0.8349    0.7724     54924


             precision    recall  f1-score   support

          0     0.8266    0.9993    0.9047     42944
          1     0.5000    0.0013    0.0025      1570
          2     0.6446    0.0300    0.0574      2596
          3     0.0000    0.0000    0.0000      1673
          4     0.9907    0.1888    0.3171      3947
          5     1.0000    1.0000    1.0000      1023
          6     0.9973    0.8509    0.9183       436
          7     1.0000    1.0000    1.0000       735

avg / total     0.8021    0.8351    0.7723     54924


             precision    recall  f1-score   support

          0     0.8267    0.9987    0.9046     42944
          1     0.4545    0.0064    0.0126      1570
          2     0.5563    0.0324    0.0612      2596
          3     0.0000    0.0000    0.0000      1673
          4     0.9933    0.1888    0.3172      3947
          5     1.0000    1.0000    1.0000      1023
          6     0.9973    0.8417    0.9129       436
          7     1.0000    1.0000    1.0000       735

avg / total     0.7970    0.8348    0.7726     54924


             precision    recall  f1-score   support

          0     0.8265    0.9991    0.9047     42944
          1     0.5000    0.0013    0.0025      1570
          2     0.6190    0.0300    0.0573      2596
          3     0.0000    0.0000    0.0000      1673
          4     0.9907    0.1888    0.3171      3947
          5     1.0000    1.0000    1.0000      1023
          6     0.9973    0.8509    0.9183       436
          7     1.0000    1.0000    1.0000       735

avg / total     0.8009    0.8350    0.7722     54924


             precision    recall  f1-score   support

          0     0.8268    0.9991    0.9048     42944
          1     0.4118    0.0089    0.0175      1570
          2     0.6696    0.0297    0.0568      2596
          3     0.0000    0.0000    0.0000      1673
          4     0.9947    0.1888    0.3173      3947
          5     1.0000    1.0000    1.0000      1023
          6     0.9973    0.8486    0.9170       436
          7     1.0000    1.0000    1.0000       735

avg / total     0.8012    0.8352    0.7727     54924


             precision    recall  f1-score   support

          0     0.8265    0.9993    0.9048     42944
          1     0.4062    0.0083    0.0162      1570
          2     0.7021    0.0254    0.0491      2596
          3     0.0000    0.0000    0.0000      1673
          4     0.9947    0.1888    0.3173      3947
          5     1.0000    1.0000    1.0000      1023
          6     0.9973    0.8463    0.9156       436
          7     1.0000    1.0000    1.0000       735

avg / total     0.8025    0.8351    0.7723     54924


             precision    recall  f1-score   support

          0     0.8269    0.9986    0.9047     42944
          1     0.5250    0.0134    0.0261      1570
          2     0.5862    0.0327    0.0620      2596
          3     0.0000    0.0000    0.0000      1673
          4     0.9881    0.1890    0.3173      3947
          5     1.0000    1.0000    1.0000      1023
          6     0.9973    0.8326    0.9075       436
          7     1.0000    1.0000    1.0000       735

avg / total     0.8002    0.8349    0.7731     54924


             precision    recall  f1-score   support

          0     0.8268    0.9991    0.9048     42944
          1     0.4412    0.0096    0.0187      1570
          2     0.6475    0.0304    0.0581      2596
          3     0.0000    0.0000    0.0000      1673
          4     0.9933    0.1888    0.3172      3947
          5     1.0000    1.0000    1.0000      1023
          6     0.9973    0.8463    0.9156       436
          7     1.0000    1.0000    1.0000       735

avg / total     0.8010    0.8352    0.7728     54924


             precision    recall  f1-score   support

          0     0.8272    0.9984    0.9048     42944
          1     0.4583    0.0070    0.0138      1570
          2     0.5426    0.0393    0.0733      2596
          3     0.0000    0.0000    0.0000      1673
          4     0.9920    0.1890    0.3175      3947
          5     1.0000    1.0000    1.0000      1023
          6     0.9973    0.8486    0.9170       436
          7     1.0000    1.0000    1.0000       735

avg / total     0.7968    0.8350    0.7734     54924


             precision    recall  f1-score   support

          0     0.8272    0.9985    0.9048     42944
          1     0.4483    0.0083    0.0163      1570
          2     0.5787    0.0397    0.0743      2596
          3     0.0000    0.0000    0.0000      1673
          4     0.9947    0.1890    0.3176      3947
          5     1.0000    1.0000    1.0000      1023
          6     0.9973    0.8509    0.9183       436
          7     1.0000    1.0000    1.0000       735

avg / total     0.7983    0.8352    0.7736     54924


             precision    recall  f1-score   support

          0     0.8269    0.9987    0.9047     42944
          1     0.4483    0.0083    0.0163      1570
          2     0.5685    0.0320    0.0605      2596
          3     0.0000    0.0000    0.0000      1673
          4     0.9933    0.1890    0.3176      3947
          5     1.0000    1.0000    1.0000      1023
          6     0.9973    0.8509    0.9183       436
          7     1.0000    1.0000    1.0000       735

avg / total     0.7975    0.8350    0.7728     54924


             precision    recall  f1-score   support

          0     0.8276    0.9984    0.9050     42944
          1     0.5714    0.0127    0.0249      1570
          2     0.5528    0.0424    0.0787      2596
          3     0.0000    0.0000    0.0000      1673
          4     0.9947    0.1888    0.3173      3947
          5     1.0000    1.0000    1.0000      1023
          6     0.9973    0.8509    0.9183       436
          7     1.0000    1.0000    1.0000       735

avg / total     0.8009    0.8354    0.7741     54924


             precision    recall  f1-score   support

          0     0.8273    0.9985    0.9049     42944
          1     0.4483    0.0083    0.0163      1570
          2     0.5676    0.0404    0.0755      2596
          3     0.0000    0.0000    0.0000      1673
          4     0.9933    0.1890    0.3176      3947
          5     1.0000    1.0000    1.0000      1023
          6     0.9973    0.8532    0.9197       436
          7     1.0000    1.0000    1.0000       735

avg / total     0.7978    0.8352    0.7737     54924


             precision    recall  f1-score   support

          0     0.8274    0.9986    0.9050     42944
          1     0.5714    0.0127    0.0249      1570
          2     0.5943    0.0401    0.0751      2596
          3     0.0000    0.0000    0.0000      1673
          4     0.9933    0.1890    0.3176      3947
          5     1.0000    1.0000    1.0000      1023
          6     0.9973    0.8578    0.9223       436
          7     1.0000    1.0000    1.0000       735

avg / total     0.8027    0.8354    0.7740     54924


             precision    recall  f1-score   support

          0     0.8277    0.9984    0.9050     42944
          1     0.5152    0.0108    0.0212      1570
          2     0.5392    0.0424    0.0786      2596
          3     0.0000    0.0000    0.0000      1673
          4     0.9933    0.1890    0.3176      3947
          5     1.0000    1.0000    1.0000      1023
          6     0.9973    0.8601    0.9236       436
          7     1.0000    1.0000    1.0000       735

avg / total     0.7986    0.8353    0.7741     54924


             precision    recall  f1-score   support

          0     0.8276    0.9985    0.9050     42944
          1     0.5946    0.0140    0.0274      1570
          2     0.5550    0.0408    0.0761      2596
          3     0.0000    0.0000    0.0000      1673
          4     0.9933    0.1890    0.3176      3947
          5     1.0000    1.0000    1.0000      1023
          6     0.9973    0.8532    0.9197       436
          7     1.0000    1.0000    1.0000       735

avg / total     0.8016    0.8354    0.7741     54924


             precision    recall  f1-score   support

          0     0.8274    0.9985    0.9050     42944
          1     0.5429    0.0121    0.0237      1570
          2     0.5676    0.0404    0.0755      2596
          3     0.0000    0.0000    0.0000      1673
          4     0.9933    0.1890    0.3176      3947
          5     1.0000    1.0000    1.0000      1023
          6     0.9973    0.8532    0.9197       436
          7     1.0000    1.0000    1.0000       735

avg / total     0.8006    0.8353    0.7740     54924


             precision    recall  f1-score   support

          0     0.8274    0.9985    0.9049     42944
          1     0.5000    0.0121    0.0236      1570
          2     0.5866    0.0404    0.0757      2596
          3     0.0000    0.0000    0.0000      1673
          4     0.9933    0.1890    0.3176      3947
          5     1.0000    1.0000    1.0000      1023
          6     0.9973    0.8532    0.9197       436
          7     1.0000    1.0000    1.0000       735

avg / total     0.8002    0.8353    0.7739     54924


             precision    recall  f1-score   support

          0     0.8276    0.9985    0.9050     42944
          1     0.6000    0.0172    0.0334      1570
          2     0.5866    0.0404    0.0757      2596
          3     0.0000    0.0000    0.0000      1673
          4     0.9933    0.1890    0.3176      3947
          5     1.0000    1.0000    1.0000      1023
          6     0.9974    0.8693    0.9289       436
          7     1.0000    1.0000    1.0000       735

avg / total     0.8033    0.8356    0.7744     54924


             precision    recall  f1-score   support

          0     0.8276    0.9984    0.9050     42944
          1     0.6154    0.0204    0.0395      1570
          2     0.5833    0.0404    0.0756      2596
          3     0.0000    0.0000    0.0000      1673
          4     0.9933    0.1890    0.3176      3947
          5     1.0000    1.0000    1.0000      1023
          6     0.9973    0.8578    0.9223       436
          7     1.0000    1.0000    1.0000       735

avg / total     0.8036    0.8356    0.7745     54924


             precision    recall  f1-score   support

          0     0.8278    0.9983    0.9051     42944
          1     0.6078    0.0197    0.0382      1570
          2     0.5550    0.0428    0.0794      2596
          3     0.0000    0.0000    0.0000      1673
          4     0.9933    0.1890    0.3176      3947
          5     1.0000    1.0000    1.0000      1023
          6     0.9974    0.8670    0.9276       436
          7     1.0000    1.0000    1.0000       735

avg / total     0.8022    0.8356    0.7747     54924


             precision    recall  f1-score   support

          0     0.8279    0.9983    0.9051     42944
          1     0.5593    0.0210    0.0405      1570
          2     0.5561    0.0420    0.0781      2596
          3     0.0000    0.0000    0.0000      1673
          4     0.9933    0.1890    0.3176      3947
          5     1.0000    1.0000    1.0000      1023
          6     0.9973    0.8624    0.9250       436
          7     1.0000    1.0000    1.0000       735

avg / total     0.8009    0.8355    0.7747     54924


             precision    recall  f1-score   support

          0     0.8277    0.9984    0.9051     42944
          1     0.5577    0.0185    0.0358      1570
          2     0.5769    0.0404    0.0756      2596
          3     0.0000    0.0000    0.0000      1673
          4     0.9933    0.1890    0.3176      3947
          5     1.0000    1.0000    1.0000      1023
          6     0.9974    0.8670    0.9276       436
          7     1.0000    1.0000    1.0000       735

avg / total     0.8017    0.8355    0.7744     54924


             precision    recall  f1-score   support

          0     0.8276    0.9984    0.9050     42944
          1     0.5600    0.0178    0.0346      1570
          2     0.5691    0.0397    0.0742      2596
          3     0.0000    0.0000    0.0000      1673
          4     0.9933    0.1890    0.3176      3947
          5     1.0000    1.0000    1.0000      1023
          6     0.9973    0.8624    0.9250       436
          7     1.0000    1.0000    1.0000       735

avg / total     0.8013    0.8355    0.7743     54924


             precision    recall  f1-score   support

          0     0.8276    0.9984    0.9050     42944
          1     0.6087    0.0178    0.0347      1570
          2     0.5699    0.0408    0.0762      2596
          3     0.0000    0.0000    0.0000      1673
          4     0.9933    0.1890    0.3176      3947
          5     1.0000    1.0000    1.0000      1023
          6     0.9973    0.8601    0.9236       436
          7     1.0000    1.0000    1.0000       735

avg / total     0.8028    0.8355    0.7744     54924


             precision    recall  f1-score   support

          0     0.8276    0.9984    0.9050     42944
          1     0.7381    0.0197    0.0385      1570
          2     0.5989    0.0431    0.0805      2596
          3     0.0000    0.0000    0.0000      1673
          4     0.9920    0.1890    0.3175      3947
          5     1.0000    1.0000    1.0000      1023
          6     0.9973    0.8624    0.9250       436
          7     1.0000    1.0000    1.0000       735

avg / total     0.8077    0.8357    0.7747     54924


             precision    recall  f1-score   support

          0     0.8278    0.9984    0.9051     42944
          1     0.6296    0.0217    0.0419      1570
          2     0.5870    0.0416    0.0777      2596
          3     0.0000    0.0000    0.0000      1673
          4     0.9920    0.1890    0.3175      3947
          5     1.0000    1.0000    1.0000      1023
          6     0.9974    0.8716    0.9302       436
          7     1.0000    1.0000    1.0000       735

avg / total     0.8042    0.8357    0.7748     54924


             precision    recall  f1-score   support

          0     0.8278    0.9983    0.9051     42944
          1     0.5833    0.0178    0.0346      1570
          2     0.5606    0.0428    0.0795      2596
          3     0.0000    0.0000    0.0000      1673
          4     0.9920    0.1890    0.3175      3947
          5     1.0000    1.0000    1.0000      1023
          6     0.9974    0.8647    0.9263       436
          7     1.0000    1.0000    1.0000       735

avg / total     0.8016    0.8356    0.7746     54924


             precision    recall  f1-score   support

          0     0.8277    0.9983    0.9050     42944
          1     0.5893    0.0210    0.0406      1570
          2     0.5912    0.0412    0.0771      2596
          3     0.0000    0.0000    0.0000      1673
          4     0.9920    0.1890    0.3175      3947
          5     1.0000    1.0000    1.0000      1023
          6     0.9974    0.8670    0.9276       436
          7     1.0000    1.0000    1.0000       735

avg / total     0.8032    0.8356    0.7746     54924


             precision    recall  f1-score   support

          0     0.8277    0.9984    0.9051     42944
          1     0.6170    0.0185    0.0359      1570
          2     0.5661    0.0412    0.0768      2596
          3     0.0000    0.0000    0.0000      1673
          4     0.9933    0.1890    0.3176      3947
          5     1.0000    1.0000    1.0000      1023
          6     0.9974    0.8670    0.9276       436
          7     1.0000    1.0000    1.0000       735

avg / total     0.8029    0.8356    0.7745     54924


             precision    recall  f1-score   support

          0     0.8278    0.9984    0.9052     42944
          1     0.5918    0.0185    0.0358      1570
          2     0.5567    0.0416    0.0774      2596
          3     0.0000    0.0000    0.0000      1673
          4     0.9933    0.1890    0.3176      3947
          5     1.0000    1.0000    1.0000      1023
          6     0.9974    0.8693    0.9289       436
          7     1.0000    1.0000    1.0000       735

avg / total     0.8018    0.8356    0.7746     54924


             precision    recall  f1-score   support

          0     0.8277    0.9984    0.9051     42944
          1     0.5581    0.0153    0.0298      1570
          2     0.5661    0.0412    0.0768      2596
          3     0.0000    0.0000    0.0000      1673
          4     0.9920    0.1890    0.3175      3947
          5     1.0000    1.0000    1.0000      1023
          6     0.9974    0.8647    0.9263       436
          7     1.0000    1.0000    1.0000       735

avg / total     0.8011    0.8355    0.7743     54924


             precision    recall  f1-score   support

          0     0.8274    0.9985    0.9050     42944
          1     0.5957    0.0178    0.0346      1570
          2     0.5749    0.0370    0.0695      2596
          3     0.0000    0.0000    0.0000      1673
          4     0.9933    0.1890    0.3176      3947
          5     1.0000    1.0000    1.0000      1023
          6     0.9973    0.8624    0.9250       436
          7     1.0000    1.0000    1.0000       735

avg / total     0.8025    0.8354    0.7740     54924


             precision    recall  f1-score   support

          0     0.8277    0.9985    0.9051     42944
          1     0.5556    0.0159    0.0310      1570
          2     0.5745    0.0416    0.0776      2596
          3     0.0000    0.0000    0.0000      1673
          4     0.9933    0.1890    0.3176      3947
          5     1.0000    1.0000    1.0000      1023
          6     0.9974    0.8670    0.9276       436
          7     1.0000    1.0000    1.0000       735

avg / total     0.8015    0.8356    0.7744     54924

lr:0.020076,0.020076,0.020076,0.020076,0.020076,0.020076,0.020076,0.020076,0.020076,0.020076,0.020076,0.020076,0.0040152,0.0040152,0.0040152,0.0040152,0.0040152,0.0040152,0.0040152,0.0040152,0.0040152,0.0040152,0.0040152,0.0040152,0.0040152,0.001,0.001,0.001,0.001,0.001,0.001,0.001,0.001,0.001,0.001,0.001,0.001,0.001,0.001,0.001,0.001,0.001,0.001,0.001,0.001,0.001,0.001,0.001,0.001,0.001
val_loss:0.515280753973,0.506918575296,0.500912872391,0.496557069334,0.498679045756,0.4914149636,0.489705032589,0.487869297739,0.489385385759,0.49039225767,0.490922923813,0.488509275506,0.483658469802,0.483475698299,0.483317111755,0.483257243831,0.482796717379,0.482582951161,0.482116566681,0.481765375964,0.481569893246,0.481563625773,0.483161464708,0.48193591878,0.48170038908,0.480763943201,0.480575079445,0.480418004732,0.480140848525,0.480092748176,0.480072064316,0.479872531627,0.479633635013,0.479869275986,0.480059215322,0.479430204959,0.479342528923,0.479461341198,0.479388718779,0.479641943721,0.479367709489,0.479070645331,0.479198421515,0.479445948223,0.479169378029,0.479081158812,0.478673475621,0.478827286156,0.478787248608,0.478792570943
acc:0.82104795336,0.828894968793,0.829550404094,0.830151219303,0.830339354351,0.830994789053,0.831364988809,0.832056836872,0.832329934926,0.832433105171,0.83234814186,0.83263944635,0.833009645705,0.83302178369,0.833209918439,0.833282743164,0.833246330803,0.83328274436,0.833507290371,0.833343432,0.833319157324,0.833349500643,0.833398052487,0.833410189278,0.833349501043,0.833604391571,0.833816802494,0.833458739927,0.833586186435,0.833555841923,0.833567978412,0.833677218094,0.83389569716,0.833628668043,0.833756113759,0.833634736586,0.833956385596,0.833889627914,0.833731839283,0.833737907927,0.833907834648,0.833750044315,0.833768250148,0.833883558371,0.833877490829,0.833853216054,0.834083830711,0.833841077268,0.83395031645,0.833816802594
val_acc:0.829600887981,0.831257722486,0.832240899304,0.832459382975,0.833096627015,0.832787108182,0.834316494177,0.834534978148,0.834826289709,0.834425736013,0.834553184821,0.834771668492,0.835154015215,0.834990152762,0.834971945789,0.835026567006,0.834899117899,0.835081187325,0.834808083335,0.834990152462,0.835154014916,0.835081187325,0.834935531544,0.835154014916,0.835026567006,0.835172222487,0.834971945489,0.835354292213,0.835208636432,0.835445327076,0.83533608524,0.835408913131,0.83533608524,0.835317878268,0.835590982856,0.835554569211,0.835590983156,0.835536362238,0.835536362238,0.835481741321,0.835518155266,0.835700224991,0.835718431964,0.835554569211,0.835609190129,0.835609190129,0.835627397101,0.835481741321,0.835427120103,0.835572776183
loss:0.557203836133,0.513167800928,0.507796364035,0.504143256733,0.501980895218,0.499130339639,0.496499390555,0.49381081851,0.492798483723,0.492557099295,0.492473126118,0.490961490348,0.487072346542,0.486226319432,0.485553518986,0.485430855751,0.485254094985,0.484921574572,0.484639956004,0.484421204867,0.484149594118,0.483658316084,0.483568244946,0.483742729757,0.483473148295,0.482074127095,0.481537431136,0.481302404969,0.481316946897,0.480995058102,0.480967803255,0.480794529724,0.480616228743,0.480497132033,0.480428504122,0.480561539694,0.480161210524,0.480179507938,0.480052213966,0.479873048581,0.479709115216,0.479899577293,0.479954404829,0.479849779965,0.479611557497,0.479349068806,0.479148370586,0.479278798893,0.479411338519,0.479380386899
