
             precision    recall  f1-score   support

          0     0.8205    0.9998    0.9013     42944
          1     0.0000    0.0000    0.0000      1570
          2     0.9796    0.0185    0.0363      2596
          3     0.0000    0.0000    0.0000      1673
          4     0.9894    0.1888    0.3170      3947
          5     0.9660    1.0000    0.9827      1023
          6     1.0000    0.0826    0.1525       436
          7     1.0000    0.9442    0.9713       735

avg / total     0.7982    0.8281    0.7617     54924


             precision    recall  f1-score   support

          0     0.8229    0.9996    0.9027     42944
          1     0.0000    0.0000    0.0000      1570
          2     0.7260    0.0204    0.0397      2596
          3     0.0000    0.0000    0.0000      1673
          4     0.9973    0.1885    0.3171      3947
          5     0.9669    1.0000    0.9832      1023
          6     1.0000    0.4243    0.5958       436
          7     1.0000    0.9497    0.9742       735

avg / total     0.7888    0.8308    0.7666     54924


             precision    recall  f1-score   support

          0     0.8235    0.9998    0.9031     42944
          1     0.2222    0.0013    0.0025      1570
          2     0.9796    0.0185    0.0363      2596
          3     0.0000    0.0000    0.0000      1673
          4     0.9973    0.1885    0.3171      3947
          5     0.9752    1.0000    0.9875      1023
          6     1.0000    0.5115    0.6768       436
          7     1.0000    0.9646    0.9820       735

avg / total     0.8077    0.8318    0.7676     54924


             precision    recall  f1-score   support

          0     0.8243    1.0000    0.9037     42944
          1     0.0000    0.0000    0.0000      1570
          2     0.9796    0.0185    0.0363      2596
          3     0.0000    0.0000    0.0000      1673
          4     0.9973    0.1885    0.3171      3947
          5     0.9789    1.0000    0.9894      1023
          6     0.9964    0.6284    0.7707       436
          7     1.0000    0.9701    0.9848       735

avg / total     0.8020    0.8329    0.7688     54924


             precision    recall  f1-score   support

          0     0.8246    0.9994    0.9037     42944
          1     0.0000    0.0000    0.0000      1570
          2     0.7361    0.0204    0.0397      2596
          3     0.0000    0.0000    0.0000      1673
          4     0.9973    0.1885    0.3171      3947
          5     0.9752    1.0000    0.9875      1023
          6     0.9965    0.6537    0.7895       436
          7     1.0000    0.9646    0.9820       735

avg / total     0.7907    0.8327    0.7690     54924


             precision    recall  f1-score   support

          0     0.8240    0.9999    0.9034     42944
          1     0.5000    0.0013    0.0025      1570
          2     0.9796    0.0185    0.0363      2596
          3     0.0000    0.0000    0.0000      1673
          4     0.9960    0.1885    0.3170      3947
          5     0.9951    1.0000    0.9976      1023
          6     1.0000    0.5826    0.7362       436
          7     1.0000    0.9932    0.9966       735

avg / total     0.8163    0.8328    0.7687     54924


             precision    recall  f1-score   support

          0     0.8240    0.9998    0.9034     42944
          1     0.5000    0.0013    0.0025      1570
          2     0.9091    0.0193    0.0377      2596
          3     0.0000    0.0000    0.0000      1673
          4     0.9973    0.1885    0.3171      3947
          5     0.9875    1.0000    0.9937      1023
          6     0.9960    0.5734    0.7278       436
          7     1.0000    0.9823    0.9911       735

avg / total     0.8129    0.8326    0.7686     54924


             precision    recall  f1-score   support

          0     0.8245    0.9999    0.9038     42944
          1     0.5000    0.0013    0.0025      1570
          2     0.9600    0.0185    0.0363      2596
          3     0.0000    0.0000    0.0000      1673
          4     0.9973    0.1885    0.3171      3947
          5     1.0000    0.9990    0.9995      1023
          6     0.9965    0.6560    0.7911       436
          7     0.9986    1.0000    0.9993       735

avg / total     0.8159    0.8334    0.7695     54924


             precision    recall  f1-score   support

          0     0.8247    0.9997    0.9038     42944
          1     0.0000    0.0000    0.0000      1570
          2     0.7671    0.0216    0.0420      2596
          3     0.0000    0.0000    0.0000      1673
          4     0.9973    0.1885    0.3171      3947
          5     1.0000    1.0000    1.0000      1023
          6     0.9966    0.6720    0.8027       436
          7     1.0000    1.0000    1.0000       735

avg / total     0.7927    0.8335    0.7698     54924


             precision    recall  f1-score   support

          0     0.8246    0.9997    0.9038     42944
          1     0.0000    0.0000    0.0000      1570
          2     0.7632    0.0223    0.0434      2596
          3     0.0000    0.0000    0.0000      1673
          4     0.9973    0.1885    0.3171      3947
          5     0.9951    1.0000    0.9976      1023
          6     0.9965    0.6468    0.7844       436
          7     1.0000    0.9932    0.9966       735

avg / total     0.7923    0.8333    0.7696     54924


             precision    recall  f1-score   support

          0     0.8247    0.9999    0.9039     42944
          1     0.3750    0.0019    0.0038      1570
          2     0.9600    0.0185    0.0363      2596
          3     0.0000    0.0000    0.0000      1673
          4     0.9973    0.1885    0.3171      3947
          5     0.9865    0.9990    0.9927      1023
          6     1.0000    0.6766    0.8071       436
          7     0.9986    0.9810    0.9897       735

avg / total     0.8122    0.8334    0.7695     54924


             precision    recall  f1-score   support

          0     0.8254    0.9998    0.9042     42944
          1     0.4800    0.0076    0.0150      1570
          2     0.9608    0.0189    0.0370      2596
          3     0.0000    0.0000    0.0000      1673
          4     0.9973    0.1885    0.3171      3947
          5     0.9855    1.0000    0.9927      1023
          6     1.0000    0.7408    0.8511       436
          7     1.0000    0.9796    0.9897       735

avg / total     0.8158    0.8340    0.7705     54924


             precision    recall  f1-score   support

          0     0.8250    0.9999    0.9041     42944
          1     0.4706    0.0051    0.0101      1570
          2     0.9245    0.0189    0.0370      2596
          3     0.0000    0.0000    0.0000      1673
          4     0.9973    0.1885    0.3171      3947
          5     1.0000    1.0000    1.0000      1023
          6     1.0000    0.6927    0.8184       436
          7     1.0000    1.0000    1.0000       735

avg / total     0.8138    0.8339    0.7702     54924


             precision    recall  f1-score   support

          0     0.8251    0.9999    0.9041     42944
          1     0.2500    0.0013    0.0025      1570
          2     0.9796    0.0185    0.0363      2596
          3     0.0000    0.0000    0.0000      1673
          4     0.9973    0.1885    0.3171      3947
          5     1.0000    1.0000    1.0000      1023
          6     1.0000    0.7362    0.8481       436
          7     1.0000    1.0000    1.0000       735

avg / total     0.8102    0.8341    0.7702     54924


             precision    recall  f1-score   support

          0     0.8255    0.9997    0.9043     42944
          1     0.5000    0.0013    0.0025      1570
          2     0.7500    0.0220    0.0427      2596
          3     0.0000    0.0000    0.0000      1673
          4     0.9973    0.1885    0.3171      3947
          5     1.0000    1.0000    1.0000      1023
          6     1.0000    0.7592    0.8631       436
          7     1.0000    1.0000    1.0000       735

avg / total     0.8068    0.8343    0.7708     54924


             precision    recall  f1-score   support

          0     0.8259    0.9997    0.9045     42944
          1     0.6364    0.0045    0.0089      1570
          2     0.7821    0.0235    0.0456      2596
          3     0.0000    0.0000    0.0000      1673
          4     0.9973    0.1885    0.3171      3947
          5     1.0000    1.0000    1.0000      1023
          6     0.9972    0.8096    0.8937       436
          7     1.0000    1.0000    1.0000       735

avg / total     0.8125    0.8348    0.7715     54924


             precision    recall  f1-score   support

          0     0.8260    0.9989    0.9042     42944
          1     0.4762    0.0064    0.0126      1570
          2     0.6098    0.0289    0.0552      2596
          3     0.0000    0.0000    0.0000      1673
          4     0.9933    0.1890    0.3176      3947
          5     0.9990    1.0000    0.9995      1023
          6     1.0000    0.7729    0.8719       436
          7     1.0000    0.9986    0.9993       735

avg / total     0.7996    0.8343    0.7717     54924


             precision    recall  f1-score   support

          0     0.8260    0.9995    0.9045     42944
          1     0.3111    0.0089    0.0173      1570
          2     0.8750    0.0189    0.0370      2596
          3     0.0000    0.0000    0.0000      1673
          4     0.9960    0.1885    0.3170      3947
          5     1.0000    1.0000    1.0000      1023
          6     0.9944    0.8119    0.8939       436
          7     1.0000    1.0000    1.0000       735

avg / total     0.8076    0.8346    0.7714     54924


             precision    recall  f1-score   support

          0     0.8261    0.9998    0.9047     42944
          1     0.5000    0.0013    0.0025      1570
          2     0.8171    0.0258    0.0500      2596
          3     0.0000    0.0000    0.0000      1673
          4     0.9973    0.1885    0.3171      3947
          5     1.0000    1.0000    1.0000      1023
          6     0.9972    0.8280    0.9048       436
          7     1.0000    1.0000    1.0000       735

avg / total     0.8104    0.8351    0.7718     54924


             precision    recall  f1-score   support

          0     0.8258    0.9996    0.9044     42944
          1     0.4062    0.0083    0.0162      1570
          2     0.9423    0.0189    0.0370      2596
          3     0.0000    0.0000    0.0000      1673
          4     0.9907    0.1888    0.3171      3947
          5     1.0000    1.0000    1.0000      1023
          6     0.9972    0.8050    0.8909       436
          7     1.0000    1.0000    1.0000       735

avg / total     0.8130    0.8346    0.7712     54924


             precision    recall  f1-score   support

          0     0.8271    0.9989    0.9049     42944
          1     0.5000    0.0108    0.0212      1570
          2     0.5629    0.0327    0.0619      2596
          3     0.0000    0.0000    0.0000      1673
          4     0.9973    0.1885    0.3171      3947
          5     1.0000    1.0000    1.0000      1023
          6     0.9973    0.8463    0.9156       436
          7     1.0000    1.0000    1.0000       735

avg / total     0.7992    0.8352    0.7731     54924


             precision    recall  f1-score   support

          0     0.8276    0.9979    0.9048     42944
          1     0.4000    0.0089    0.0174      1570
          2     0.4957    0.0443    0.0813      2596
          3     0.0000    0.0000    0.0000      1673
          4     0.9960    0.1885    0.3170      3947
          5     1.0000    1.0000    1.0000      1023
          6     0.9973    0.8463    0.9156       436
          7     1.0000    1.0000    1.0000       735

avg / total     0.7934    0.8349    0.7738     54924


             precision    recall  f1-score   support

          0     0.8268    0.9990    0.9047     42944
          1     0.4138    0.0076    0.0150      1570
          2     0.5926    0.0308    0.0586      2596
          3     0.0000    0.0000    0.0000      1673
          4     0.9973    0.1885    0.3171      3947
          5     1.0000    1.0000    1.0000      1023
          6     0.9973    0.8417    0.9129       436
          7     1.0000    1.0000    1.0000       735

avg / total     0.7979    0.8350    0.7726     54924


             precision    recall  f1-score   support

          0     0.8266    0.9992    0.9048     42944
          1     0.3333    0.0025    0.0051      1570
          2     0.6400    0.0308    0.0588      2596
          3     0.0000    0.0000    0.0000      1673
          4     0.9960    0.1885    0.3170      3947
          5     1.0000    1.0000    1.0000      1023
          6     0.9973    0.8463    0.9156       436
          7     1.0000    1.0000    1.0000       735

avg / total     0.7976    0.8351    0.7724     54924


             precision    recall  f1-score   support

          0     0.8267    0.9991    0.9048     42944
          1     0.4762    0.0064    0.0126      1570
          2     0.6220    0.0304    0.0580      2596
          3     0.0000    0.0000    0.0000      1673
          4     0.9960    0.1885    0.3170      3947
          5     1.0000    1.0000    1.0000      1023
          6     0.9973    0.8532    0.9197       436
          7     1.0000    1.0000    1.0000       735

avg / total     0.8009    0.8351    0.7726     54924


             precision    recall  f1-score   support

          0     0.8271    0.9983    0.9047     42944
          1     0.6000    0.0019    0.0038      1570
          2     0.5868    0.0378    0.0709      2596
          3     0.0000    0.0000    0.0000      1673
          4     0.9973    0.1885    0.3171      3947
          5     1.0000    1.0000    1.0000      1023
          6     0.8993    0.8601    0.8792       436
          7     1.0000    1.0000    1.0000       735

avg / total     0.8024    0.8348    0.7726     54924


             precision    recall  f1-score   support

          0     0.8265    0.9996    0.9048     42944
          1     0.4783    0.0070    0.0138      1570
          2     0.7647    0.0250    0.0485      2596
          3     0.0000    0.0000    0.0000      1673
          4     0.9973    0.1885    0.3171      3947
          5     1.0000    1.0000    1.0000      1023
          6     0.9973    0.8509    0.9183       436
          7     1.0000    1.0000    1.0000       735

avg / total     0.8076    0.8352    0.7722     54924


             precision    recall  f1-score   support

          0     0.8271    0.9990    0.9050     42944
          1     0.5000    0.0083    0.0163      1570
          2     0.5817    0.0343    0.0648      2596
          3     0.0000    0.0000    0.0000      1673
          4     0.9973    0.1885    0.3171      3947
          5     1.0000    1.0000    1.0000      1023
          6     0.9973    0.8509    0.9183       436
          7     1.0000    1.0000    1.0000       735

avg / total     0.8001    0.8353    0.7732     54924


             precision    recall  f1-score   support

          0     0.8268    0.9990    0.9048     42944
          1     0.5000    0.0070    0.0138      1570
          2     0.6194    0.0320    0.0608      2596
          3     0.0000    0.0000    0.0000      1673
          4     0.9960    0.1885    0.3170      3947
          5     1.0000    1.0000    1.0000      1023
          6     0.9973    0.8624    0.9250       436
          7     1.0000    1.0000    1.0000       735

avg / total     0.8016    0.8352    0.7728     54924


             precision    recall  f1-score   support

          0     0.8269    0.9990    0.9049     42944
          1     0.2500    0.0013    0.0025      1570
          2     0.5786    0.0354    0.0668      2596
          3     0.0000    0.0000    0.0000      1673
          4     0.9960    0.1885    0.3170      3947
          5     1.0000    1.0000    1.0000      1023
          6     0.9973    0.8509    0.9183       436
          7     1.0000    1.0000    1.0000       735

avg / total     0.7926    0.8351    0.7728     54924


             precision    recall  f1-score   support

          0     0.8271    0.9986    0.9048     42944
          1     0.6429    0.0172    0.0335      1570
          2     0.6266    0.0381    0.0719      2596
          3     0.0000    0.0000    0.0000      1673
          4     0.9960    0.1885    0.3170      3947
          5     1.0000    1.0000    1.0000      1023
          6     0.9973    0.8509    0.9183       436
          7     1.0000    1.0000    1.0000       735

avg / total     0.8062    0.8354    0.7739     54924


             precision    recall  f1-score   support

          0     0.8272    0.9990    0.9051     42944
          1     0.3684    0.0045    0.0088      1570
          2     0.5671    0.0358    0.0674      2596
          3     0.0000    0.0000    0.0000      1673
          4     0.9973    0.1885    0.3171      3947
          5     1.0000    1.0000    1.0000      1023
          6     0.9973    0.8555    0.9210       436
          7     1.0000    1.0000    1.0000       735

avg / total     0.7957    0.8353    0.7732     54924


             precision    recall  f1-score   support

          0     0.8273    0.9987    0.9049     42944
          1     0.5185    0.0089    0.0175      1570
          2     0.5506    0.0378    0.0707      2596
          3     0.0000    0.0000    0.0000      1673
          4     0.9960    0.1885    0.3170      3947
          5     0.9961    1.0000    0.9980      1023
          6     0.9973    0.8463    0.9156       436
          7     1.0000    0.9946    0.9973       735

avg / total     0.7991    0.8351    0.7734     54924


             precision    recall  f1-score   support

          0     0.8274    0.9989    0.9051     42944
          1     0.6250    0.0127    0.0250      1570
          2     0.6331    0.0412    0.0774      2596
          3     0.0000    0.0000    0.0000      1673
          4     0.9960    0.1885    0.3170      3947
          5     1.0000    1.0000    1.0000      1023
          6     0.9973    0.8624    0.9250       436
          7     1.0000    1.0000    1.0000       735

avg / total     0.8062    0.8357    0.7742     54924


             precision    recall  f1-score   support

          0     0.8265    0.9998    0.9049     42944
          1     0.5000    0.0146    0.0285      1570
          2     0.9434    0.0193    0.0378      2596
          3     0.0000    0.0000    0.0000      1673
          4     0.9973    0.1885    0.3171      3947
          5     1.0000    1.0000    1.0000      1023
          6     0.9973    0.8509    0.9183       436
          7     1.0000    1.0000    1.0000       735

avg / total     0.8167    0.8354    0.7722     54924


             precision    recall  f1-score   support

          0     0.8278    0.9978    0.9048     42944
          1     0.6000    0.0134    0.0262      1570
          2     0.4980    0.0474    0.0865      2596
          3     0.0000    0.0000    0.0000      1673
          4     0.9960    0.1885    0.3170      3947
          5     0.9980    1.0000    0.9990      1023
          6     0.9973    0.8532    0.9197       436
          7     1.0000    0.9973    0.9986       735

avg / total     0.7994    0.8350    0.7744     54924


             precision    recall  f1-score   support

          0     0.8275    0.9986    0.9050     42944
          1     0.6552    0.0121    0.0238      1570
          2     0.5521    0.0408    0.0760      2596
          3     0.0000    0.0000    0.0000      1673
          4     0.9960    0.1885    0.3170      3947
          5     1.0000    1.0000    1.0000      1023
          6     0.9973    0.8532    0.9197       436
          7     1.0000    1.0000    1.0000       735

avg / total     0.8033    0.8354    0.7740     54924


             precision    recall  f1-score   support

          0     0.8273    0.9989    0.9050     42944
          1     0.5088    0.0185    0.0356      1570
          2     0.5857    0.0316    0.0599      2596
          3     0.0000    0.0000    0.0000      1673
          4     0.9960    0.1885    0.3170      3947
          5     1.0000    1.0000    1.0000      1023
          6     0.9973    0.8532    0.9197       436
          7     1.0000    1.0000    1.0000       735

avg / total     0.8006    0.8353    0.7736     54924


             precision    recall  f1-score   support

          0     0.8277    0.9981    0.9049     42944
          1     0.5246    0.0204    0.0392      1570
          2     0.5202    0.0397    0.0737      2596
          3     0.0000    0.0000    0.0000      1673
          4     0.9960    0.1885    0.3170      3947
          5     1.0000    1.0000    1.0000      1023
          6     0.9973    0.8555    0.9210       436
          7     1.0000    1.0000    1.0000       735

avg / total     0.7982    0.8352    0.7743     54924


             precision    recall  f1-score   support

          0     0.8275    0.9985    0.9050     42944
          1     0.7778    0.0045    0.0089      1570
          2     0.5650    0.0485    0.0894      2596
          3     0.0000    0.0000    0.0000      1673
          4     0.9973    0.1885    0.3171      3947
          5     1.0000    1.0000    1.0000      1023
          6     0.9973    0.8509    0.9183       436
          7     1.0000    1.0000    1.0000       735

avg / total     0.8076    0.8354    0.7742     54924


             precision    recall  f1-score   support

          0     0.8273    0.9986    0.9049     42944
          1     0.5106    0.0153    0.0297      1570
          2     0.5723    0.0366    0.0688      2596
          3     0.0000    0.0000    0.0000      1673
          4     0.9960    0.1885    0.3170      3947
          5     1.0000    1.0000    1.0000      1023
          6     0.9973    0.8532    0.9197       436
          7     1.0000    1.0000    1.0000       735

avg / total     0.8000    0.8353    0.7737     54924


             precision    recall  f1-score   support

          0     0.8278    0.9986    0.9052     42944
          1     0.5682    0.0159    0.0310      1570
          2     0.5464    0.0408    0.0760      2596
          3     0.0000    0.0000    0.0000      1673
          4     0.9973    0.1885    0.3171      3947
          5     1.0000    1.0000    1.0000      1023
          6     0.9973    0.8578    0.9223       436
          7     1.0000    1.0000    1.0000       735

avg / total     0.8009    0.8355    0.7743     54924


             precision    recall  f1-score   support

          0     0.8274    0.9986    0.9050     42944
          1     0.5000    0.0115    0.0224      1570
          2     0.5833    0.0404    0.0756      2596
          3     0.0000    0.0000    0.0000      1673
          4     0.9960    0.1885    0.3170      3947
          5     1.0000    1.0000    1.0000      1023
          6     0.9973    0.8555    0.9210       436
          7     1.0000    1.0000    1.0000       735

avg / total     0.8003    0.8354    0.7739     54924


             precision    recall  f1-score   support

          0     0.8282    0.9982    0.9053     42944
          1     0.5000    0.0210    0.0403      1570
          2     0.5701    0.0470    0.0868      2596
          3     0.0000    0.0000    0.0000      1673
          4     0.9960    0.1885    0.3170      3947
          5     1.0000    1.0000    1.0000      1023
          6     0.9973    0.8624    0.9250       436
          7     1.0000    1.0000    1.0000       735

avg / total     0.8003    0.8357    0.7752     54924


             precision    recall  f1-score   support

          0     0.8278    0.9987    0.9052     42944
          1     0.5455    0.0229    0.0440      1570
          2     0.5843    0.0374    0.0702      2596
          3     0.0000    0.0000    0.0000      1673
          4     0.9960    0.1885    0.3170      3947
          5     1.0000    1.0000    1.0000      1023
          6     0.9973    0.8601    0.9236       436
          7     1.0000    1.0000    1.0000       735

avg / total     0.8019    0.8357    0.7745     54924


             precision    recall  f1-score   support

          0     0.8280    0.9985    0.9053     42944
          1     0.6571    0.0146    0.0287      1570
          2     0.5354    0.0466    0.0858      2596
          3     0.0000    0.0000    0.0000      1673
          4     0.9973    0.1885    0.3171      3947
          5     1.0000    1.0000    1.0000      1023
          6     0.9973    0.8509    0.9183       436
          7     1.0000    1.0000    1.0000       735

avg / total     0.8031    0.8356    0.7748     54924


             precision    recall  f1-score   support

          0     0.8284    0.9981    0.9054     42944
          1     0.5254    0.0197    0.0381      1570
          2     0.5439    0.0501    0.0917      2596
          3     0.0000    0.0000    0.0000      1673
          4     0.9960    0.1885    0.3170      3947
          5     1.0000    1.0000    1.0000      1023
          6     0.9973    0.8624    0.9250       436
          7     1.0000    1.0000    1.0000       735

avg / total     0.7999    0.8357    0.7754     54924


             precision    recall  f1-score   support

          0     0.8278    0.9985    0.9052     42944
          1     0.5400    0.0172    0.0333      1570
          2     0.5838    0.0443    0.0823      2596
          3     0.0000    0.0000    0.0000      1673
          4     0.9960    0.1882    0.3166      3947
          5     1.0000    1.0000    1.0000      1023
          6     0.9973    0.8601    0.9236       436
          7     1.0000    1.0000    1.0000       735

avg / total     0.8018    0.8356    0.7747     54924


             precision    recall  f1-score   support

          0     0.8280    0.9986    0.9053     42944
          1     0.6579    0.0159    0.0311      1570
          2     0.5576    0.0466    0.0860      2596
          3     0.0000    0.0000    0.0000      1673
          4     0.9960    0.1882    0.3166      3947
          5     1.0000    1.0000    1.0000      1023
          6     0.9973    0.8532    0.9197       436
          7     1.0000    1.0000    1.0000       735

avg / total     0.8040    0.8357    0.7749     54924


             precision    recall  f1-score   support

          0     0.8280    0.9986    0.9053     42944
          1     0.5714    0.0076    0.0151      1570
          2     0.5495    0.0470    0.0866      2596
          3     0.0000    0.0000    0.0000      1673
          4     0.9960    0.1885    0.3170      3947
          5     1.0000    1.0000    1.0000      1023
          6     0.9974    0.8670    0.9276       436
          7     1.0000    1.0000    1.0000       735

avg / total     0.8012    0.8357    0.7745     54924

lr:0.0457904,0.0457904,0.0457904,0.0457904,0.0457904,0.0457904,0.0457904,0.0457904,0.0457904,0.0457904,0.0457904,0.0457904,0.0457904,0.0457904,0.0457904,0.0457904,0.0457904,0.0457904,0.0457904,0.0457904,0.00915809,0.00915809,0.00915809,0.00915809,0.00915809,0.00915809,0.00915809,0.00915809,0.00915809,0.00915809,0.00915809,0.00915809,0.00915809,0.00915809,0.00915809,0.00915809,0.00915809,0.00915809,0.00915809,0.00915809,0.00915809,0.00915809,0.00915809,0.00915809,0.00915809,0.00915809,0.00915809,0.00915809,0.00915809,0.00915809
val_loss:0.518075127437,0.509761249239,0.502841570148,0.501477693736,0.497331070545,0.49676004124,0.497949523519,0.494920825411,0.495904006151,0.493827858124,0.495892599456,0.495323507211,0.491371292647,0.490864641928,0.489238770498,0.486900512163,0.489563890748,0.487935186806,0.489312015842,0.488116694579,0.484341658201,0.484159011572,0.483453237646,0.484182565063,0.484112689115,0.484655553415,0.482875396717,0.483060940142,0.483428927744,0.482397366209,0.482844018987,0.48356043299,0.482367902582,0.48219271268,0.48175250031,0.482501419851,0.481601527238,0.481309704402,0.481256906828,0.481065421537,0.481626280037,0.480408572841,0.48084079026,0.480325532545,0.480161239078,0.479997595077,0.479628285061,0.480438315485,0.479478115582,0.479099663497
acc:0.818280574364,0.828536917378,0.82981137467,0.830108749292,0.830612463327,0.8306124626,0.830964456891,0.831000870389,0.831237553948,0.831134384388,0.831504583023,0.831419620716,0.831553133282,0.831880852095,0.832032574727,0.832311741167,0.832311741084,0.832402772766,0.832384564714,0.832603043958,0.832991449522,0.83322813506,0.833191723495,0.833197792028,0.833240273147,0.833355579381,0.833337374759,0.833246342753,0.833458751711,0.83342233816,0.833197791527,0.833507302334,0.833410200274,0.833440544134,0.833537646762,0.833319168186,0.833458748927,0.833537646707,0.83341626944,0.833543714383,0.833555852096,0.833689369354,0.83364081818,0.83363474689,0.833695438543,0.833677231195,0.833640814701,0.833634748224,0.83392605168,0.833792537959
val_acc:0.828107928168,0.830802556727,0.831767530523,0.832859948105,0.832677877607,0.832787119442,0.832568637316,0.833442572,0.833533605704,0.833315120488,0.833351536751,0.834006987763,0.833879538569,0.834116229599,0.834334712497,0.834826302688,0.83426188847,0.834644229872,0.835081197986,0.834644229872,0.83517223169,0.834862715861,0.834971954605,0.835081200304,0.835135817745,0.834771679839,0.835245063444,0.835263267712,0.835208647953,0.835135820063,0.835408921947,0.835299679339,0.835099402254,0.835700235054,0.835354302961,0.835044785586,0.835390717679,0.83533609792,0.835190439049,0.835445337438,0.835263269257,0.835536374232,0.835390716134,0.835718443185,0.835663821108,0.835645615295,0.835736648999,0.835645616068,0.835718444731,0.835700235826
loss:0.569221183734,0.515818702933,0.508285230788,0.506250895447,0.502977353633,0.502326565039,0.500379475351,0.499409282764,0.498458462298,0.497237862146,0.496284272262,0.497006447473,0.49547552883,0.494168487943,0.493287007132,0.491870442133,0.492057096526,0.492161083956,0.491768576691,0.492037706516,0.487841387704,0.486292359794,0.486168810588,0.485884658891,0.485353235332,0.485548824173,0.485458857712,0.484506528514,0.484669543685,0.484728960225,0.48469106287,0.484145861919,0.483773498861,0.48419733258,0.48354456159,0.483360556183,0.483345519511,0.482765243221,0.482694683111,0.482342367496,0.482248282117,0.482440501019,0.482349172257,0.481701682258,0.481570104402,0.481416559437,0.480967423156,0.480931344432,0.48105372391,0.480858565361
