
             precision    recall  f1-score   support

          0     0.8229    1.0000    0.9028     42944
          1     0.0000    0.0000    0.0000      1570
          2     0.9796    0.0185    0.0363      2596
          3     0.0000    0.0000    0.0000      1673
          4     0.9973    0.1885    0.3171      3947
          5     0.9688    1.0000    0.9841      1023
          6     1.0000    0.4404    0.6115       436
          7     1.0000    0.9469    0.9727       735

avg / total     0.8007    0.8311    0.7666     54924


             precision    recall  f1-score   support

          0     0.8235    1.0000    0.9032     42944
          1     0.0000    0.0000    0.0000      1570
          2     0.9796    0.0185    0.0363      2596
          3     0.0000    0.0000    0.0000      1673
          4     0.9973    0.1885    0.3171      3947
          5     0.9706    1.0000    0.9851      1023
          6     1.0000    0.5206    0.6848       436
          7     1.0000    0.9578    0.9785       735

avg / total     0.8013    0.8318    0.7676     54924


             precision    recall  f1-score   support

          0     0.8246    0.9990    0.9034     42944
          1     0.5000    0.0013    0.0025      1570
          2     0.5760    0.0277    0.0529      2596
          3     0.0000    0.0000    0.0000      1673
          4     0.9973    0.1885    0.3171      3947
          5     0.9706    1.0000    0.9851      1023
          6     0.9961    0.5917    0.7424       436
          7     1.0000    0.9578    0.9785       735

avg / total     0.7973    0.8322    0.7691     54924


             precision    recall  f1-score   support

          0     0.8244    0.9998    0.9037     42944
          1     0.2222    0.0013    0.0025      1570
          2     0.9796    0.0185    0.0363      2596
          3     0.0000    0.0000    0.0000      1673
          4     0.9973    0.1885    0.3171      3947
          5     0.9771    1.0000    0.9884      1023
          6     0.9965    0.6468    0.7844       436
          7     1.0000    0.9673    0.9834       735

avg / total     0.8084    0.8329    0.7689     54924


             precision    recall  f1-score   support

          0     0.8241    0.9996    0.9034     42944
          1     0.0000    0.0000    0.0000      1570
          2     0.7089    0.0216    0.0419      2596
          3     0.0000    0.0000    0.0000      1673
          4     0.9973    0.1885    0.3171      3947
          5     0.9724    1.0000    0.9860      1023
          6     0.9960    0.5780    0.7315       436
          7     1.0000    0.9605    0.9799       735

avg / total     0.7889    0.8322    0.7684     54924


             precision    recall  f1-score   support

          0     0.8248    0.9999    0.9039     42944
          1     0.5000    0.0013    0.0025      1570
          2     0.9796    0.0185    0.0363      2596
          3     0.0000    0.0000    0.0000      1673
          4     0.9973    0.1885    0.3171      3947
          5     0.9808    1.0000    0.9903      1023
          6     0.9967    0.6927    0.8173       436
          7     1.0000    0.9728    0.9862       735

avg / total     0.8167    0.8334    0.7695     54924


             precision    recall  f1-score   support

          0     0.8245    0.9999    0.9038     42944
          1     0.5000    0.0013    0.0025      1570
          2     0.9796    0.0185    0.0363      2596
          3     0.0000    0.0000    0.0000      1673
          4     0.9973    0.1885    0.3171      3947
          5     0.9980    1.0000    0.9990      1023
          6     0.9966    0.6628    0.7961       436
          7     1.0000    0.9973    0.9986       735

avg / total     0.8168    0.8335    0.7695     54924


             precision    recall  f1-score   support

          0     0.8255    0.9998    0.9044     42944
          1     0.0000    0.0000    0.0000      1570
          2     0.8305    0.0189    0.0369      2596
          3     0.0000    0.0000    0.0000      1673
          4     0.9973    0.1885    0.3171      3947
          5     0.9913    1.0000    0.9956      1023
          6     0.9972    0.8028    0.8895       436
          7     1.0000    0.9878    0.9938       735

avg / total     0.7962    0.8344    0.7705     54924


             precision    recall  f1-score   support

          0     0.8260    0.9993    0.9045     42944
          1     0.5000    0.0013    0.0025      1570
          2     0.6509    0.0266    0.0511      2596
          3     0.0000    0.0000    0.0000      1673
          4     0.9973    0.1885    0.3171      3947
          5     0.9980    1.0000    0.9990      1023
          6     0.9972    0.8211    0.9006       436
          7     1.0000    0.9973    0.9986       735

avg / total     0.8025    0.8347    0.7716     54924


             precision    recall  f1-score   support

          0     0.8253    0.9998    0.9042     42944
          1     0.5000    0.0013    0.0025      1570
          2     0.8421    0.0185    0.0362      2596
          3     0.0000    0.0000    0.0000      1673
          4     0.9960    0.1885    0.3170      3947
          5     0.9951    1.0000    0.9976      1023
          6     1.0000    0.7615    0.8646       436
          7     1.0000    0.9932    0.9966       735

avg / total     0.8108    0.8342    0.7703     54924


             precision    recall  f1-score   support

          0     0.8256    0.9999    0.9044     42944
          1     0.5000    0.0013    0.0025      1570
          2     0.9796    0.0185    0.0363      2596
          3     0.0000    0.0000    0.0000      1673
          4     0.9973    0.1885    0.3171      3947
          5     0.9980    1.0000    0.9990      1023
          6     0.9972    0.8096    0.8937       436
          7     1.0000    0.9973    0.9986       735

avg / total     0.8176    0.8347    0.7708     54924


             precision    recall  f1-score   support

          0     0.8261    0.9992    0.9045     42944
          1     0.3889    0.0134    0.0259      1570
          2     0.8772    0.0193    0.0377      2596
          3     0.0000    0.0000    0.0000      1673
          4     0.9973    0.1885    0.3171      3947
          5     0.9980    1.0000    0.9990      1023
          6     0.9973    0.8349    0.9089       436
          7     1.0000    0.9973    0.9986       735

avg / total     0.8100    0.8347    0.7717     54924


             precision    recall  f1-score   support

          0     0.8259    0.9999    0.9046     42944
          1     0.5000    0.0013    0.0025      1570
          2     0.9796    0.0185    0.0363      2596
          3     0.0000    0.0000    0.0000      1673
          4     0.9973    0.1885    0.3171      3947
          5     0.9980    1.0000    0.9990      1023
          6     0.9973    0.8532    0.9197       436
          7     1.0000    0.9973    0.9986       735

avg / total     0.8179    0.8350    0.7711     54924


             precision    recall  f1-score   support

          0     0.8258    0.9999    0.9046     42944
          1     0.5000    0.0013    0.0025      1570
          2     0.9796    0.0185    0.0363      2596
          3     0.0000    0.0000    0.0000      1673
          4     0.9973    0.1885    0.3171      3947
          5     1.0000    1.0000    1.0000      1023
          6     0.9973    0.8463    0.9156       436
          7     1.0000    1.0000    1.0000       735

avg / total     0.8179    0.8350    0.7711     54924


             precision    recall  f1-score   support

          0     0.8259    0.9998    0.9045     42944
          1     0.5000    0.0013    0.0025      1570
          2     0.8644    0.0196    0.0384      2596
          3     0.0000    0.0000    0.0000      1673
          4     0.9973    0.1885    0.3171      3947
          5     1.0000    1.0000    1.0000      1023
          6     0.9973    0.8440    0.9143       436
          7     1.0000    1.0000    1.0000       735

avg / total     0.8125    0.8349    0.7712     54924


             precision    recall  f1-score   support

          0     0.8259    0.9998    0.9046     42944
          1     0.5000    0.0013    0.0025      1570
          2     0.8750    0.0189    0.0370      2596
          3     0.0000    0.0000    0.0000      1673
          4     0.9973    0.1885    0.3171      3947
          5     1.0000    1.0000    1.0000      1023
          6     0.9973    0.8555    0.9210       436
          7     1.0000    1.0000    1.0000       735

avg / total     0.8130    0.8350    0.7712     54924


             precision    recall  f1-score   support

          0     0.8259    0.9999    0.9046     42944
          1     0.5000    0.0013    0.0025      1570
          2     0.9423    0.0189    0.0370      2596
          3     0.0000    0.0000    0.0000      1673
          4     0.9973    0.1885    0.3171      3947
          5     1.0000    1.0000    1.0000      1023
          6     0.9973    0.8509    0.9183       436
          7     1.0000    1.0000    1.0000       735

avg / total     0.8161    0.8350    0.7712     54924


             precision    recall  f1-score   support

          0     0.8259    0.9999    0.9046     42944
          1     0.3333    0.0013    0.0025      1570
          2     0.9796    0.0185    0.0363      2596
          3     0.0000    0.0000    0.0000      1673
          4     0.9973    0.1885    0.3171      3947
          5     1.0000    1.0000    1.0000      1023
          6     0.9973    0.8601    0.9236       436
          7     1.0000    1.0000    1.0000       735

avg / total     0.8132    0.8351    0.7712     54924


             precision    recall  f1-score   support

          0     0.8259    0.9999    0.9046     42944
          1     0.5000    0.0013    0.0025      1570
          2     0.9796    0.0185    0.0363      2596
          3     0.0000    0.0000    0.0000      1673
          4     0.9973    0.1885    0.3171      3947
          5     1.0000    1.0000    1.0000      1023
          6     0.9973    0.8532    0.9197       436
          7     1.0000    1.0000    1.0000       735

avg / total     0.8179    0.8350    0.7712     54924


             precision    recall  f1-score   support

          0     0.8260    0.9997    0.9046     42944
          1     0.4000    0.0025    0.0051      1570
          2     0.8750    0.0189    0.0370      2596
          3     0.0000    0.0000    0.0000      1673
          4     0.9960    0.1885    0.3170      3947
          5     1.0000    1.0000    1.0000      1023
          6     0.9973    0.8624    0.9250       436
          7     1.0000    1.0000    1.0000       735

avg / total     0.8101    0.8350    0.7713     54924


             precision    recall  f1-score   support

          0     0.8259    0.9998    0.9046     42944
          1     0.5000    0.0013    0.0025      1570
          2     0.8571    0.0185    0.0362      2596
          3     0.0000    0.0000    0.0000      1673
          4     0.9973    0.1885    0.3171      3947
          5     1.0000    1.0000    1.0000      1023
          6     0.9973    0.8601    0.9236       436
          7     1.0000    1.0000    1.0000       735

avg / total     0.8122    0.8350    0.7712     54924


             precision    recall  f1-score   support

          0     0.8259    0.9997    0.9045     42944
          1     0.5000    0.0013    0.0025      1570
          2     0.8421    0.0185    0.0362      2596
          3     0.0000    0.0000    0.0000      1673
          4     0.9973    0.1885    0.3171      3947
          5     1.0000    1.0000    1.0000      1023
          6     0.9973    0.8578    0.9223       436
          7     1.0000    1.0000    1.0000       735

avg / total     0.8114    0.8350    0.7711     54924


             precision    recall  f1-score   support

          0     0.8263    0.9992    0.9046     42944
          1     0.5000    0.0013    0.0025      1570
          2     0.6577    0.0281    0.0539      2596
          3     0.0000    0.0000    0.0000      1673
          4     0.9973    0.1885    0.3171      3947
          5     1.0000    1.0000    1.0000      1023
          6     0.9973    0.8555    0.9210       436
          7     1.0000    1.0000    1.0000       735

avg / total     0.8030    0.8350    0.7720     54924


             precision    recall  f1-score   support

          0     0.8266    0.9992    0.9047     42944
          1     0.3333    0.0013    0.0025      1570
          2     0.6349    0.0308    0.0588      2596
          3     0.0000    0.0000    0.0000      1673
          4     0.9973    0.1885    0.3171      3947
          5     1.0000    1.0000    1.0000      1023
          6     0.9973    0.8601    0.9236       436
          7     1.0000    1.0000    1.0000       735

avg / total     0.7974    0.8351    0.7724     54924


             precision    recall  f1-score   support

          0     0.8260    0.9996    0.9045     42944
          1     0.3333    0.0013    0.0025      1570
          2     0.7887    0.0216    0.0420      2596
          3     0.0000    0.0000    0.0000      1673
          4     0.9973    0.1885    0.3171      3947
          5     1.0000    1.0000    1.0000      1023
          6     0.9973    0.8601    0.9236       436
          7     1.0000    1.0000    1.0000       735

avg / total     0.8042    0.8350    0.7714     54924


             precision    recall  f1-score   support

          0     0.8267    0.9990    0.9047     42944
          1     0.3333    0.0013    0.0025      1570
          2     0.5944    0.0327    0.0621      2596
          3     0.0000    0.0000    0.0000      1673
          4     0.9973    0.1885    0.3171      3947
          5     1.0000    1.0000    1.0000      1023
          6     0.9973    0.8624    0.9250       436
          7     1.0000    1.0000    1.0000       735

avg / total     0.7956    0.8351    0.7725     54924


             precision    recall  f1-score   support

          0     0.8266    0.9991    0.9047     42944
          1     0.5000    0.0013    0.0025      1570
          2     0.5833    0.0297    0.0565      2596
          3     0.0000    0.0000    0.0000      1673
          4     0.9973    0.1885    0.3171      3947
          5     1.0000    1.0000    1.0000      1023
          6     0.9974    0.8670    0.9276       436
          7     1.0000    1.0000    1.0000       735

avg / total     0.7998    0.8350    0.7722     54924


             precision    recall  f1-score   support

          0     0.8266    0.9991    0.9047     42944
          1     0.5000    0.0013    0.0025      1570
          2     0.6131    0.0324    0.0615      2596
          3     0.0000    0.0000    0.0000      1673
          4     0.9973    0.1885    0.3171      3947
          5     1.0000    1.0000    1.0000      1023
          6     0.9973    0.8578    0.9223       436
          7     1.0000    1.0000    1.0000       735

avg / total     0.8012    0.8351    0.7725     54924


             precision    recall  f1-score   support

          0     0.8266    0.9991    0.9047     42944
          1     0.5000    0.0013    0.0025      1570
          2     0.6154    0.0308    0.0587      2596
          3     0.0000    0.0000    0.0000      1673
          4     0.9973    0.1885    0.3171      3947
          5     1.0000    1.0000    1.0000      1023
          6     0.9973    0.8624    0.9250       436
          7     1.0000    1.0000    1.0000       735

avg / total     0.8013    0.8351    0.7724     54924


             precision    recall  f1-score   support

          0     0.8265    0.9992    0.9047     42944
          1     0.5000    0.0013    0.0025      1570
          2     0.6129    0.0293    0.0559      2596
          3     0.0000    0.0000    0.0000      1673
          4     0.9973    0.1885    0.3171      3947
          5     1.0000    1.0000    1.0000      1023
          6     0.9973    0.8624    0.9250       436
          7     1.0000    1.0000    1.0000       735

avg / total     0.8011    0.8351    0.7722     54924


             precision    recall  f1-score   support

          0     0.8266    0.9992    0.9047     42944
          1     0.5000    0.0013    0.0025      1570
          2     0.6231    0.0312    0.0594      2596
          3     0.0000    0.0000    0.0000      1673
          4     0.9973    0.1885    0.3171      3947
          5     1.0000    1.0000    1.0000      1023
          6     0.9973    0.8601    0.9236       436
          7     1.0000    1.0000    1.0000       735

avg / total     0.8016    0.8351    0.7724     54924


             precision    recall  f1-score   support

          0     0.8265    0.9992    0.9047     42944
          1     0.2857    0.0025    0.0051      1570
          2     0.6696    0.0289    0.0554      2596
          3     0.0000    0.0000    0.0000      1673
          4     0.9973    0.1885    0.3171      3947
          5     1.0000    1.0000    1.0000      1023
          6     0.9973    0.8624    0.9250       436
          7     1.0000    1.0000    1.0000       735

avg / total     0.7976    0.8351    0.7723     54924


             precision    recall  f1-score   support

          0     0.8265    0.9992    0.9047     42944
          1     0.3333    0.0013    0.0025      1570
          2     0.6522    0.0289    0.0553      2596
          3     0.0000    0.0000    0.0000      1673
          4     0.9973    0.1885    0.3171      3947
          5     1.0000    1.0000    1.0000      1023
          6     0.9973    0.8624    0.9250       436
          7     1.0000    1.0000    1.0000       735

avg / total     0.7981    0.8351    0.7722     54924


             precision    recall  f1-score   support

          0     0.8266    0.9992    0.9048     42944
          1     0.3333    0.0025    0.0051      1570
          2     0.6387    0.0293    0.0560      2596
          3     0.0000    0.0000    0.0000      1673
          4     0.9973    0.1885    0.3171      3947
          5     1.0000    1.0000    1.0000      1023
          6     0.9973    0.8601    0.9236       436
          7     1.0000    1.0000    1.0000       735

avg / total     0.7976    0.8351    0.7723     54924


             precision    recall  f1-score   support

          0     0.8267    0.9991    0.9047     42944
          1     0.3333    0.0025    0.0051      1570
          2     0.6061    0.0308    0.0587      2596
          3     0.0000    0.0000    0.0000      1673
          4     0.9973    0.1885    0.3171      3947
          5     1.0000    1.0000    1.0000      1023
          6     0.9973    0.8601    0.9236       436
          7     1.0000    1.0000    1.0000       735

avg / total     0.7961    0.8351    0.7724     54924


             precision    recall  f1-score   support

          0     0.8266    0.9992    0.9048     42944
          1     0.5000    0.0013    0.0025      1570
          2     0.6090    0.0312    0.0594      2596
          3     0.0000    0.0000    0.0000      1673
          4     0.9973    0.1885    0.3171      3947
          5     1.0000    1.0000    1.0000      1023
          6     0.9973    0.8624    0.9250       436
          7     1.0000    1.0000    1.0000       735

avg / total     0.8010    0.8351    0.7724     54924


             precision    recall  f1-score   support

          0     0.8267    0.9991    0.9047     42944
          1     0.5000    0.0013    0.0025      1570
          2     0.5899    0.0316    0.0600      2596
          3     0.0000    0.0000    0.0000      1673
          4     0.9973    0.1885    0.3171      3947
          5     1.0000    1.0000    1.0000      1023
          6     0.9973    0.8601    0.9236       436
          7     1.0000    1.0000    1.0000       735

avg / total     0.8001    0.8351    0.7724     54924


             precision    recall  f1-score   support

          0     0.8266    0.9992    0.9047     42944
          1     0.3333    0.0025    0.0051      1570
          2     0.6230    0.0293    0.0559      2596
          3     0.0000    0.0000    0.0000      1673
          4     0.9973    0.1885    0.3171      3947
          5     1.0000    1.0000    1.0000      1023
          6     0.9973    0.8624    0.9250       436
          7     1.0000    1.0000    1.0000       735

avg / total     0.7969    0.8351    0.7723     54924


             precision    recall  f1-score   support

          0     0.8266    0.9991    0.9047     42944
          1     0.5000    0.0013    0.0025      1570
          2     0.5882    0.0308    0.0586      2596
          3     0.0000    0.0000    0.0000      1673
          4     0.9973    0.1885    0.3171      3947
          5     1.0000    1.0000    1.0000      1023
          6     0.9973    0.8624    0.9250       436
          7     1.0000    1.0000    1.0000       735

avg / total     0.8000    0.8350    0.7723     54924


             precision    recall  f1-score   support

          0     0.8267    0.9991    0.9048     42944
          1     0.3333    0.0025    0.0051      1570
          2     0.6063    0.0297    0.0566      2596
          3     0.0000    0.0000    0.0000      1673
          4     0.9973    0.1885    0.3171      3947
          5     1.0000    1.0000    1.0000      1023
          6     0.9973    0.8624    0.9250       436
          7     1.0000    1.0000    1.0000       735

avg / total     0.7961    0.8351    0.7724     54924


             precision    recall  f1-score   support

          0     0.8267    0.9991    0.9047     42944
          1     0.5000    0.0013    0.0025      1570
          2     0.5870    0.0312    0.0593      2596
          3     0.0000    0.0000    0.0000      1673
          4     0.9973    0.1885    0.3171      3947
          5     1.0000    1.0000    1.0000      1023
          6     0.9973    0.8624    0.9250       436
          7     1.0000    1.0000    1.0000       735

avg / total     0.8000    0.8351    0.7724     54924


             precision    recall  f1-score   support

          0     0.8267    0.9991    0.9047     42944
          1     0.4286    0.0019    0.0038      1570
          2     0.6029    0.0316    0.0600      2596
          3     0.0000    0.0000    0.0000      1673
          4     0.9973    0.1885    0.3171      3947
          5     1.0000    1.0000    1.0000      1023
          6     0.9973    0.8601    0.9236       436
          7     1.0000    1.0000    1.0000       735

avg / total     0.7987    0.8351    0.7725     54924


             precision    recall  f1-score   support

          0     0.8267    0.9990    0.9047     42944
          1     0.3333    0.0025    0.0051      1570
          2     0.5714    0.0308    0.0585      2596
          3     0.0000    0.0000    0.0000      1673
          4     0.9973    0.1885    0.3171      3947
          5     1.0000    1.0000    1.0000      1023
          6     0.9973    0.8601    0.9236       436
          7     1.0000    1.0000    1.0000       735

avg / total     0.7945    0.8350    0.7724     54924


             precision    recall  f1-score   support

          0     0.8267    0.9990    0.9047     42944
          1     0.3333    0.0025    0.0051      1570
          2     0.5745    0.0312    0.0592      2596
          3     0.0000    0.0000    0.0000      1673
          4     0.9973    0.1885    0.3171      3947
          5     1.0000    1.0000    1.0000      1023
          6     0.9974    0.8647    0.9263       436
          7     1.0000    1.0000    1.0000       735

avg / total     0.7947    0.8350    0.7725     54924


             precision    recall  f1-score   support

          0     0.8268    0.9990    0.9048     42944
          1     0.3000    0.0038    0.0075      1570
          2     0.5714    0.0293    0.0557      2596
          3     0.0000    0.0000    0.0000      1673
          4     0.9973    0.1885    0.3171      3947
          5     1.0000    1.0000    1.0000      1023
          6     0.9973    0.8624    0.9250       436
          7     1.0000    1.0000    1.0000       735

avg / total     0.7936    0.8350    0.7724     54924


             precision    recall  f1-score   support

          0     0.8267    0.9990    0.9047     42944
          1     0.3333    0.0025    0.0051      1570
          2     0.5766    0.0304    0.0578      2596
          3     0.0000    0.0000    0.0000      1673
          4     0.9973    0.1885    0.3171      3947
          5     1.0000    1.0000    1.0000      1023
          6     0.9973    0.8601    0.9236       436
          7     1.0000    1.0000    1.0000       735

avg / total     0.7948    0.8350    0.7724     54924


             precision    recall  f1-score   support

          0     0.8268    0.9990    0.9047     42944
          1     0.2353    0.0025    0.0050      1570
          2     0.5797    0.0308    0.0585      2596
          3     0.0000    0.0000    0.0000      1673
          4     0.9973    0.1885    0.3171      3947
          5     1.0000    1.0000    1.0000      1023
          6     0.9973    0.8624    0.9250       436
          7     1.0000    1.0000    1.0000       735

avg / total     0.7921    0.8350    0.7724     54924


             precision    recall  f1-score   support

          0     0.8267    0.9990    0.9047     42944
          1     0.6000    0.0019    0.0038      1570
          2     0.5816    0.0316    0.0599      2596
          3     0.0000    0.0000    0.0000      1673
          4     0.9973    0.1885    0.3171      3947
          5     1.0000    1.0000    1.0000      1023
          6     0.9973    0.8624    0.9250       436
          7     1.0000    1.0000    1.0000       735

avg / total     0.8026    0.8351    0.7725     54924


             precision    recall  f1-score   support

          0     0.8266    0.9992    0.9047     42944
          1     0.3333    0.0025    0.0051      1570
          2     0.6198    0.0289    0.0552      2596
          3     0.0000    0.0000    0.0000      1673
          4     0.9973    0.1885    0.3171      3947
          5     1.0000    1.0000    1.0000      1023
          6     0.9973    0.8624    0.9250       436
          7     1.0000    1.0000    1.0000       735

avg / total     0.7967    0.8351    0.7723     54924


             precision    recall  f1-score   support

          0     0.8268    0.9990    0.9048     42944
          1     0.2667    0.0025    0.0050      1570
          2     0.5809    0.0304    0.0578      2596
          3     0.0000    0.0000    0.0000      1673
          4     0.9973    0.1885    0.3171      3947
          5     1.0000    1.0000    1.0000      1023
          6     0.9973    0.8624    0.9250       436
          7     1.0000    1.0000    1.0000       735

avg / total     0.7931    0.8350    0.7724     54924

acc:0.820853765835,0.829265185198,0.829738555576,0.830400058953,0.830442541576,0.830679226018,0.83135286777,0.831583484075,0.83196581986,0.831632035442,0.831965821674,0.831892996225,0.832584843701,0.832718357609,0.832772977849,0.832821529017,0.832930767454,0.832961112734,0.832803322757,0.832912561165,0.833009663447,0.832979319428,0.833131039577,0.833149244476,0.832997523701,0.833143178196,0.833373792223,0.833240278238,0.833155314002,0.833100695305,0.833118901216,0.833325241481,0.83320993578,0.833276692247,0.833300965599,0.833416276962,0.833319173644,0.833319173578,0.83332524288,0.83321600301,0.833288829592,0.833252414981,0.83353158411,0.833440550949,0.833391998631,0.833385932274,0.83334344849,0.833355586914,0.833525512157,0.833476963496
lr:0.0484496,0.0484496,0.0484496,0.0484496,0.0484496,0.0484496,0.0484496,0.0484496,0.0484496,0.0484496,0.0484496,0.0484496,0.00968991,0.00968991,0.00968991,0.00968991,0.00968991,0.00968991,0.00968991,0.00968991,0.00968991,0.00193798,0.00193798,0.00193798,0.00193798,0.00193798,0.00193798,0.00193798,0.00193798,0.00193798,0.00193798,0.00193798,0.00193798,0.001,0.001,0.001,0.001,0.001,0.001,0.001,0.001,0.001,0.001,0.001,0.001,0.001,0.001,0.001,0.001,0.001
val_loss:0.510236528364,0.511322164642,0.499982617081,0.502299813587,0.502258259962,0.494221295413,0.496969235804,0.489042997373,0.490700691658,0.493680885923,0.493484635716,0.490104656371,0.486250740265,0.486291174431,0.485893805364,0.485470229162,0.485267943271,0.485363991214,0.48535560301,0.48568068811,0.486342138948,0.483956908233,0.48382746474,0.483809203665,0.483634502464,0.483932003532,0.483678163791,0.483462601913,0.483133392275,0.483552789034,0.483149917946,0.48305792584,0.483205956834,0.48297783287,0.482937346451,0.482897044368,0.482891202644,0.482946632072,0.482925626885,0.482820114416,0.482733768154,0.482760907033,0.482854767999,0.482745554097,0.482784071486,0.482719004122,0.48259020997,0.48249522614,0.482548743272,0.48272493438
val_acc:0.83105746174,0.831840361574,0.832168088994,0.832878158698,0.832204500621,0.8334061621,0.833497196755,0.834389337916,0.834662444888,0.834152647299,0.834662442739,0.834717065767,0.835008375973,0.834990168871,0.834935547992,0.834990168871,0.835008375544,0.835062997282,0.835044789749,0.835008376403,0.834990168441,0.834953754665,0.83499016973,0.83511761902,0.834971961768,0.835081205244,0.835026584365,0.83511761902,0.835099411487,0.835062997712,0.83511761902,0.835099411487,0.835081204814,0.83511761816,0.835062997282,0.835135826552,0.835081205674,0.835099411487,0.835044791038,0.835081204385,0.835062998571,0.835099411487,0.834971961768,0.835026583076,0.83499016973,0.8349901693,0.834990168871,0.835062998141,0.835081203955,0.835026583076
loss:0.553053141495,0.512919350744,0.509291094048,0.50561931058,0.504043650446,0.501795102377,0.498800465229,0.497362196051,0.496571942796,0.497858737941,0.495682020537,0.496599880083,0.490360363147,0.489870389816,0.489528003918,0.488659402372,0.488477338354,0.488333502418,0.488538890076,0.488182921339,0.487965556771,0.486483789231,0.486498307456,0.486126662582,0.486215381067,0.486075252459,0.48556313521,0.48572831786,0.485959226566,0.485448673407,0.485250287301,0.48520707332,0.485165212771,0.484810102296,0.484630041456,0.485102799316,0.484596606283,0.484673314979,0.484648564469,0.484583878149,0.484455115905,0.484400909794,0.484472263258,0.484465035416,0.484419898825,0.484345360583,0.484210416343,0.484219423177,0.484033553382,0.48387689204
