
             precision    recall  f1-score   support

          0     0.8201    1.0000    0.9012     42944
          1     0.0000    0.0000    0.0000      1570
          2     0.9796    0.0185    0.0363      2596
          3     0.0000    0.0000    0.0000      1673
          4     0.9973    0.1885    0.3171      3947
          5     0.9688    1.0000    0.9841      1023
          6     1.0000    0.0413    0.0793       436
          7     1.0000    0.9469    0.9727       735

avg / total     0.7986    0.8279    0.7611     54924


             precision    recall  f1-score   support

          0     0.8244    0.9986    0.9032     42944
          1     0.0000    0.0000    0.0000      1570
          2     0.4808    0.0289    0.0545      2596
          3     0.0000    0.0000    0.0000      1673
          4     0.9973    0.1885    0.3171      3947
          5     0.9706    1.0000    0.9851      1023
          6     1.0000    0.5528    0.7120       436
          7     1.0000    0.9578    0.9785       735

avg / total     0.7783    0.8316    0.7686     54924


             precision    recall  f1-score   support

          0     0.8238    1.0000    0.9034     42944
          1     0.0000    0.0000    0.0000      1570
          2     0.9796    0.0185    0.0363      2596
          3     0.0000    0.0000    0.0000      1673
          4     0.9973    0.1885    0.3171      3947
          5     0.9706    1.0000    0.9851      1023
          6     1.0000    0.5573    0.7158       436
          7     1.0000    0.9578    0.9785       735

avg / total     0.8015    0.8321    0.7679     54924


             precision    recall  f1-score   support

          0     0.8242    0.9998    0.9035     42944
          1     0.0000    0.0000    0.0000      1570
          2     0.9796    0.0185    0.0363      2596
          3     0.0000    0.0000    0.0000      1673
          4     0.9881    0.1888    0.3170      3947
          5     0.9724    1.0000    0.9860      1023
          6     0.9962    0.6055    0.7532       436
          7     1.0000    0.9605    0.9799       735

avg / total     0.8011    0.8325    0.7684     54924


             precision    recall  f1-score   support

          0     0.8240    0.9996    0.9033     42944
          1     0.0000    0.0000    0.0000      1570
          2     0.9796    0.0185    0.0363      2596
          3     0.0000    0.0000    0.0000      1673
          4     0.9752    0.1895    0.3174      3947
          5     0.9706    1.0000    0.9851      1023
          6     1.0000    0.5803    0.7344       436
          7     1.0000    0.9578    0.9785       735

avg / total     0.8000    0.8321    0.7681     54924


             precision    recall  f1-score   support

          0     0.8243    0.9994    0.9035     42944
          1     0.0000    0.0000    0.0000      1570
          2     0.6489    0.0235    0.0454      2596
          3     0.0000    0.0000    0.0000      1673
          4     0.9973    0.1885    0.3171      3947
          5     0.9971    1.0000    0.9985      1023
          6     1.0000    0.5872    0.7399       436
          7     1.0000    0.9959    0.9980       735

avg / total     0.7867    0.8327    0.7692     54924


             precision    recall  f1-score   support

          0     0.8240    0.9999    0.9035     42944
          1     0.0000    0.0000    0.0000      1570
          2     0.9796    0.0185    0.0363      2596
          3     0.0000    0.0000    0.0000      1673
          4     0.9960    0.1885    0.3170      3947
          5     0.9968    0.9257    0.9600      1023
          6     1.0000    0.5849    0.7381       436
          7     0.9059    0.9959    0.9488       735

avg / total     0.8007    0.8315    0.7673     54924


             precision    recall  f1-score   support

          0     0.8238    0.9999    0.9033     42944
          1     0.5000    0.0013    0.0025      1570
          2     0.9796    0.0185    0.0363      2596
          3     0.0000    0.0000    0.0000      1673
          4     0.9973    0.1885    0.3171      3947
          5     0.9827    1.0000    0.9913      1023
          6     1.0000    0.5505    0.7101       436
          7     1.0000    0.9755    0.9876       735

avg / total     0.8160    0.8323    0.7682     54924


             precision    recall  f1-score   support

          0     0.8242    0.9996    0.9035     42944
          1     0.2727    0.0019    0.0038      1570
          2     0.7361    0.0204    0.0397      2596
          3     0.0000    0.0000    0.0000      1673
          4     0.9960    0.1888    0.3174      3947
          5     0.9980    1.0000    0.9990      1023
          6     1.0000    0.5849    0.7381       436
          7     1.0000    0.9973    0.9986       735

avg / total     0.7985    0.8328    0.7690     54924


             precision    recall  f1-score   support

          0     0.8242    0.9999    0.9036     42944
          1     0.5000    0.0013    0.0025      1570
          2     0.9423    0.0189    0.0370      2596
          3     0.0000    0.0000    0.0000      1673
          4     0.9960    0.1888    0.3174      3947
          5     0.9961    1.0000    0.9980      1023
          6     1.0000    0.6055    0.7543       436
          7     1.0000    0.9946    0.9973       735

avg / total     0.8147    0.8330    0.7690     54924


             precision    recall  f1-score   support

          0     0.8243    0.9996    0.9035     42944
          1     0.2000    0.0013    0.0025      1570
          2     0.7361    0.0204    0.0397      2596
          3     0.0000    0.0000    0.0000      1673
          4     0.9947    0.1888    0.3173      3947
          5     1.0000    1.0000    1.0000      1023
          6     1.0000    0.5986    0.7489       436
          7     1.0000    1.0000    1.0000       735

avg / total     0.7964    0.8329    0.7691     54924


             precision    recall  f1-score   support

          0     0.8244    0.9995    0.9036     42944
          1     0.2727    0.0019    0.0038      1570
          2     0.7361    0.0204    0.0397      2596
          3     0.0000    0.0000    0.0000      1673
          4     0.9973    0.1885    0.3171      3947
          5     1.0000    1.0000    1.0000      1023
          6     1.0000    0.6284    0.7718       436
          7     1.0000    1.0000    1.0000       735

avg / total     0.7988    0.8330    0.7694     54924


             precision    recall  f1-score   support

          0     0.8252    0.9996    0.9041     42944
          1     0.5000    0.0013    0.0025      1570
          2     0.7083    0.0196    0.0382      2596
          3     0.0000    0.0000    0.0000      1673
          4     0.9960    0.1888    0.3174      3947
          5     1.0000    1.0000    1.0000      1023
          6     0.9969    0.7431    0.8515       436
          7     1.0000    1.0000    1.0000       735

avg / total     0.8045    0.8340    0.7703     54924


             precision    recall  f1-score   support

          0     0.8257    0.9994    0.9043     42944
          1     0.5000    0.0013    0.0025      1570
          2     0.6364    0.0243    0.0468      2596
          3     0.0000    0.0000    0.0000      1673
          4     0.9973    0.1885    0.3171      3947
          5     1.0000    1.0000    1.0000      1023
          6     0.9941    0.7775    0.8726       436
          7     1.0000    1.0000    1.0000       735

avg / total     0.8016    0.8343    0.7711     54924


             precision    recall  f1-score   support

          0     0.8257    0.9996    0.9044     42944
          1     0.5000    0.0013    0.0025      1570
          2     0.6705    0.0227    0.0440      2596
          3     0.0000    0.0000    0.0000      1673
          4     0.9973    0.1885    0.3171      3947
          5     1.0000    1.0000    1.0000      1023
          6     0.9971    0.7798    0.8752       436
          7     1.0000    1.0000    1.0000       735

avg / total     0.8032    0.8344    0.7710     54924


             precision    recall  f1-score   support

          0     0.8259    0.9994    0.9044     42944
          1     0.4583    0.0070    0.0138      1570
          2     0.6829    0.0216    0.0418      2596
          3     0.0000    0.0000    0.0000      1673
          4     0.9973    0.1885    0.3171      3947
          5     1.0000    1.0000    1.0000      1023
          6     0.9942    0.7890    0.8798       436
          7     1.0000    1.0000    1.0000       735

avg / total     0.8027    0.8345    0.7713     54924


             precision    recall  f1-score   support

          0     0.8260    0.9994    0.9045     42944
          1     0.4762    0.0064    0.0126      1570
          2     0.6707    0.0212    0.0411      2596
          3     0.0000    0.0000    0.0000      1673
          4     0.9933    0.1888    0.3172      3947
          5     1.0000    1.0000    1.0000      1023
          6     0.9944    0.8096    0.8925       436
          7     1.0000    1.0000    1.0000       735

avg / total     0.8024    0.8346    0.7714     54924


             precision    recall  f1-score   support

          0     0.8259    0.9995    0.9044     42944
          1     0.4286    0.0019    0.0038      1570
          2     0.6842    0.0200    0.0389      2596
          3     0.0000    0.0000    0.0000      1673
          4     0.9960    0.1885    0.3170      3947
          5     1.0000    1.0000    1.0000      1023
          6     0.9973    0.8349    0.9089       436
          7     1.0000    1.0000    1.0000       735

avg / total     0.8018    0.8347    0.7711     54924


             precision    recall  f1-score   support

          0     0.8259    0.9996    0.9045     42944
          1     0.4762    0.0064    0.0126      1570
          2     0.8750    0.0189    0.0370      2596
          3     0.0000    0.0000    0.0000      1673
          4     0.9881    0.1890    0.3173      3947
          5     1.0000    1.0000    1.0000      1023
          6     0.9944    0.8211    0.8995       436
          7     1.0000    1.0000    1.0000       735

avg / total     0.8116    0.8347    0.7713     54924


             precision    recall  f1-score   support

          0     0.8261    0.9997    0.9046     42944
          1     0.3333    0.0013    0.0025      1570
          2     0.7714    0.0208    0.0405      2596
          3     0.0000    0.0000    0.0000      1673
          4     0.9920    0.1888    0.3172      3947
          5     1.0000    1.0000    1.0000      1023
          6     0.9973    0.8486    0.9170       436
          7     1.0000    1.0000    1.0000       735

avg / total     0.8031    0.8350    0.7714     54924


             precision    recall  f1-score   support

          0     0.8263    0.9982    0.9042     42944
          1     0.5000    0.0013    0.0025      1570
          2     0.6190    0.0250    0.0481      2596
          3     0.0000    0.0000    0.0000      1673
          4     0.9960    0.1888    0.3174      3947
          5     1.0000    1.0000    1.0000      1023
          6     0.8684    0.8624    0.8654       436
          7     1.0000    1.0000    1.0000       735

avg / total     0.8001    0.8341    0.7710     54924


             precision    recall  f1-score   support

          0     0.8262    0.9996    0.9047     42944
          1     0.4583    0.0070    0.0138      1570
          2     0.7846    0.0196    0.0383      2596
          3     0.0000    0.0000    0.0000      1673
          4     0.9947    0.1888    0.3173      3947
          5     1.0000    1.0000    1.0000      1023
          6     0.9973    0.8509    0.9183       436
          7     1.0000    1.0000    1.0000       735

avg / total     0.8076    0.8350    0.7717     54924


             precision    recall  f1-score   support

          0     0.8260    0.9995    0.9045     42944
          1     0.4737    0.0115    0.0224      1570
          2     0.8571    0.0185    0.0362      2596
          3     0.0000    0.0000    0.0000      1673
          4     0.9973    0.1885    0.3171      3947
          5     1.0000    1.0000    1.0000      1023
          6     0.9972    0.8188    0.8992       436
          7     1.0000    1.0000    1.0000       735

avg / total     0.8115    0.8348    0.7715     54924


             precision    recall  f1-score   support

          0     0.8261    0.9997    0.9047     42944
          1     0.3333    0.0032    0.0063      1570
          2     0.7656    0.0189    0.0368      2596
          3     0.0000    0.0000    0.0000      1673
          4     0.9973    0.1885    0.3171      3947
          5     1.0000    1.0000    1.0000      1023
          6     0.9973    0.8509    0.9183       436
          7     1.0000    1.0000    1.0000       735

avg / total     0.8032    0.8350    0.7713     54924


             precision    recall  f1-score   support

          0     0.8261    0.9998    0.9047     42944
          1     0.4762    0.0064    0.0126      1570
          2     0.8727    0.0185    0.0362      2596
          3     0.0000    0.0000    0.0000      1673
          4     0.9973    0.1885    0.3171      3947
          5     1.0000    1.0000    1.0000      1023
          6     0.9973    0.8486    0.9170       436
          7     1.0000    1.0000    1.0000       735

avg / total     0.8124    0.8350    0.7715     54924


             precision    recall  f1-score   support

          0     0.8263    0.9996    0.9047     42944
          1     0.4242    0.0089    0.0175      1570
          2     0.7869    0.0185    0.0361      2596
          3     0.0000    0.0000    0.0000      1673
          4     0.9973    0.1885    0.3171      3947
          5     1.0000    1.0000    1.0000      1023
          6     0.9973    0.8578    0.9223       436
          7     1.0000    1.0000    1.0000       735

avg / total     0.8070    0.8350    0.7717     54924


             precision    recall  f1-score   support

          0     0.8260    0.9997    0.9046     42944
          1     0.4762    0.0064    0.0126      1570
          2     0.8596    0.0189    0.0369      2596
          3     0.0000    0.0000    0.0000      1673
          4     0.9973    0.1885    0.3171      3947
          5     1.0000    1.0000    1.0000      1023
          6     0.9973    0.8372    0.9102       436
          7     1.0000    1.0000    1.0000       735

avg / total     0.8117    0.8350    0.7714     54924


             precision    recall  f1-score   support

          0     0.8263    0.9997    0.9048     42944
          1     0.4762    0.0064    0.0126      1570
          2     0.8596    0.0189    0.0369      2596
          3     0.0000    0.0000    0.0000      1673
          4     0.9973    0.1885    0.3171      3947
          5     1.0000    1.0000    1.0000      1023
          6     0.9974    0.8716    0.9302       436
          7     1.0000    1.0000    1.0000       735

avg / total     0.8119    0.8352    0.7717     54924


             precision    recall  f1-score   support

          0     0.8262    0.9997    0.9047     42944
          1     0.3333    0.0032    0.0063      1570
          2     0.7463    0.0193    0.0376      2596
          3     0.0000    0.0000    0.0000      1673
          4     0.9973    0.1885    0.3171      3947
          5     1.0000    1.0000    1.0000      1023
          6     0.9974    0.8647    0.9263       436
          7     1.0000    1.0000    1.0000       735

avg / total     0.8024    0.8350    0.7715     54924


             precision    recall  f1-score   support

          0     0.8263    0.9997    0.9047     42944
          1     0.5217    0.0076    0.0151      1570
          2     0.8475    0.0193    0.0377      2596
          3     0.0000    0.0000    0.0000      1673
          4     0.9973    0.1885    0.3171      3947
          5     1.0000    1.0000    1.0000      1023
          6     0.9974    0.8647    0.9263       436
          7     1.0000    1.0000    1.0000       735

avg / total     0.8126    0.8352    0.7718     54924


             precision    recall  f1-score   support

          0     0.8262    0.9997    0.9047     42944
          1     0.4762    0.0064    0.0126      1570
          2     0.8596    0.0189    0.0369      2596
          3     0.0000    0.0000    0.0000      1673
          4     0.9973    0.1885    0.3171      3947
          5     1.0000    1.0000    1.0000      1023
          6     0.9974    0.8647    0.9263       436
          7     1.0000    1.0000    1.0000       735

avg / total     0.8118    0.8352    0.7716     54924


             precision    recall  f1-score   support

          0     0.8263    0.9997    0.9048     42944
          1     0.5217    0.0076    0.0151      1570
          2     0.8596    0.0189    0.0369      2596
          3     0.0000    0.0000    0.0000      1673
          4     0.9960    0.1885    0.3170      3947
          5     1.0000    1.0000    1.0000      1023
          6     0.9974    0.8670    0.9276       436
          7     1.0000    1.0000    1.0000       735

avg / total     0.8131    0.8352    0.7717     54924


             precision    recall  f1-score   support

          0     0.8262    0.9997    0.9047     42944
          1     0.5217    0.0076    0.0151      1570
          2     0.8596    0.0189    0.0369      2596
          3     0.0000    0.0000    0.0000      1673
          4     0.9973    0.1885    0.3171      3947
          5     1.0000    1.0000    1.0000      1023
          6     0.9974    0.8647    0.9263       436
          7     1.0000    1.0000    1.0000       735

avg / total     0.8132    0.8352    0.7717     54924


             precision    recall  f1-score   support

          0     0.8262    0.9997    0.9047     42944
          1     0.5000    0.0076    0.0151      1570
          2     0.8167    0.0189    0.0369      2596
          3     0.0000    0.0000    0.0000      1673
          4     0.9960    0.1885    0.3170      3947
          5     1.0000    1.0000    1.0000      1023
          6     0.9973    0.8624    0.9250       436
          7     1.0000    1.0000    1.0000       735

avg / total     0.8104    0.8351    0.7717     54924


             precision    recall  f1-score   support

          0     0.8263    0.9996    0.9047     42944
          1     0.4783    0.0070    0.0138      1570
          2     0.8065    0.0193    0.0376      2596
          3     0.0000    0.0000    0.0000      1673
          4     0.9947    0.1885    0.3169      3947
          5     1.0000    1.0000    1.0000      1023
          6     0.9974    0.8647    0.9263       436
          7     1.0000    1.0000    1.0000       735

avg / total     0.8092    0.8351    0.7717     54924


             precision    recall  f1-score   support

          0     0.8263    0.9997    0.9048     42944
          1     0.5185    0.0089    0.0175      1570
          2     0.8065    0.0193    0.0376      2596
          3     0.0000    0.0000    0.0000      1673
          4     0.9960    0.1885    0.3170      3947
          5     1.0000    1.0000    1.0000      1023
          6     0.9974    0.8647    0.9263       436
          7     1.0000    1.0000    1.0000       735

avg / total     0.8105    0.8352    0.7718     54924


             precision    recall  f1-score   support

          0     0.8262    0.9997    0.9047     42944
          1     0.4737    0.0057    0.0113      1570
          2     0.7656    0.0189    0.0368      2596
          3     0.0000    0.0000    0.0000      1673
          4     0.9973    0.1885    0.3171      3947
          5     1.0000    1.0000    1.0000      1023
          6     0.9974    0.8647    0.9263       436
          7     1.0000    1.0000    1.0000       735

avg / total     0.8073    0.8351    0.7716     54924


             precision    recall  f1-score   support

          0     0.8264    0.9996    0.9048     42944
          1     0.5161    0.0102    0.0200      1570
          2     0.8065    0.0193    0.0376      2596
          3     0.0000    0.0000    0.0000      1673
          4     0.9960    0.1885    0.3170      3947
          5     1.0000    1.0000    1.0000      1023
          6     0.9974    0.8647    0.9263       436
          7     1.0000    1.0000    1.0000       735

avg / total     0.8105    0.8352    0.7719     54924


             precision    recall  f1-score   support

          0     0.8263    0.9996    0.9047     42944
          1     0.4800    0.0076    0.0150      1570
          2     0.8065    0.0193    0.0376      2596
          3     0.0000    0.0000    0.0000      1673
          4     0.9973    0.1885    0.3171      3947
          5     1.0000    1.0000    1.0000      1023
          6     0.9974    0.8670    0.9276       436
          7     1.0000    1.0000    1.0000       735

avg / total     0.8095    0.8352    0.7717     54924


             precision    recall  f1-score   support

          0     0.8264    0.9995    0.9048     42944
          1     0.5000    0.0121    0.0236      1570
          2     0.8065    0.0193    0.0376      2596
          3     0.0000    0.0000    0.0000      1673
          4     0.9960    0.1885    0.3170      3947
          5     1.0000    1.0000    1.0000      1023
          6     0.9974    0.8647    0.9263       436
          7     1.0000    1.0000    1.0000       735

avg / total     0.8101    0.8352    0.7720     54924


             precision    recall  f1-score   support

          0     0.8263    0.9996    0.9047     42944
          1     0.5000    0.0076    0.0151      1570
          2     0.8065    0.0193    0.0376      2596
          3     0.0000    0.0000    0.0000      1673
          4     0.9960    0.1885    0.3170      3947
          5     1.0000    1.0000    1.0000      1023
          6     0.9974    0.8670    0.9276       436
          7     1.0000    1.0000    1.0000       735

avg / total     0.8099    0.8351    0.7717     54924


             precision    recall  f1-score   support

          0     0.8263    0.9996    0.9047     42944
          1     0.5200    0.0083    0.0163      1570
          2     0.8065    0.0193    0.0376      2596
          3     0.0000    0.0000    0.0000      1673
          4     0.9960    0.1885    0.3170      3947
          5     1.0000    1.0000    1.0000      1023
          6     0.9974    0.8670    0.9276       436
          7     1.0000    1.0000    1.0000       735

avg / total     0.8105    0.8352    0.7718     54924


             precision    recall  f1-score   support

          0     0.8263    0.9996    0.9047     42944
          1     0.5200    0.0083    0.0163      1570
          2     0.8065    0.0193    0.0376      2596
          3     0.0000    0.0000    0.0000      1673
          4     0.9960    0.1885    0.3170      3947
          5     1.0000    1.0000    1.0000      1023
          6     0.9974    0.8670    0.9276       436
          7     1.0000    1.0000    1.0000       735

avg / total     0.8105    0.8352    0.7718     54924


             precision    recall  f1-score   support

          0     0.8263    0.9996    0.9047     42944
          1     0.5385    0.0089    0.0175      1570
          2     0.8065    0.0193    0.0376      2596
          3     0.0000    0.0000    0.0000      1673
          4     0.9960    0.1885    0.3170      3947
          5     1.0000    1.0000    1.0000      1023
          6     0.9974    0.8647    0.9263       436
          7     1.0000    1.0000    1.0000       735

avg / total     0.8110    0.8352    0.7718     54924


             precision    recall  f1-score   support

          0     0.8263    0.9996    0.9047     42944
          1     0.5385    0.0089    0.0175      1570
          2     0.8065    0.0193    0.0376      2596
          3     0.0000    0.0000    0.0000      1673
          4     0.9947    0.1888    0.3173      3947
          5     1.0000    1.0000    1.0000      1023
          6     0.9974    0.8670    0.9276       436
          7     1.0000    1.0000    1.0000       735

avg / total     0.8110    0.8352    0.7718     54924


             precision    recall  f1-score   support

          0     0.8263    0.9995    0.9047     42944
          1     0.4412    0.0096    0.0187      1570
          2     0.8065    0.0193    0.0376      2596
          3     0.0000    0.0000    0.0000      1673
          4     0.9960    0.1885    0.3170      3947
          5     1.0000    1.0000    1.0000      1023
          6     0.9974    0.8647    0.9263       436
          7     1.0000    1.0000    1.0000       735

avg / total     0.8083    0.8351    0.7718     54924


             precision    recall  f1-score   support

          0     0.8263    0.9995    0.9047     42944
          1     0.5185    0.0089    0.0175      1570
          2     0.8065    0.0193    0.0376      2596
          3     0.0000    0.0000    0.0000      1673
          4     0.9920    0.1890    0.3175      3947
          5     1.0000    1.0000    1.0000      1023
          6     0.9974    0.8647    0.9263       436
          7     1.0000    1.0000    1.0000       735

avg / total     0.8102    0.8351    0.7718     54924


             precision    recall  f1-score   support

          0     0.8263    0.9995    0.9047     42944
          1     0.5385    0.0089    0.0175      1570
          2     0.8065    0.0193    0.0376      2596
          3     0.0000    0.0000    0.0000      1673
          4     0.9920    0.1890    0.3175      3947
          5     1.0000    1.0000    1.0000      1023
          6     0.9974    0.8670    0.9276       436
          7     1.0000    1.0000    1.0000       735

avg / total     0.8108    0.8352    0.7718     54924


             precision    recall  f1-score   support

          0     0.8263    0.9996    0.9047     42944
          1     0.5385    0.0089    0.0175      1570
          2     0.8065    0.0193    0.0376      2596
          3     0.0000    0.0000    0.0000      1673
          4     0.9960    0.1888    0.3174      3947
          5     1.0000    1.0000    1.0000      1023
          6     0.9974    0.8670    0.9276       436
          7     1.0000    1.0000    1.0000       735

avg / total     0.8111    0.8352    0.7718     54924


             precision    recall  f1-score   support

          0     0.8263    0.9996    0.9047     42944
          1     0.5185    0.0089    0.0175      1570
          2     0.8065    0.0193    0.0376      2596
          3     0.0000    0.0000    0.0000      1673
          4     0.9960    0.1888    0.3174      3947
          5     1.0000    1.0000    1.0000      1023
          6     0.9974    0.8670    0.9276       436
          7     1.0000    1.0000    1.0000       735

avg / total     0.8105    0.8352    0.7718     54924

lr:0.0657796,0.0657796,0.0657796,0.0657796,0.0657796,0.0657796,0.0657796,0.0657796,0.0131559,0.0131559,0.0131559,0.0131559,0.0131559,0.0131559,0.0131559,0.0131559,0.0131559,0.0131559,0.0131559,0.0131559,0.0131559,0.0131559,0.0131559,0.0131559,0.0131559,0.0131559,0.0131559,0.0131559,0.00263118,0.00263118,0.00263118,0.00263118,0.00263118,0.00263118,0.00263118,0.00263118,0.00263118,0.00263118,0.00263118,0.00263118,0.001,0.001,0.001,0.001,0.001,0.001,0.001,0.001,0.001,0.001
val_loss:0.522034302019,0.508426172884,0.503979763826,0.500875183028,0.501618274505,0.502241342094,0.507396940896,0.503312083924,0.494610716044,0.496225771846,0.491749384901,0.490360358721,0.489108015043,0.488952604833,0.489517458563,0.485942238481,0.486443657658,0.485621673423,0.486277495653,0.485213210795,0.48715473913,0.485424303939,0.485176514578,0.48368103378,0.483765838401,0.483848778714,0.484471244963,0.483648923643,0.482328526163,0.482159470923,0.481984619102,0.482179316411,0.481814047571,0.482068451844,0.481955767394,0.481473806522,0.481409605372,0.481536528365,0.481457054732,0.481376586749,0.481044010549,0.481168759645,0.481042674907,0.48105855961,0.481033859814,0.480898788624,0.481016413618,0.480857968024,0.480753517168,0.480866805582
acc:0.81868718741,0.828688642878,0.829653589073,0.829993445747,0.830048062761,0.830588190307,0.830454676905,0.830594260792,0.83063674167,0.830873427709,0.830982669033,0.831401419912,0.83185657912,0.832160022996,0.832232849667,0.832433119025,0.832505945649,0.832639461674,0.832694082704,0.83275477025,0.832772975602,0.832894352453,0.832900421998,0.832809389595,0.832918627616,0.832791183111,0.83296110952,0.832961110899,0.833076417694,0.833228139607,0.833161381918,0.833167451705,0.833185657994,0.833216002556,0.833216001581,0.83320993091,0.833234208663,0.833300963616,0.833197794838,0.833234207077,0.833155314558,0.833385928123,0.833385930162,0.833410205043,0.833294895721,0.833319173313,0.83342234114,0.833483031959,0.833428411759,0.833476961547
val_acc:0.827889445804,0.831567256347,0.832131672445,0.832477605913,0.832095258395,0.832714295476,0.831458015371,0.832313742105,0.832750710111,0.83300560787,0.832859951673,0.833042021334,0.833970576661,0.83431651013,0.834407544667,0.834462166327,0.834589614914,0.834662443013,0.834735269939,0.834953753649,0.834098027006,0.835044788773,0.834771683403,0.834953754235,0.835044788773,0.835026581748,0.834953753649,0.835226859019,0.835044789359,0.835208651994,0.835172237945,0.835226859019,0.835208651994,0.835135823896,0.835117616871,0.83519044497,0.835099409847,0.835208651408,0.835154030921,0.83519044497,0.835135823896,0.835154030921,0.835154030921,0.835154030334,0.835172237359,0.83509940926,0.835117616285,0.835154030334,0.835190444384,0.835172237359
loss:0.56290409596,0.514772992613,0.509010174926,0.507311726461,0.507073659578,0.504550184713,0.504436974321,0.503142130406,0.499393460788,0.49747577945,0.496270704369,0.494194890594,0.4930805554,0.492600821233,0.491583853262,0.490635364587,0.490528189726,0.489563780095,0.489193868121,0.489093714533,0.488660415215,0.487997673082,0.487974573487,0.487416175167,0.487241899738,0.487103948703,0.487008692338,0.486666599791,0.484636208427,0.483946969024,0.48429639304,0.48359777662,0.483858714254,0.483624827743,0.483619171201,0.483532751864,0.483606079851,0.483043364245,0.483248964571,0.483186554277,0.482560588144,0.482380643499,0.482354774015,0.48225774818,0.482193681055,0.482068989895,0.48198003691,0.481903581527,0.481553584344,0.481996927498
