
             precision    recall  f1-score   support

          0     0.8217    1.0000    0.9021     42944
          1     0.0000    0.0000    0.0000      1570
          2     0.9796    0.0185    0.0363      2596
          3     0.0000    0.0000    0.0000      1673
          4     1.0000    0.1695    0.2899      3947
          5     0.9669    1.0000    0.9832      1023
          6     1.0000    0.4243    0.5958       436
          7     0.9986    0.9497    0.9735       735

avg / total     0.7999    0.8296    0.7639     54924


             precision    recall  f1-score   support

          0     0.8238    0.9999    0.9033     42944
          1     0.0000    0.0000    0.0000      1570
          2     0.9423    0.0189    0.0370      2596
          3     0.0000    0.0000    0.0000      1673
          4     0.9973    0.1885    0.3171      3947
          5     0.9688    1.0000    0.9841      1023
          6     1.0000    0.5528    0.7120       436
          7     1.0000    0.9537    0.9763       735

avg / total     0.7997    0.8320    0.7679     54924


             precision    recall  f1-score   support

          0     0.8239    1.0000    0.9034     42944
          1     0.0000    0.0000    0.0000      1570
          2     0.9796    0.0185    0.0363      2596
          3     0.0000    0.0000    0.0000      1673
          4     0.9973    0.1882    0.3167      3947
          5     0.9697    1.0000    0.9846      1023
          6     1.0000    0.5734    0.7289       436
          7     1.0000    0.9565    0.9777       735

avg / total     0.8015    0.8322    0.7680     54924


             precision    recall  f1-score   support

          0     0.8240    1.0000    0.9035     42944
          1     0.0000    0.0000    0.0000      1570
          2     0.9796    0.0185    0.0363      2596
          3     0.0000    0.0000    0.0000      1673
          4     0.9973    0.1882    0.3167      3947
          5     0.9688    1.0000    0.9841      1023
          6     1.0000    0.5894    0.7417       436
          7     1.0000    0.9551    0.9770       735

avg / total     0.8016    0.8323    0.7682     54924


             precision    recall  f1-score   support

          0     0.8240    1.0000    0.9035     42944
          1     0.0000    0.0000    0.0000      1570
          2     0.9792    0.0181    0.0356      2596
          3     0.0000    0.0000    0.0000      1673
          4     0.9973    0.1882    0.3167      3947
          5     0.9688    1.0000    0.9841      1023
          6     1.0000    0.5872    0.7399       436
          7     1.0000    0.9551    0.9770       735

avg / total     0.8016    0.8323    0.7681     54924


             precision    recall  f1-score   support

          0     0.8228    1.0000    0.9028     42944
          1     0.0000    0.0000    0.0000      1570
          2     0.9796    0.0185    0.0363      2596
          3     0.0000    0.0000    0.0000      1673
          4     1.0000    0.1695    0.2899      3947
          5     0.9688    1.0000    0.9841      1023
          6     1.0000    0.5872    0.7399       436
          7     1.0000    0.9551    0.9770       735

avg / total     0.8009    0.8310    0.7657     54924


             precision    recall  f1-score   support

          0     0.8228    1.0000    0.9028     42944
          1     0.0000    0.0000    0.0000      1570
          2     0.9796    0.0185    0.0363      2596
          3     0.0000    0.0000    0.0000      1673
          4     1.0000    0.1695    0.2899      3947
          5     0.9688    1.0000    0.9841      1023
          6     1.0000    0.5826    0.7362       436
          7     1.0000    0.9551    0.9770       735

avg / total     0.8008    0.8310    0.7657     54924


             precision    recall  f1-score   support

          0     0.8230    1.0000    0.9029     42944
          1     0.0000    0.0000    0.0000      1570
          2     0.9796    0.0185    0.0363      2596
          3     0.0000    0.0000    0.0000      1673
          4     0.9985    0.1695    0.2898      3947
          5     0.9688    1.0000    0.9841      1023
          6     1.0000    0.6124    0.7596       436
          7     1.0000    0.9551    0.9770       735

avg / total     0.8009    0.8312    0.7659     54924


             precision    recall  f1-score   support

          0     0.8231    1.0000    0.9030     42944
          1     0.0000    0.0000    0.0000      1570
          2     0.9796    0.0185    0.0363      2596
          3     0.0000    0.0000    0.0000      1673
          4     0.9985    0.1695    0.2898      3947
          5     0.9688    1.0000    0.9841      1023
          6     1.0000    0.6284    0.7718       436
          7     1.0000    0.9551    0.9770       735

avg / total     0.8010    0.8313    0.7661     54924


             precision    recall  f1-score   support

          0     0.8230    1.0000    0.9029     42944
          1     0.0000    0.0000    0.0000      1570
          2     0.9796    0.0185    0.0363      2596
          3     0.0000    0.0000    0.0000      1673
          4     1.0000    0.1695    0.2899      3947
          5     0.9688    1.0000    0.9841      1023
          6     1.0000    0.6216    0.7666       436
          7     1.0000    0.9551    0.9770       735

avg / total     0.8011    0.8313    0.7660     54924


             precision    recall  f1-score   support

          0     0.8230    1.0000    0.9029     42944
          1     0.0000    0.0000    0.0000      1570
          2     0.9796    0.0185    0.0363      2596
          3     0.0000    0.0000    0.0000      1673
          4     1.0000    0.1695    0.2899      3947
          5     0.9688    1.0000    0.9841      1023
          6     1.0000    0.6170    0.7631       436
          7     1.0000    0.9551    0.9770       735

avg / total     0.8010    0.8312    0.7660     54924


             precision    recall  f1-score   support

          0     0.8230    1.0000    0.9029     42944
          1     0.0000    0.0000    0.0000      1570
          2     0.9796    0.0185    0.0363      2596
          3     0.0000    0.0000    0.0000      1673
          4     1.0000    0.1695    0.2899      3947
          5     0.9688    1.0000    0.9841      1023
          6     1.0000    0.6216    0.7666       436
          7     1.0000    0.9551    0.9770       735

avg / total     0.8011    0.8313    0.7660     54924


             precision    recall  f1-score   support

          0     0.8231    1.0000    0.9029     42944
          1     0.0000    0.0000    0.0000      1570
          2     0.9796    0.0185    0.0363      2596
          3     0.0000    0.0000    0.0000      1673
          4     1.0000    0.1695    0.2899      3947
          5     0.9688    1.0000    0.9841      1023
          6     1.0000    0.6239    0.7684       436
          7     1.0000    0.9551    0.9770       735

avg / total     0.8011    0.8313    0.7660     54924


             precision    recall  f1-score   support

          0     0.8231    1.0000    0.9029     42944
          1     0.0000    0.0000    0.0000      1570
          2     0.9796    0.0185    0.0363      2596
          3     0.0000    0.0000    0.0000      1673
          4     1.0000    0.1695    0.2899      3947
          5     0.9688    1.0000    0.9841      1023
          6     1.0000    0.6239    0.7684       436
          7     1.0000    0.9551    0.9770       735

avg / total     0.8011    0.8313    0.7660     54924


             precision    recall  f1-score   support

          0     0.8230    1.0000    0.9029     42944
          1     0.0000    0.0000    0.0000      1570
          2     0.9796    0.0185    0.0363      2596
          3     0.0000    0.0000    0.0000      1673
          4     1.0000    0.1695    0.2899      3947
          5     0.9688    1.0000    0.9841      1023
          6     1.0000    0.6216    0.7666       436
          7     1.0000    0.9551    0.9770       735

avg / total     0.8011    0.8313    0.7660     54924


             precision    recall  f1-score   support

          0     0.8230    1.0000    0.9029     42944
          1     0.0000    0.0000    0.0000      1570
          2     0.9796    0.0185    0.0363      2596
          3     0.0000    0.0000    0.0000      1673
          4     1.0000    0.1695    0.2899      3947
          5     0.9688    1.0000    0.9841      1023
          6     1.0000    0.6216    0.7666       436
          7     1.0000    0.9551    0.9770       735

avg / total     0.8011    0.8313    0.7660     54924


             precision    recall  f1-score   support

          0     0.8230    1.0000    0.9029     42944
          1     0.0000    0.0000    0.0000      1570
          2     0.9796    0.0185    0.0363      2596
          3     0.0000    0.0000    0.0000      1673
          4     1.0000    0.1695    0.2899      3947
          5     0.9688    1.0000    0.9841      1023
          6     1.0000    0.6216    0.7666       436
          7     1.0000    0.9551    0.9770       735

avg / total     0.8011    0.8313    0.7660     54924


             precision    recall  f1-score   support

          0     0.8230    1.0000    0.9029     42944
          1     0.0000    0.0000    0.0000      1570
          2     0.9796    0.0185    0.0363      2596
          3     0.0000    0.0000    0.0000      1673
          4     1.0000    0.1695    0.2899      3947
          5     0.9688    1.0000    0.9841      1023
          6     1.0000    0.6216    0.7666       436
          7     1.0000    0.9551    0.9770       735

avg / total     0.8011    0.8313    0.7660     54924


             precision    recall  f1-score   support

          0     0.8230    1.0000    0.9029     42944
          1     0.0000    0.0000    0.0000      1570
          2     0.9796    0.0185    0.0363      2596
          3     0.0000    0.0000    0.0000      1673
          4     1.0000    0.1695    0.2899      3947
          5     0.9688    1.0000    0.9841      1023
          6     1.0000    0.6216    0.7666       436
          7     1.0000    0.9551    0.9770       735

avg / total     0.8011    0.8313    0.7660     54924


             precision    recall  f1-score   support

          0     0.8231    1.0000    0.9029     42944
          1     0.0000    0.0000    0.0000      1570
          2     0.9796    0.0185    0.0363      2596
          3     0.0000    0.0000    0.0000      1673
          4     1.0000    0.1695    0.2899      3947
          5     0.9688    1.0000    0.9841      1023
          6     1.0000    0.6239    0.7684       436
          7     1.0000    0.9551    0.9770       735

avg / total     0.8011    0.8313    0.7660     54924


             precision    recall  f1-score   support

          0     0.8231    1.0000    0.9029     42944
          1     0.0000    0.0000    0.0000      1570
          2     0.9796    0.0185    0.0363      2596
          3     0.0000    0.0000    0.0000      1673
          4     1.0000    0.1695    0.2899      3947
          5     0.9688    1.0000    0.9841      1023
          6     1.0000    0.6239    0.7684       436
          7     1.0000    0.9551    0.9770       735

avg / total     0.8011    0.8313    0.7660     54924


             precision    recall  f1-score   support

          0     0.8230    1.0000    0.9029     42944
          1     0.0000    0.0000    0.0000      1570
          2     0.9796    0.0185    0.0363      2596
          3     0.0000    0.0000    0.0000      1673
          4     1.0000    0.1695    0.2899      3947
          5     0.9688    1.0000    0.9841      1023
          6     1.0000    0.6216    0.7666       436
          7     1.0000    0.9551    0.9770       735

avg / total     0.8011    0.8313    0.7660     54924


             precision    recall  f1-score   support

          0     0.8231    1.0000    0.9030     42944
          1     0.0000    0.0000    0.0000      1570
          2     0.9796    0.0185    0.0363      2596
          3     0.0000    0.0000    0.0000      1673
          4     1.0000    0.1695    0.2899      3947
          5     0.9688    1.0000    0.9841      1023
          6     1.0000    0.6261    0.7701       436
          7     1.0000    0.9551    0.9770       735

avg / total     0.8011    0.8313    0.7661     54924


             precision    recall  f1-score   support

          0     0.8230    1.0000    0.9029     42944
          1     0.0000    0.0000    0.0000      1570
          2     0.9796    0.0185    0.0363      2596
          3     0.0000    0.0000    0.0000      1673
          4     1.0000    0.1695    0.2899      3947
          5     0.9688    1.0000    0.9841      1023
          6     1.0000    0.6216    0.7666       436
          7     1.0000    0.9551    0.9770       735

avg / total     0.8011    0.8313    0.7660     54924


             precision    recall  f1-score   support

          0     0.8231    1.0000    0.9030     42944
          1     0.0000    0.0000    0.0000      1570
          2     0.9796    0.0185    0.0363      2596
          3     0.0000    0.0000    0.0000      1673
          4     1.0000    0.1695    0.2899      3947
          5     0.9688    1.0000    0.9841      1023
          6     1.0000    0.6284    0.7718       436
          7     1.0000    0.9551    0.9770       735

avg / total     0.8011    0.8313    0.7661     54924


             precision    recall  f1-score   support

          0     0.8231    1.0000    0.9029     42944
          1     0.0000    0.0000    0.0000      1570
          2     0.9796    0.0185    0.0363      2596
          3     0.0000    0.0000    0.0000      1673
          4     1.0000    0.1695    0.2899      3947
          5     0.9688    1.0000    0.9841      1023
          6     1.0000    0.6239    0.7684       436
          7     1.0000    0.9551    0.9770       735

avg / total     0.8011    0.8313    0.7660     54924


             precision    recall  f1-score   support

          0     0.8230    1.0000    0.9029     42944
          1     0.0000    0.0000    0.0000      1570
          2     0.9796    0.0185    0.0363      2596
          3     0.0000    0.0000    0.0000      1673
          4     1.0000    0.1695    0.2899      3947
          5     0.9688    1.0000    0.9841      1023
          6     1.0000    0.6216    0.7666       436
          7     1.0000    0.9551    0.9770       735

avg / total     0.8011    0.8313    0.7660     54924


             precision    recall  f1-score   support

          0     0.8231    1.0000    0.9029     42944
          1     0.0000    0.0000    0.0000      1570
          2     0.9796    0.0185    0.0363      2596
          3     0.0000    0.0000    0.0000      1673
          4     1.0000    0.1695    0.2899      3947
          5     0.9688    1.0000    0.9841      1023
          6     1.0000    0.6239    0.7684       436
          7     1.0000    0.9551    0.9770       735

avg / total     0.8011    0.8313    0.7660     54924


             precision    recall  f1-score   support

          0     0.8231    1.0000    0.9029     42944
          1     0.0000    0.0000    0.0000      1570
          2     0.9796    0.0185    0.0363      2596
          3     0.0000    0.0000    0.0000      1673
          4     1.0000    0.1695    0.2899      3947
          5     0.9688    1.0000    0.9841      1023
          6     1.0000    0.6239    0.7684       436
          7     1.0000    0.9551    0.9770       735

avg / total     0.8011    0.8313    0.7660     54924


             precision    recall  f1-score   support

          0     0.8231    1.0000    0.9029     42944
          1     0.0000    0.0000    0.0000      1570
          2     0.9796    0.0185    0.0363      2596
          3     0.0000    0.0000    0.0000      1673
          4     1.0000    0.1695    0.2899      3947
          5     0.9688    1.0000    0.9841      1023
          6     1.0000    0.6239    0.7684       436
          7     1.0000    0.9551    0.9770       735

avg / total     0.8011    0.8313    0.7660     54924


             precision    recall  f1-score   support

          0     0.8231    1.0000    0.9029     42944
          1     0.0000    0.0000    0.0000      1570
          2     0.9796    0.0185    0.0363      2596
          3     0.0000    0.0000    0.0000      1673
          4     1.0000    0.1695    0.2899      3947
          5     0.9688    1.0000    0.9841      1023
          6     1.0000    0.6239    0.7684       436
          7     1.0000    0.9551    0.9770       735

avg / total     0.8011    0.8313    0.7660     54924


             precision    recall  f1-score   support

          0     0.8231    1.0000    0.9029     42944
          1     0.0000    0.0000    0.0000      1570
          2     0.9796    0.0185    0.0363      2596
          3     0.0000    0.0000    0.0000      1673
          4     1.0000    0.1695    0.2899      3947
          5     0.9688    1.0000    0.9841      1023
          6     1.0000    0.6239    0.7684       436
          7     1.0000    0.9551    0.9770       735

avg / total     0.8011    0.8313    0.7660     54924


             precision    recall  f1-score   support

          0     0.8231    1.0000    0.9029     42944
          1     0.0000    0.0000    0.0000      1570
          2     0.9796    0.0185    0.0363      2596
          3     0.0000    0.0000    0.0000      1673
          4     1.0000    0.1695    0.2899      3947
          5     0.9688    1.0000    0.9841      1023
          6     1.0000    0.6239    0.7684       436
          7     1.0000    0.9551    0.9770       735

avg / total     0.8011    0.8313    0.7660     54924


             precision    recall  f1-score   support

          0     0.8231    1.0000    0.9030     42944
          1     0.0000    0.0000    0.0000      1570
          2     0.9796    0.0185    0.0363      2596
          3     0.0000    0.0000    0.0000      1673
          4     1.0000    0.1695    0.2899      3947
          5     0.9688    1.0000    0.9841      1023
          6     1.0000    0.6261    0.7701       436
          7     1.0000    0.9551    0.9770       735

avg / total     0.8011    0.8313    0.7661     54924


             precision    recall  f1-score   support

          0     0.8231    1.0000    0.9029     42944
          1     0.0000    0.0000    0.0000      1570
          2     0.9796    0.0185    0.0363      2596
          3     0.0000    0.0000    0.0000      1673
          4     1.0000    0.1695    0.2899      3947
          5     0.9688    1.0000    0.9841      1023
          6     1.0000    0.6239    0.7684       436
          7     1.0000    0.9551    0.9770       735

avg / total     0.8011    0.8313    0.7660     54924


             precision    recall  f1-score   support

          0     0.8231    1.0000    0.9030     42944
          1     0.0000    0.0000    0.0000      1570
          2     0.9796    0.0185    0.0363      2596
          3     0.0000    0.0000    0.0000      1673
          4     1.0000    0.1695    0.2899      3947
          5     0.9688    1.0000    0.9841      1023
          6     1.0000    0.6261    0.7701       436
          7     1.0000    0.9551    0.9770       735

avg / total     0.8011    0.8313    0.7661     54924


             precision    recall  f1-score   support

          0     0.8231    1.0000    0.9030     42944
          1     0.0000    0.0000    0.0000      1570
          2     0.9796    0.0185    0.0363      2596
          3     0.0000    0.0000    0.0000      1673
          4     1.0000    0.1695    0.2899      3947
          5     0.9688    1.0000    0.9841      1023
          6     1.0000    0.6261    0.7701       436
          7     1.0000    0.9551    0.9770       735

avg / total     0.8011    0.8313    0.7661     54924


             precision    recall  f1-score   support

          0     0.8231    1.0000    0.9030     42944
          1     0.0000    0.0000    0.0000      1570
          2     0.9796    0.0185    0.0363      2596
          3     0.0000    0.0000    0.0000      1673
          4     1.0000    0.1695    0.2899      3947
          5     0.9688    1.0000    0.9841      1023
          6     1.0000    0.6261    0.7701       436
          7     1.0000    0.9551    0.9770       735

avg / total     0.8011    0.8313    0.7661     54924


             precision    recall  f1-score   support

          0     0.8231    1.0000    0.9030     42944
          1     0.0000    0.0000    0.0000      1570
          2     0.9796    0.0185    0.0363      2596
          3     0.0000    0.0000    0.0000      1673
          4     1.0000    0.1695    0.2899      3947
          5     0.9688    1.0000    0.9841      1023
          6     1.0000    0.6261    0.7701       436
          7     1.0000    0.9551    0.9770       735

avg / total     0.8011    0.8313    0.7661     54924


             precision    recall  f1-score   support

          0     0.8231    1.0000    0.9030     42944
          1     0.0000    0.0000    0.0000      1570
          2     0.9796    0.0185    0.0363      2596
          3     0.0000    0.0000    0.0000      1673
          4     1.0000    0.1695    0.2899      3947
          5     0.9688    1.0000    0.9841      1023
          6     1.0000    0.6261    0.7701       436
          7     1.0000    0.9551    0.9770       735

avg / total     0.8011    0.8313    0.7661     54924


             precision    recall  f1-score   support

          0     0.8231    0.9999    0.9029     42944
          1     0.0000    0.0000    0.0000      1570
          2     0.9074    0.0189    0.0370      2596
          3     0.0000    0.0000    0.0000      1673
          4     1.0000    0.1695    0.2899      3947
          5     0.9688    1.0000    0.9841      1023
          6     1.0000    0.6261    0.7701       436
          7     1.0000    0.9551    0.9770       735

avg / total     0.7977    0.8313    0.7661     54924


             precision    recall  f1-score   support

          0     0.8243    1.0000    0.9036     42944
          1     0.0000    0.0000    0.0000      1570
          2     0.9796    0.0185    0.0363      2596
          3     0.0000    0.0000    0.0000      1673
          4     0.9973    0.1885    0.3171      3947
          5     0.9688    1.0000    0.9841      1023
          6     1.0000    0.6261    0.7701       436
          7     1.0000    0.9551    0.9770       735

avg / total     0.8018    0.8326    0.7686     54924


             precision    recall  f1-score   support

          0     0.8242    0.9999    0.9036     42944
          1     0.0000    0.0000    0.0000      1570
          2     0.9057    0.0185    0.0362      2596
          3     0.0000    0.0000    0.0000      1673
          4     0.9973    0.1885    0.3171      3947
          5     0.9724    1.0000    0.9860      1023
          6     1.0000    0.6261    0.7701       436
          7     1.0000    0.9605    0.9799       735

avg / total     0.7984    0.8326    0.7686     54924


             precision    recall  f1-score   support

          0     0.8242    0.9999    0.9036     42944
          1     0.0000    0.0000    0.0000      1570
          2     0.9057    0.0185    0.0362      2596
          3     0.0000    0.0000    0.0000      1673
          4     0.9973    0.1885    0.3171      3947
          5     0.9734    1.0000    0.9865      1023
          6     1.0000    0.6261    0.7701       436
          7     1.0000    0.9619    0.9806       735

avg / total     0.7984    0.8327    0.7686     54924


             precision    recall  f1-score   support

          0     0.8243    1.0000    0.9036     42944
          1     0.0000    0.0000    0.0000      1570
          2     0.9796    0.0185    0.0363      2596
          3     0.0000    0.0000    0.0000      1673
          4     0.9973    0.1885    0.3171      3947
          5     0.9734    1.0000    0.9865      1023
          6     1.0000    0.6261    0.7701       436
          7     1.0000    0.9619    0.9806       735

avg / total     0.8019    0.8327    0.7687     54924


             precision    recall  f1-score   support

          0     0.8243    0.9998    0.9036     42944
          1     0.0000    0.0000    0.0000      1570
          2     0.8947    0.0196    0.0384      2596
          3     0.0000    0.0000    0.0000      1673
          4     0.9973    0.1885    0.3171      3947
          5     0.9734    1.0000    0.9865      1023
          6     1.0000    0.6261    0.7701       436
          7     1.0000    0.9619    0.9806       735

avg / total     0.7979    0.8327    0.7687     54924


             precision    recall  f1-score   support

          0     0.8242    0.9999    0.9036     42944
          1     0.0000    0.0000    0.0000      1570
          2     0.9057    0.0185    0.0362      2596
          3     0.0000    0.0000    0.0000      1673
          4     0.9973    0.1885    0.3171      3947
          5     0.9734    1.0000    0.9865      1023
          6     1.0000    0.6261    0.7701       436
          7     1.0000    0.9619    0.9806       735

avg / total     0.7984    0.8327    0.7686     54924


             precision    recall  f1-score   support

          0     0.8243    0.9998    0.9036     42944
          1     0.0000    0.0000    0.0000      1570
          2     0.8793    0.0196    0.0384      2596
          3     0.0000    0.0000    0.0000      1673
          4     0.9973    0.1885    0.3171      3947
          5     0.9734    1.0000    0.9865      1023
          6     1.0000    0.6261    0.7701       436
          7     1.0000    0.9619    0.9806       735

avg / total     0.7972    0.8327    0.7687     54924


             precision    recall  f1-score   support

          0     0.8243    0.9998    0.9036     42944
          1     0.0000    0.0000    0.0000      1570
          2     0.8966    0.0200    0.0392      2596
          3     0.0000    0.0000    0.0000      1673
          4     0.9973    0.1885    0.3171      3947
          5     0.9734    1.0000    0.9865      1023
          6     1.0000    0.6261    0.7701       436
          7     1.0000    0.9619    0.9806       735

avg / total     0.7980    0.8327    0.7688     54924


             precision    recall  f1-score   support

          0     0.8242    0.9999    0.9036     42944
          1     0.0000    0.0000    0.0000      1570
          2     0.9057    0.0185    0.0362      2596
          3     0.0000    0.0000    0.0000      1673
          4     0.9973    0.1885    0.3171      3947
          5     0.9734    1.0000    0.9865      1023
          6     1.0000    0.6261    0.7701       436
          7     1.0000    0.9619    0.9806       735

avg / total     0.7984    0.8327    0.7686     54924

lr:0.0988684,0.0988684,0.0988684,0.0988684,0.0988684,0.0988684,0.0988684,0.0988684,0.0197737,0.0197737,0.0197737,0.00395474,0.00395474,0.00395474,0.001,0.001,0.001,0.001,0.001,0.001,0.001,0.001,0.001,0.001,0.001,0.001,0.001,0.001,0.001,0.001,0.001,0.001,0.001,0.001,0.001,0.001,0.001,0.001,0.001,0.001,0.001,0.001,0.001,0.001,0.001,0.001,0.001,0.001,0.001,0.001
val_loss:0.511316537992,0.50826687035,0.503792151769,0.503370148474,0.504144927081,0.513940680766,0.508447584799,0.508229672125,0.50745161155,0.506018144532,0.50631238115,0.505653311258,0.505799062088,0.5056769059,0.505669114263,0.505463242568,0.505549008371,0.505538209019,0.50549307558,0.505194125409,0.505185310164,0.504922772674,0.504856013488,0.504616897609,0.504792590131,0.504630951526,0.504366309868,0.504286907947,0.504294208322,0.504215096411,0.504312536475,0.504151602013,0.504182244544,0.504137142063,0.504174931528,0.504048463887,0.503367938727,0.503110111161,0.502843963296,0.502372317515,0.501083307148,0.499735081311,0.499335503148,0.499095099957,0.49889351378,0.498732536673,0.498636097144,0.498430413497,0.49850977843,0.498250374386
acc:0.821824777297,0.828749330983,0.829222702338,0.828676505505,0.829932756525,0.829362285153,0.828585471693,0.82881001933,0.828961739657,0.829058842242,0.828979947337,0.829210563258,0.829137736755,0.829204494832,0.829246977217,0.829228771078,0.829192355918,0.829253045944,0.829186288365,0.829143806948,0.82920449466,0.829216632114,0.829228770165,0.829180218736,0.829222700104,0.829204495802,0.829277321079,0.829331940743,0.829246976155,0.829301596209,0.829234839938,0.829307665018,0.829307663718,0.829210563525,0.829210562923,0.829186289109,0.82926518224,0.829301595119,0.829283388949,0.829210562857,0.829259114104,0.830266541381,0.830521433054,0.830448607746,0.830387919431,0.830466814155,0.830436470071,0.83053964027,0.830485022583,0.830491089073
val_acc:0.82961911013,0.832040636475,0.832222706092,0.832331948153,0.832295534521,0.831002839802,0.830966425879,0.83118490971,0.831312358588,0.831275944373,0.83123953045,0.831275944373,0.831294151481,0.831294151481,0.831275944373,0.831275944373,0.831275944373,0.831275944373,0.831275944373,0.831294151481,0.831294151481,0.831275944373,0.831312358297,0.831275944373,0.831330565404,0.831294151481,0.831275944373,0.831294151481,0.831294151481,0.831294151481,0.831294151481,0.831294151481,0.831294151481,0.831312358297,0.831294151481,0.831312358297,0.831312358297,0.831312358297,0.831312358297,0.831312358297,0.831257737557,0.832641466648,0.832641466648,0.832659673755,0.832732501893,0.832696087097,0.832659673755,0.83267787999,0.832714294204,0.832659673755
loss:0.545507256614,0.515411904239,0.515133511847,0.51831640273,0.514591963544,0.51499245718,0.517861187273,0.518811052306,0.518613344218,0.518328366674,0.518606142759,0.51745498799,0.517466962202,0.517313271113,0.516864115051,0.516971558004,0.517936003816,0.517005826235,0.516949294026,0.517139057709,0.516064981269,0.514524259746,0.512985596066,0.513014833706,0.512304841972,0.512475528527,0.511744049887,0.511493251141,0.511384849367,0.51155517563,0.511279701032,0.510788803262,0.510650413157,0.510970769296,0.510913415219,0.511154965859,0.509840593374,0.508597998046,0.50809639017,0.507768667643,0.50674893556,0.504525042019,0.503953245117,0.504088901305,0.504102069565,0.503340993951,0.503329636679,0.503063203808,0.502917005296,0.50280215523
