
             precision    recall  f1-score   support

          0     0.9215    0.9921    0.9555     42979
          1     0.6016    0.6064    0.6040      1509
          2     0.7450    0.3729    0.4971      2609
          3     0.7943    0.4258    0.5544      1623
          4     0.9867    0.7239    0.8352      4010
          5     0.9863    0.9892    0.9878      1021
          6     1.0000    0.6469    0.7856       439
          7     1.0000    0.9591    0.9791       734

avg / total     0.9082    0.9125    0.9030     54924


             precision    recall  f1-score   support

          0     0.9259    0.9903    0.9570     42979
          1     0.6597    0.5229    0.5834      1509
          2     0.7144    0.4534    0.5547      2609
          3     0.8373    0.4375    0.5747      1623
          4     0.9533    0.7536    0.8418      4010
          5     0.9970    0.9824    0.9896      1021
          6     0.9915    0.7995    0.8852       439
          7     0.9917    0.9768    0.9842       734

avg / total     0.9106    0.9165    0.9083     54924


             precision    recall  f1-score   support

          0     0.9316    0.9926    0.9611     42979
          1     0.7185    0.5666    0.6336      1509
          2     0.7938    0.5178    0.6268      2609
          3     0.8990    0.4498    0.5996      1623
          4     0.9554    0.7905    0.8652      4010
          5     0.9961    0.9892    0.9926      1021
          6     0.9839    0.8360    0.9039       439
          7     0.9903    0.9755    0.9828       734

avg / total     0.9224    0.9260    0.9190     54924


             precision    recall  f1-score   support

          0     0.9379    0.9923    0.9643     42979
          1     0.7125    0.5944    0.6481      1509
          2     0.7694    0.5922    0.6693      2609
          3     0.9183    0.4781    0.6288      1623
          4     0.9772    0.7895    0.8734      4010
          5     0.9931    0.9892    0.9912      1021
          6     0.9864    0.8292    0.9010       439
          7     1.0000    0.9714    0.9855       734

avg / total     0.9282    0.9307    0.9254     54924


             precision    recall  f1-score   support

          0     0.9383    0.9896    0.9632     42979
          1     0.7805    0.5421    0.6398      1509
          2     0.7376    0.6271    0.6779      2609
          3     0.9090    0.4923    0.6387      1623
          4     0.9662    0.8122    0.8825      4010
          5     0.9939    0.9569    0.9750      1021
          6     0.9890    0.8155    0.8939       439
          7     0.9727    0.9714    0.9721       734

avg / total     0.9275    0.9302    0.9251     54924


             precision    recall  f1-score   support

          0     0.9422    0.9930    0.9670     42979
          1     0.7428    0.6620    0.7001      1509
          2     0.8085    0.6167    0.6997      2609
          3     0.9018    0.5262    0.6646      1623
          4     0.9871    0.8007    0.8842      4010
          5     0.9941    0.9873    0.9907      1021
          6     0.9946    0.8314    0.9057       439
          7     0.9986    0.9714    0.9848       734

avg / total     0.9346    0.9365    0.9321     54924


             precision    recall  f1-score   support

          0     0.9528    0.9859    0.9691     42979
          1     0.7099    0.7296    0.7196      1509
          2     0.8249    0.6719    0.7406      2609
          3     0.8994    0.5675    0.6959      1623
          4     0.9283    0.8429    0.8835      4010
          5     0.9912    0.9892    0.9902      1021
          6     0.9842    0.8497    0.9120       439
          7     0.9958    0.9687    0.9820       734

avg / total     0.9383    0.9399    0.9372     54924


             precision    recall  f1-score   support

          0     0.9506    0.9918    0.9708     42979
          1     0.8303    0.6547    0.7321      1509
          2     0.8150    0.7463    0.7791      2609
          3     0.9292    0.5576    0.6970      1623
          4     0.9802    0.8382    0.9036      4010
          5     0.9951    0.9892    0.9921      1021
          6     0.9866    0.8383    0.9064       439
          7     0.9986    0.9728    0.9855       734

avg / total     0.9442    0.9453    0.9422     54924


             precision    recall  f1-score   support

          0     0.9569    0.9893    0.9728     42979
          1     0.8144    0.7038    0.7551      1509
          2     0.8613    0.7190    0.7838      2609
          3     0.8685    0.6716    0.7575      1623
          4     0.9533    0.8658    0.9075      4010
          5     0.9951    0.9882    0.9916      1021
          6     0.9765    0.8519    0.9100       439
          7     0.9958    0.9714    0.9834       734

avg / total     0.9470    0.9488    0.9467     54924


             precision    recall  f1-score   support

          0     0.9579    0.9886    0.9730     42979
          1     0.8565    0.6249    0.7226      1509
          2     0.8180    0.7681    0.7923      2609
          3     0.8779    0.6864    0.7704      1623
          4     0.9579    0.8678    0.9106      4010
          5     0.9961    0.9892    0.9926      1021
          6     0.9818    0.8588    0.9162       439
          7     0.9958    0.9728    0.9841       734

avg / total     0.9475    0.9492    0.9471     54924


             precision    recall  f1-score   support

          0     0.9599    0.9892    0.9743     42979
          1     0.8488    0.6918    0.7623      1509
          2     0.8454    0.7627    0.8019      2609
          3     0.8603    0.6981    0.7707      1623
          4     0.9636    0.8706    0.9147      4010
          5     0.9921    0.9892    0.9907      1021
          6     0.9686    0.8428    0.9013       439
          7     0.9958    0.9673    0.9813       734

avg / total     0.9499    0.9515    0.9498     54924


             precision    recall  f1-score   support

          0     0.9627    0.9886    0.9755     42979
          1     0.8459    0.6766    0.7518      1509
          2     0.8287    0.7953    0.8117      2609
          3     0.9050    0.6691    0.7694      1623
          4     0.9337    0.8776    0.9047      4010
          5     0.9941    0.9892    0.9917      1021
          6     0.9868    0.8497    0.9131       439
          7     0.9972    0.9714    0.9841       734

avg / total     0.9505    0.9520    0.9502     54924


             precision    recall  f1-score   support

          0     0.9644    0.9869    0.9755     42979
          1     0.8136    0.7349    0.7723      1509
          2     0.8343    0.8087    0.8213      2609
          3     0.8848    0.7006    0.7820      1623
          4     0.9606    0.8763    0.9165      4010
          5     0.9941    0.9892    0.9917      1021
          6     0.9867    0.8451    0.9104       439
          7     0.9972    0.9728    0.9848       734

avg / total     0.9526    0.9537    0.9525     54924


             precision    recall  f1-score   support

          0     0.9577    0.9924    0.9748     42979
          1     0.8165    0.7488    0.7812      1509
          2     0.8705    0.7551    0.8087      2609
          3     0.9337    0.6593    0.7728      1623
          4     0.9729    0.8494    0.9069      4010
          5     0.9931    0.9882    0.9907      1021
          6     0.9919    0.8383    0.9086       439
          7     0.9972    0.9619    0.9792       734

avg / total     0.9516    0.9524    0.9505     54924


             precision    recall  f1-score   support

          0     0.9593    0.9901    0.9745     42979
          1     0.8543    0.6918    0.7646      1509
          2     0.8599    0.7719    0.8136      2609
          3     0.9077    0.6543    0.7605      1623
          4     0.9505    0.8803    0.9140      4010
          5     0.9941    0.9922    0.9931      1021
          6     0.9868    0.8542    0.9158       439
          7     0.9944    0.9728    0.9835       734

avg / total     0.9509    0.9524    0.9503     54924


             precision    recall  f1-score   support

          0     0.9616    0.9908    0.9760     42979
          1     0.8395    0.7488    0.7916      1509
          2     0.8565    0.8164    0.8359      2609
          3     0.9378    0.6408    0.7613      1623
          4     0.9738    0.8708    0.9194      4010
          5     0.9941    0.9892    0.9917      1021
          6     0.9894    0.8519    0.9155       439
          7     0.9972    0.9728    0.9848       734

avg / total     0.9547    0.9554    0.9537     54924


             precision    recall  f1-score   support

          0     0.9660    0.9893    0.9775     42979
          1     0.8227    0.7535    0.7866      1509
          2     0.8607    0.7842    0.8207      2609
          3     0.9076    0.7443    0.8179      1623
          4     0.9622    0.8893    0.9243      4010
          5     0.9951    0.9882    0.9916      1021
          6     0.9843    0.8565    0.9160       439
          7     0.9972    0.9728    0.9848       734

avg / total     0.9562    0.9573    0.9561     54924


             precision    recall  f1-score   support

          0     0.9666    0.9885    0.9774     42979
          1     0.7852    0.7727    0.7789      1509
          2     0.8484    0.7980    0.8224      2609
          3     0.9217    0.7184    0.8075      1623
          4     0.9691    0.8840    0.9246      4010
          5     0.9931    0.9902    0.9917      1021
          6     0.9762    0.8405    0.9033       439
          7     0.9972    0.9700    0.9834       734

avg / total     0.9559    0.9565    0.9555     54924


             precision    recall  f1-score   support

          0     0.9659    0.9899    0.9778     42979
          1     0.8832    0.7064    0.7850      1509
          2     0.8303    0.8440    0.8371      2609
          3     0.9316    0.7049    0.8025      1623
          4     0.9658    0.8860    0.9242      4010
          5     0.9912    0.9922    0.9917      1021
          6     0.9815    0.8451    0.9082       439
          7     0.9944    0.9687    0.9814       734

avg / total     0.9572    0.9577    0.9564     54924


             precision    recall  f1-score   support

          0     0.9720    0.9821    0.9770     42979
          1     0.8398    0.7502    0.7924      1509
          2     0.8057    0.8628    0.8332      2609
          3     0.8753    0.7788    0.8243      1623
          4     0.9475    0.8958    0.9209      4010
          5     0.9931    0.9922    0.9927      1021
          6     0.9768    0.8633    0.9166       439
          7     0.9972    0.9700    0.9834       734

avg / total     0.9566    0.9568    0.9564     54924


             precision    recall  f1-score   support

          0     0.9630    0.9923    0.9774     42979
          1     0.8823    0.7150    0.7899      1509
          2     0.8526    0.8202    0.8361      2609
          3     0.9588    0.6741    0.7916      1623
          4     0.9716    0.8863    0.9270      4010
          5     0.9961    0.9892    0.9926      1021
          6     0.9841    0.8474    0.9106       439
          7     0.9972    0.9714    0.9841       734

avg / total     0.9573    0.9579    0.9562     54924


             precision    recall  f1-score   support

          0     0.9705    0.9923    0.9813     42979
          1     0.8726    0.7760    0.8215      1509
          2     0.8813    0.8540    0.8674      2609
          3     0.9383    0.7677    0.8445      1623
          4     0.9809    0.8950    0.9360      4010
          5     0.9922    0.9922    0.9922      1021
          6     0.9843    0.8565    0.9160       439
          7     0.9931    0.9741    0.9835       734

avg / total     0.9642    0.9647    0.9638     54924


             precision    recall  f1-score   support

          0     0.9710    0.9924    0.9816     42979
          1     0.8599    0.8052    0.8316      1509
          2     0.8979    0.8563    0.8766      2609
          3     0.9461    0.7566    0.8408      1623
          4     0.9769    0.8960    0.9347      4010
          5     0.9961    0.9922    0.9941      1021
          6     0.9768    0.8633    0.9166       439
          7     0.9972    0.9755    0.9862       734

avg / total     0.9650    0.9655    0.9647     54924


             precision    recall  f1-score   support

          0     0.9720    0.9926    0.9822     42979
          1     0.8803    0.7747    0.8241      1509
          2     0.8860    0.8547    0.8701      2609
          3     0.9494    0.7628    0.8459      1623
          4     0.9713    0.9117    0.9406      4010
          5     0.9961    0.9922    0.9941      1021
          6     0.9767    0.8610    0.9153       439
          7     0.9972    0.9755    0.9862       734

avg / total     0.9655    0.9661    0.9652     54924


             precision    recall  f1-score   support

          0     0.9753    0.9866    0.9809     42979
          1     0.7025    0.8403    0.7652      1509
          2     0.8913    0.8421    0.8660      2609
          3     0.9266    0.7702    0.8412      1623
          4     0.9798    0.9052    0.9410      4010
          5     0.9970    0.9902    0.9936      1021
          6     0.9717    0.8610    0.9130       439
          7     0.9972    0.9755    0.9862       734

avg / total     0.9633    0.9623    0.9623     54924


             precision    recall  f1-score   support

          0     0.9717    0.9918    0.9817     42979
          1     0.8746    0.7952    0.8330      1509
          2     0.8983    0.8463    0.8715      2609
          3     0.9319    0.7751    0.8463      1623
          4     0.9710    0.9105    0.9398      4010
          5     0.9961    0.9892    0.9926      1021
          6     0.9792    0.8565    0.9137       439
          7     0.9972    0.9755    0.9862       734

avg / total     0.9652    0.9658    0.9650     54924


             precision    recall  f1-score   support

          0     0.9719    0.9925    0.9821     42979
          1     0.8667    0.7972    0.8305      1509
          2     0.8978    0.8417    0.8688      2609
          3     0.9390    0.7782    0.8511      1623
          4     0.9732    0.9052    0.9380      4010
          5     0.9961    0.9922    0.9941      1021
          6     0.9718    0.8633    0.9144       439
          7     0.9972    0.9741    0.9855       734

avg / total     0.9654    0.9660    0.9652     54924


             precision    recall  f1-score   support

          0     0.9753    0.9889    0.9820     42979
          1     0.8616    0.8045    0.8321      1509
          2     0.9043    0.8402    0.8711      2609
          3     0.9377    0.7702    0.8457      1623
          4     0.9139    0.9239    0.9189      4010
          5     0.9961    0.9922    0.9941      1021
          6     0.9743    0.8633    0.9155       439
          7     0.9931    0.9755    0.9842       734

avg / total     0.9638    0.9644    0.9637     54924


             precision    recall  f1-score   support

          0     0.9713    0.9923    0.9817     42979
          1     0.8952    0.7813    0.8344      1509
          2     0.8996    0.8413    0.8695      2609
          3     0.9392    0.7714    0.8471      1623
          4     0.9627    0.9137    0.9376      4010
          5     0.9970    0.9892    0.9931      1021
          6     0.9767    0.8588    0.9139       439
          7     0.9972    0.9755    0.9862       734

avg / total     0.9651    0.9657    0.9648     54924


             precision    recall  f1-score   support

          0     0.9728    0.9921    0.9824     42979
          1     0.8803    0.8038    0.8403      1509
          2     0.8980    0.8609    0.8791      2609
          3     0.9394    0.7640    0.8427      1623
          4     0.9708    0.9122    0.9406      4010
          5     0.9961    0.9902    0.9931      1021
          6     0.9645    0.8656    0.9124       439
          7     0.9972    0.9755    0.9862       734

avg / total     0.9663    0.9668    0.9661     54924


             precision    recall  f1-score   support

          0     0.9734    0.9912    0.9822     42979
          1     0.8872    0.7873    0.8343      1509
          2     0.8865    0.8678    0.8770      2609
          3     0.9155    0.7942    0.8505      1623
          4     0.9735    0.9062    0.9387      4010
          5     0.9961    0.9922    0.9941      1021
          6     0.9717    0.8610    0.9130       439
          7     0.9958    0.9755    0.9855       734

avg / total     0.9659    0.9664    0.9658     54924


             precision    recall  f1-score   support

          0     0.9729    0.9914    0.9821     42979
          1     0.8777    0.7946    0.8341      1509
          2     0.8871    0.8647    0.8758      2609
          3     0.9292    0.7757    0.8455      1623
          4     0.9746    0.9087    0.9405      4010
          5     0.9970    0.9892    0.9931      1021
          6     0.9668    0.8633    0.9122       439
          7     0.9958    0.9755    0.9855       734

avg / total     0.9658    0.9663    0.9656     54924


             precision    recall  f1-score   support

          0     0.9733    0.9917    0.9824     42979
          1     0.8843    0.8005    0.8403      1509
          2     0.8910    0.8586    0.8745      2609
          3     0.9456    0.7714    0.8497      1623
          4     0.9647    0.9135    0.9384      4010
          5     0.9931    0.9922    0.9927      1021
          6     0.9694    0.8656    0.9146       439
          7     0.9972    0.9755    0.9862       734

avg / total     0.9662    0.9667    0.9660     54924


             precision    recall  f1-score   support

          0     0.9734    0.9914    0.9823     42979
          1     0.8924    0.7913    0.8388      1509
          2     0.8901    0.8689    0.8794      2609
          3     0.9236    0.7893    0.8512      1623
          4     0.9712    0.9095    0.9393      4010
          5     0.9961    0.9902    0.9931      1021
          6     0.9742    0.8610    0.9141       439
          7     0.9972    0.9755    0.9862       734

avg / total     0.9663    0.9669    0.9662     54924


             precision    recall  f1-score   support

          0     0.9734    0.9921    0.9826     42979
          1     0.8698    0.8105    0.8391      1509
          2     0.9039    0.8509    0.8766      2609
          3     0.9332    0.7917    0.8567      1623
          4     0.9731    0.9117    0.9414      4010
          5     0.9961    0.9922    0.9941      1021
          6     0.9768    0.8633    0.9166       439
          7     0.9986    0.9755    0.9869       734

avg / total     0.9668    0.9674    0.9667     54924


             precision    recall  f1-score   support

          0     0.9732    0.9926    0.9828     42979
          1     0.8936    0.7906    0.8390      1509
          2     0.8880    0.8720    0.8799      2609
          3     0.9425    0.7782    0.8525      1623
          4     0.9780    0.9092    0.9424      4010
          5     0.9941    0.9922    0.9931      1021
          6     0.9768    0.8633    0.9166       439
          7     0.9958    0.9755    0.9855       734

avg / total     0.9672    0.9676    0.9669     54924


             precision    recall  f1-score   support

          0     0.9736    0.9919    0.9826     42979
          1     0.8858    0.7966    0.8388      1509
          2     0.8927    0.8678    0.8801      2609
          3     0.9317    0.7819    0.8503      1623
          4     0.9737    0.9132    0.9425      4010
          5     0.9970    0.9922    0.9946      1021
          6     0.9742    0.8588    0.9128       439
          7     0.9972    0.9755    0.9862       734

avg / total     0.9668    0.9674    0.9667     54924


             precision    recall  f1-score   support

          0     0.9740    0.9924    0.9831     42979
          1     0.8760    0.8005    0.8366      1509
          2     0.8988    0.8574    0.8776      2609
          3     0.9405    0.7887    0.8579      1623
          4     0.9712    0.9160    0.9428      4010
          5     0.9951    0.9922    0.9936      1021
          6     0.9818    0.8588    0.9162       439
          7     0.9972    0.9755    0.9862       734

avg / total     0.9673    0.9678    0.9671     54924


             precision    recall  f1-score   support

          0     0.9737    0.9922    0.9829     42979
          1     0.8948    0.7833    0.8353      1509
          2     0.8854    0.8796    0.8825      2609
          3     0.9437    0.7856    0.8574      1623
          4     0.9751    0.9100    0.9414      4010
          5     0.9970    0.9922    0.9946      1021
          6     0.9742    0.8610    0.9141       439
          7     0.9986    0.9755    0.9869       734

avg / total     0.9673    0.9678    0.9670     54924


             precision    recall  f1-score   support

          0     0.9745    0.9915    0.9829     42979
          1     0.8946    0.7932    0.8409      1509
          2     0.9003    0.8655    0.8825      2609
          3     0.9366    0.7917    0.8581      1623
          4     0.9596    0.9232    0.9410      4010
          5     0.9951    0.9912    0.9931      1021
          6     0.9792    0.8588    0.9150       439
          7     0.9972    0.9755    0.9862       734

avg / total     0.9673    0.9679    0.9672     54924


             precision    recall  f1-score   support

          0     0.9746    0.9912    0.9828     42979
          1     0.8900    0.8151    0.8509      1509
          2     0.8981    0.8681    0.8829      2609
          3     0.9201    0.7948    0.8529      1623
          4     0.9701    0.9142    0.9413      4010
          5     0.9951    0.9922    0.9936      1021
          6     0.9719    0.8656    0.9157       439
          7     0.9958    0.9755    0.9855       734

avg / total     0.9674    0.9679    0.9673     54924


             precision    recall  f1-score   support

          0     0.9741    0.9919    0.9829     42979
          1     0.8821    0.8032    0.8408      1509
          2     0.8989    0.8724    0.8854      2609
          3     0.9378    0.7899    0.8575      1623
          4     0.9728    0.9100    0.9403      4010
          5     0.9922    0.9922    0.9922      1021
          6     0.9644    0.8633    0.9111       439
          7     0.9944    0.9741    0.9842       734

avg / total     0.9673    0.9678    0.9672     54924


             precision    recall  f1-score   support

          0     0.9753    0.9909    0.9830     42979
          1     0.8968    0.8065    0.8493      1509
          2     0.8855    0.8835    0.8845      2609
          3     0.9265    0.7917    0.8538      1623
          4     0.9714    0.9150    0.9423      4010
          5     0.9931    0.9922    0.9927      1021
          6     0.9669    0.8656    0.9135       439
          7     0.9972    0.9741    0.9855       734

avg / total     0.9677    0.9681    0.9676     54924


             precision    recall  f1-score   support

          0     0.9740    0.9916    0.9827     42979
          1     0.8861    0.8045    0.8433      1509
          2     0.8982    0.8658    0.8817      2609
          3     0.9330    0.7893    0.8551      1623
          4     0.9694    0.9152    0.9415      4010
          5     0.9941    0.9922    0.9931      1021
          6     0.9694    0.8656    0.9146       439
          7     0.9986    0.9755    0.9869       734

avg / total     0.9671    0.9677    0.9670     54924


             precision    recall  f1-score   support

          0     0.9744    0.9914    0.9829     42979
          1     0.8997    0.7906    0.8416      1509
          2     0.8940    0.8762    0.8850      2609
          3     0.9139    0.8041    0.8555      1623
          4     0.9749    0.9117    0.9423      4010
          5     0.9941    0.9922    0.9931      1021
          6     0.9597    0.8679    0.9115       439
          7     0.9986    0.9755    0.9869       734

avg / total     0.9674    0.9679    0.9673     54924


             precision    recall  f1-score   support

          0     0.9748    0.9910    0.9828     42979
          1     0.8957    0.8078    0.8495      1509
          2     0.8945    0.8773    0.8858      2609
          3     0.9117    0.8016    0.8531      1623
          4     0.9726    0.9110    0.9408      4010
          5     0.9941    0.9922    0.9931      1021
          6     0.9719    0.8679    0.9170       439
          7     0.9986    0.9755    0.9869       734

avg / total     0.9674    0.9679    0.9674     54924


             precision    recall  f1-score   support

          0     0.9737    0.9920    0.9828     42979
          1     0.8967    0.7992    0.8451      1509
          2     0.8973    0.8708    0.8839      2609
          3     0.9400    0.7813    0.8533      1623
          4     0.9691    0.9152    0.9414      4010
          5     0.9951    0.9922    0.9936      1021
          6     0.9693    0.8633    0.9133       439
          7     0.9972    0.9741    0.9855       734

avg / total     0.9673    0.9678    0.9671     54924


             precision    recall  f1-score   support

          0     0.9735    0.9923    0.9828     42979
          1     0.8701    0.8171    0.8428      1509
          2     0.9136    0.8509    0.8811      2609
          3     0.9333    0.7930    0.8574      1623
          4     0.9721    0.9120    0.9411      4010
          5     0.9931    0.9922    0.9927      1021
          6     0.9769    0.8679    0.9192       439
          7     0.9972    0.9728    0.9848       734

avg / total     0.9672    0.9677    0.9671     54924


             precision    recall  f1-score   support

          0     0.9743    0.9916    0.9829     42979
          1     0.8940    0.8045    0.8469      1509
          2     0.8952    0.8739    0.8844      2609
          3     0.9442    0.7825    0.8558      1623
          4     0.9659    0.9177    0.9412      4010
          5     0.9961    0.9912    0.9936      1021
          6     0.9742    0.8588    0.9128       439
          7     0.9958    0.9755    0.9855       734

avg / total     0.9675    0.9680    0.9673     54924


             precision    recall  f1-score   support

          0     0.9745    0.9912    0.9828     42979
          1     0.8811    0.8105    0.8443      1509
          2     0.8949    0.8647    0.8795      2609
          3     0.9284    0.7905    0.8539      1623
          4     0.9702    0.9170    0.9428      4010
          5     0.9961    0.9912    0.9936      1021
          6     0.9668    0.8633    0.9122       439
          7     0.9944    0.9741    0.9842       734

avg / total     0.9671    0.9676    0.9670     54924

loss:0.414534287782,0.283908594067,0.258314763756,0.235461914406,0.215675865224,0.199743687596,0.183263075665,0.168111322854,0.157286908634,0.149257407122,0.142313077429,0.134353230537,0.129076096248,0.123719941504,0.121094838431,0.117526191139,0.112112539744,0.110134931057,0.110266253624,0.106483256072,0.102678544174,0.0828744424936,0.0749053530288,0.0719904814284,0.0718386902432,0.0725499178229,0.0699238222226,0.0680057907294,0.0655090517381,0.0670309137025,0.064982899987,0.0615116503125,0.0619942700483,0.0607271274863,0.0597170675515,0.0599218188647,0.0585873652421,0.0582815711345,0.0597329855552,0.0601993702836,0.0599782415299,0.0585037497665,0.058006691038,0.056457345768,0.0544652389952,0.0560994486818,0.0555639912585,0.0555949160265,0.0563013042734,0.0556605107752
val_acc:0.912533686423,0.916521011806,0.92598863698,0.93074065729,0.93017624164,0.93651226786,0.939898766921,0.945269825861,0.948838391938,0.94916611856,0.951514818335,0.951951784518,0.953681450198,0.952443374322,0.952352340636,0.955392905828,0.957250021003,0.956521736187,0.957741607,0.956813049342,0.957869057306,0.964714880734,0.96549778052,0.966062199513,0.962311560259,0.96582550689,0.966007576724,0.964405365525,0.965734472809,0.966845096959,0.966444547669,0.966317097281,0.966717648242,0.966881511929,0.967354893246,0.967609793271,0.967373101651,0.967828275067,0.967755447467,0.967864688113,0.967901100661,0.967846481549,0.968137796292,0.967682619199,0.96790110208,0.967937516047,0.967846480546,0.967737239314,0.968010345235,0.9676097916
lr:0.00589434,0.00589434,0.00589434,0.00589434,0.00589434,0.00589434,0.00589434,0.00589434,0.00589434,0.00589434,0.00589434,0.00589434,0.00589434,0.00589434,0.00589434,0.00589434,0.00589434,0.00589434,0.00589434,0.00589434,0.00589434,0.00117887,0.00117887,0.00117887,0.00117887,0.00117887,0.00117887,0.00117887,0.001,0.001,0.001,0.001,0.001,0.001,0.001,0.001,0.001,0.001,0.001,0.001,0.001,0.001,0.001,0.001,0.001,0.001,0.001,0.001,0.001,0.001
acc:0.880413410785,0.914969413395,0.921056464007,0.926530560727,0.931324947999,0.93564596321,0.940853033479,0.945368254715,0.948159923303,0.951443169019,0.953233480537,0.956019079618,0.957918628595,0.95958149307,0.959957760662,0.961474971435,0.962961840137,0.963860030771,0.963580862691,0.964818907404,0.966123710629,0.973030059271,0.975487941589,0.9768716379,0.976531783209,0.977411765605,0.977326801278,0.977636312953,0.97806720141,0.978631603693,0.979001803728,0.979869649171,0.979645102498,0.980324811596,0.980482602402,0.980470465304,0.980391569469,0.980579704635,0.980652530457,0.980409777411,0.980136678262,0.981204796109,0.980476532994,0.981138037518,0.982024089578,0.981271552258,0.981593200655,0.981641752911,0.981392930426,0.981374723333
val_loss:0.29154153431,0.272189144982,0.241231912817,0.22416009601,0.215530707961,0.199237623866,0.184730318828,0.172689121512,0.164966988248,0.163655388499,0.156282913036,0.153061313932,0.148428629414,0.154445796922,0.156043065315,0.147811132973,0.138421557604,0.141369513267,0.144467742301,0.138424409202,0.145814434569,0.121682306117,0.119036884957,0.118240210716,0.121409744422,0.122205557502,0.119626101482,0.120760052414,0.1348810759,0.119882519533,0.118512413636,0.120740118299,0.11967656145,0.118958285329,0.119590724751,0.119808059611,0.120308870137,0.119927089271,0.123498712008,0.123805722547,0.119131121531,0.120730718859,0.120404166525,0.120502068902,0.121398651349,0.121010425745,0.121512016454,0.123022994159,0.12318683006,0.122054669818
