
             precision    recall  f1-score   support

          0     0.8800    0.9969    0.9348     42979
          1     0.6136    0.2631    0.3683      1509
          2     0.8054    0.2158    0.3404      2609
          3     0.8434    0.1892    0.3090      1623
          4     0.9821    0.6429    0.7771      4010
          5     0.9693    0.9892    0.9792      1021
          6     1.0000    0.4260    0.5974       439
          7     0.9985    0.9101    0.9522       734

avg / total     0.8797    0.8841    0.8594     54924


             precision    recall  f1-score   support

          0     0.9111    0.9971    0.9522     42979
          1     0.6476    0.5262    0.5806      1509
          2     0.7736    0.3837    0.5129      2609
          3     0.9002    0.3389    0.4924      1623
          4     0.9932    0.6933    0.8166      4010
          5     0.9787    0.9882    0.9834      1021
          6     0.9957    0.5239    0.6866       439
          7     0.9986    0.9441    0.9706       734

avg / total     0.9061    0.9087    0.8963     54924


             precision    recall  f1-score   support

          0     0.9150    0.9967    0.9541     42979
          1     0.6080    0.5951    0.6015      1509
          2     0.8108    0.3465    0.4855      2609
          3     0.9089    0.3444    0.4996      1623
          4     0.9896    0.7140    0.8295      4010
          5     0.9815    0.9892    0.9854      1021
          6     0.9929    0.6355    0.7750       439
          7     1.0000    0.9496    0.9741       734

avg / total     0.9099    0.9112    0.8990     54924


             precision    recall  f1-score   support

          0     0.9197    0.9961    0.9564     42979
          1     0.6169    0.5719    0.5935      1509
          2     0.7970    0.3867    0.5208      2609
          3     0.9280    0.3654    0.5243      1623
          4     0.9779    0.7406    0.8429      4010
          5     0.9883    0.9892    0.9887      1021
          6     0.9936    0.7039    0.8240       439
          7     1.0000    0.9591    0.9791       734

avg / total     0.9130    0.9152    0.9045     54924


             precision    recall  f1-score   support

          0     0.9266    0.9937    0.9589     42979
          1     0.6600    0.5494    0.5996      1509
          2     0.7601    0.4676    0.5790      2609
          3     0.9102    0.4184    0.5732      1623
          4     0.9696    0.7646    0.8550      4010
          5     0.9863    0.9892    0.9878      1021
          6     0.9941    0.7631    0.8634       439
          7     1.0000    0.9564    0.9777       734

avg / total     0.9166    0.9203    0.9121     54924


             precision    recall  f1-score   support

          0     0.9260    0.9942    0.9589     42979
          1     0.6455    0.5514    0.5947      1509
          2     0.7668    0.4385    0.5579      2609
          3     0.9238    0.4110    0.5689      1623
          4     0.9678    0.7728    0.8594      4010
          5     0.9873    0.9892    0.9883      1021
          6     0.9942    0.7790    0.8736       439
          7     1.0000    0.9605    0.9798       734

avg / total     0.9164    0.9200    0.9112     54924


             precision    recall  f1-score   support

          0     0.9259    0.9956    0.9595     42979
          1     0.7215    0.4738    0.5720      1509
          2     0.7226    0.5082    0.5968      2609
          3     0.9499    0.4091    0.5719      1623
          4     0.9849    0.7621    0.8593      4010
          5     0.9912    0.9892    0.9902      1021
          6     0.9916    0.8109    0.8922       439
          7     1.0000    0.9632    0.9813       734

avg / total     0.9184    0.9217    0.9132     54924


             precision    recall  f1-score   support

          0     0.9327    0.9926    0.9617     42979
          1     0.6567    0.5666    0.6083      1509
          2     0.7512    0.4872    0.5910      2609
          3     0.9183    0.4504    0.6044      1623
          4     0.9647    0.7900    0.8687      4010
          5     0.9902    0.9892    0.9897      1021
          6     0.9763    0.8451    0.9060       439
          7     1.0000    0.9687    0.9841       734

avg / total     0.9207    0.9245    0.9174     54924


             precision    recall  f1-score   support

          0     0.9307    0.9935    0.9610     42979
          1     0.6871    0.5560    0.6147      1509
          2     0.7967    0.4971    0.6122      2609
          3     0.7424    0.4510    0.5611      1623
          4     0.9859    0.7666    0.8625      4010
          5     0.9931    0.9892    0.9912      1021
          6     0.9917    0.8200    0.8978       439
          7     1.0000    0.9700    0.9848       734

avg / total     0.9187    0.9235    0.9163     54924


             precision    recall  f1-score   support

          0     0.9302    0.9964    0.9621     42979
          1     0.7291    0.5209    0.6077      1509
          2     0.7760    0.5512    0.6446      2609
          3     0.9576    0.4313    0.5947      1623
          4     0.9847    0.7701    0.8643      4010
          5     0.9951    0.9892    0.9921      1021
          6     0.9944    0.8155    0.8961       439
          7     1.0000    0.9714    0.9855       734

avg / total     0.9248    0.9270    0.9196     54924


             precision    recall  f1-score   support

          0     0.9334    0.9955    0.9634     42979
          1     0.6875    0.5772    0.6275      1509
          2     0.7935    0.5347    0.6389      2609
          3     0.9371    0.4590    0.6162      1623
          4     0.9836    0.7791    0.8695      4010
          5     0.9921    0.9892    0.9907      1021
          6     0.9945    0.8200    0.8989       439
          7     1.0000    0.9673    0.9834       734

avg / total     0.9262    0.9285    0.9219     54924


             precision    recall  f1-score   support

          0     0.9330    0.9953    0.9631     42979
          1     0.7277    0.5739    0.6417      1509
          2     0.7990    0.5608    0.6590      2609
          3     0.9572    0.4276    0.5911      1623
          4     0.9783    0.7888    0.8734      4010
          5     0.9951    0.9882    0.9916      1021
          6     0.9945    0.8292    0.9043       439
          7     0.9986    0.9714    0.9848       734

avg / total     0.9275    0.9294    0.9227     54924


             precision    recall  f1-score   support

          0     0.9386    0.9935    0.9653     42979
          1     0.7309    0.5905    0.6532      1509
          2     0.7981    0.6029    0.6869      2609
          3     0.9502    0.4701    0.6290      1623
          4     0.9673    0.8042    0.8783      4010
          5     0.9931    0.9892    0.9912      1021
          6     0.9788    0.8428    0.9058       439
          7     1.0000    0.9673    0.9834       734

avg / total     0.9308    0.9329    0.9274     54924


             precision    recall  f1-score   support

          0     0.9370    0.9932    0.9643     42979
          1     0.7162    0.5818    0.6420      1509
          2     0.7960    0.5876    0.6761      2609
          3     0.8732    0.4794    0.6189      1623
          4     0.9832    0.7898    0.8760      4010
          5     0.9941    0.9882    0.9912      1021
          6     0.9865    0.8337    0.9037       439
          7     0.9986    0.9728    0.9855       734

avg / total     0.9280    0.9310    0.9254     54924


             precision    recall  f1-score   support

          0     0.9395    0.9940    0.9660     42979
          1     0.7195    0.5931    0.6502      1509
          2     0.8038    0.6186    0.6992      2609
          3     0.9517    0.4615    0.6216      1623
          4     0.9740    0.8040    0.8809      4010
          5     0.9921    0.9882    0.9902      1021
          6     0.9946    0.8360    0.9084       439
          7     0.9986    0.9700    0.9841       734

avg / total     0.9321    0.9339    0.9285     54924


             precision    recall  f1-score   support

          0     0.9412    0.9941    0.9669     42979
          1     0.7072    0.6083    0.6541      1509
          2     0.7962    0.6320    0.7047      2609
          3     0.9641    0.4794    0.6403      1623
          4     0.9825    0.7965    0.8798      4010
          5     0.9931    0.9882    0.9907      1021
          6     0.9893    0.8405    0.9089       439
          7     0.9986    0.9714    0.9848       734

avg / total     0.9337    0.9350    0.9301     54924


             precision    recall  f1-score   support

          0     0.9415    0.9946    0.9673     42979
          1     0.7465    0.6050    0.6684      1509
          2     0.8173    0.6501    0.7242      2609
          3     0.9494    0.4855    0.6425      1623
          4     0.9790    0.8040    0.8829      4010
          5     0.9941    0.9882    0.9912      1021
          6     0.9919    0.8383    0.9086       439
          7     0.9986    0.9714    0.9848       734

avg / total     0.9353    0.9369    0.9320     54924


             precision    recall  f1-score   support

          0     0.9443    0.9933    0.9681     42979
          1     0.7414    0.5984    0.6623      1509
          2     0.8042    0.6834    0.7389      2609
          3     0.9518    0.4991    0.6548      1623
          4     0.9741    0.8060    0.8821      4010
          5     0.9921    0.9882    0.9902      1021
          6     0.9789    0.8451    0.9071       439
          7     0.9986    0.9714    0.9848       734

avg / total     0.9363    0.9379    0.9335     54924


             precision    recall  f1-score   support

          0     0.9458    0.9936    0.9691     42979
          1     0.7567    0.6368    0.6916      1509
          2     0.8132    0.6991    0.7519      2609
          3     0.9598    0.5003    0.6578      1623
          4     0.9822    0.8110    0.8884      4010
          5     0.9912    0.9882    0.9897      1021
          6     0.9919    0.8405    0.9100       439
          7     0.9986    0.9687    0.9834       734

avg / total     0.9393    0.9402    0.9362     54924


             precision    recall  f1-score   support

          0     0.9488    0.9904    0.9691     42979
          1     0.8109    0.5540    0.6583      1509
          2     0.7728    0.7482    0.7603      2609
          3     0.9166    0.5213    0.6646      1623
          4     0.9571    0.8289    0.8884      4010
          5     0.9921    0.9882    0.9902      1021
          6     0.9894    0.8519    0.9155       439
          7     0.9986    0.9700    0.9841       734

avg / total     0.9381    0.9398    0.9359     54924


             precision    recall  f1-score   support

          0     0.9461    0.9944    0.9696     42979
          1     0.7538    0.6269    0.6845      1509
          2     0.8143    0.7007    0.7532      2609
          3     0.9516    0.5083    0.6627      1623
          4     0.9887    0.8092    0.8900      4010
          5     0.9921    0.9892    0.9907      1021
          6     0.9946    0.8428    0.9125       439
          7     1.0000    0.9687    0.9841       734

avg / total     0.9398    0.9408    0.9367     54924


             precision    recall  f1-score   support

          0     0.9454    0.9938    0.9690     42979
          1     0.7374    0.6773    0.7060      1509
          2     0.8340    0.6757    0.7466      2609
          3     0.9553    0.5003    0.6567      1623
          4     0.9824    0.8080    0.8867      4010
          5     0.9931    0.9882    0.9907      1021
          6     0.9946    0.8383    0.9098       439
          7     0.9986    0.9714    0.9848       734

avg / total     0.9394    0.9402    0.9361     54924


             precision    recall  f1-score   support

          0     0.9518    0.9919    0.9714     42979
          1     0.7768    0.6481    0.7066      1509
          2     0.8272    0.7267    0.7737      2609
          3     0.9118    0.5798    0.7089      1623
          4     0.9681    0.8327    0.8953      4010
          5     0.9931    0.9882    0.9907      1021
          6     0.9946    0.8405    0.9111       439
          7     0.9986    0.9714    0.9848       734

avg / total     0.9428    0.9445    0.9415     54924


             precision    recall  f1-score   support

          0     0.9540    0.9905    0.9719     42979
          1     0.7986    0.6070    0.6898      1509
          2     0.7833    0.7923    0.7877      2609
          3     0.9400    0.5502    0.6941      1623
          4     0.9699    0.8362    0.8981      4010
          5     0.9921    0.9882    0.9902      1021
          6     0.9920    0.8519    0.9167       439
          7     0.9986    0.9700    0.9841       734

avg / total     0.9440    0.9449    0.9419     54924


             precision    recall  f1-score   support

          0     0.9517    0.9922    0.9715     42979
          1     0.7534    0.7005    0.7260      1509
          2     0.8464    0.7244    0.7807      2609
          3     0.9478    0.5367    0.6853      1623
          4     0.9674    0.8354    0.8966      4010
          5     0.9931    0.9892    0.9912      1021
          6     0.9946    0.8383    0.9098       439
          7     1.0000    0.9714    0.9855       734

avg / total     0.9441    0.9450    0.9418     54924


             precision    recall  f1-score   support

          0     0.9540    0.9905    0.9719     42979
          1     0.8051    0.6322    0.7082      1509
          2     0.8003    0.7788    0.7894      2609
          3     0.9074    0.5798    0.7075      1623
          4     0.9732    0.8339    0.8982      4010
          5     0.9931    0.9882    0.9907      1021
          6     0.9920    0.8474    0.9140       439
          7     0.9986    0.9687    0.9834       734

avg / total     0.9443    0.9456    0.9429     54924


             precision    recall  f1-score   support

          0     0.9529    0.9929    0.9725     42979
          1     0.7973    0.6700    0.7281      1509
          2     0.8392    0.7463    0.7900      2609
          3     0.9346    0.5810    0.7166      1623
          4     0.9773    0.8392    0.9030      4010
          5     0.9931    0.9892    0.9912      1021
          6     0.9946    0.8405    0.9111       439
          7     1.0000    0.9714    0.9855       734

avg / total     0.9462    0.9473    0.9445     54924


             precision    recall  f1-score   support

          0     0.9561    0.9916    0.9735     42979
          1     0.7843    0.6892    0.7337      1509
          2     0.8317    0.7693    0.7993      2609
          3     0.9326    0.5884    0.7216      1623
          4     0.9735    0.8441    0.9042      4010
          5     0.9892    0.9882    0.9887      1021
          6     0.9920    0.8497    0.9153       439
          7     0.9986    0.9673    0.9827       734

avg / total     0.9475    0.9486    0.9461     54924


             precision    recall  f1-score   support

          0     0.9550    0.9919    0.9731     42979
          1     0.8503    0.6024    0.7052      1509
          2     0.8024    0.7923    0.7973      2609
          3     0.9404    0.5736    0.7126      1623
          4     0.9610    0.8489    0.9015      4010
          5     0.9921    0.9882    0.9902      1021
          6     0.9920    0.8497    0.9153       439
          7     0.9986    0.9714    0.9848       734

avg / total     0.9465    0.9474    0.9445     54924


             precision    recall  f1-score   support

          0     0.9555    0.9923    0.9736     42979
          1     0.7961    0.6700    0.7276      1509
          2     0.8346    0.7716    0.8018      2609
          3     0.9447    0.5792    0.7181      1623
          4     0.9723    0.8494    0.9067      4010
          5     0.9951    0.9882    0.9916      1021
          6     0.9868    0.8542    0.9158       439
          7     0.9986    0.9714    0.9848       734

avg / total     0.9478    0.9489    0.9462     54924


             precision    recall  f1-score   support

          0     0.9549    0.9932    0.9737     42979
          1     0.8542    0.6329    0.7271      1509
          2     0.8259    0.7965    0.8109      2609
          3     0.9429    0.5798    0.7180      1623
          4     0.9739    0.8471    0.9061      4010
          5     0.9931    0.9882    0.9907      1021
          6     0.9946    0.8451    0.9138       439
          7     0.9986    0.9714    0.9848       734

avg / total     0.9487    0.9495    0.9467     54924


             precision    recall  f1-score   support

          0     0.9566    0.9933    0.9746     42979
          1     0.8205    0.6574    0.7299      1509
          2     0.8395    0.7980    0.8182      2609
          3     0.9485    0.6014    0.7360      1623
          4     0.9735    0.8444    0.9044      4010
          5     0.9921    0.9882    0.9902      1021
          6     0.9946    0.8360    0.9084       439
          7     0.9986    0.9714    0.9848       734

avg / total     0.9498    0.9507    0.9481     54924


             precision    recall  f1-score   support

          0     0.9579    0.9910    0.9742     42979
          1     0.8135    0.6879    0.7454      1509
          2     0.8372    0.7823    0.8088      2609
          3     0.8968    0.6476    0.7521      1623
          4     0.9766    0.8434    0.9051      4010
          5     0.9921    0.9882    0.9902      1021
          6     0.9947    0.8542    0.9191       439
          7     0.9986    0.9714    0.9848       734

avg / total     0.9492    0.9504    0.9484     54924


             precision    recall  f1-score   support

          0     0.9589    0.9918    0.9750     42979
          1     0.8379    0.6680    0.7434      1509
          2     0.8480    0.7999    0.8233      2609
          3     0.9331    0.6531    0.7684      1623
          4     0.9618    0.8544    0.9049      4010
          5     0.9912    0.9892    0.9902      1021
          6     0.9947    0.8542    0.9191       439
          7     1.0000    0.9687    0.9841       734

avg / total     0.9512    0.9523    0.9502     54924


             precision    recall  f1-score   support

          0     0.9622    0.9882    0.9750     42979
          1     0.8047    0.7044    0.7512      1509
          2     0.7982    0.8218    0.8098      2609
          3     0.9431    0.6334    0.7578      1623
          4     0.9650    0.8606    0.9098      4010
          5     0.9931    0.9892    0.9912      1021
          6     0.9895    0.8565    0.9182       439
          7     1.0000    0.9714    0.9855       734

avg / total     0.9510    0.9515    0.9499     54924


             precision    recall  f1-score   support

          0     0.9602    0.9916    0.9756     42979
          1     0.8575    0.6501    0.7395      1509
          2     0.8304    0.8183    0.8243      2609
          3     0.9205    0.6420    0.7564      1623
          4     0.9641    0.8646    0.9116      4010
          5     0.9941    0.9882    0.9912      1021
          6     0.9946    0.8360    0.9084       439
          7     0.9986    0.9728    0.9855       734

avg / total     0.9518    0.9528    0.9507     54924


             precision    recall  f1-score   support

          0     0.9629    0.9910    0.9767     42979
          1     0.8366    0.7058    0.7656      1509
          2     0.8191    0.8348    0.8269      2609
          3     0.9461    0.6383    0.7623      1623
          4     0.9693    0.8591    0.9109      4010
          5     0.9902    0.9892    0.9897      1021
          6     0.9893    0.8451    0.9115       439
          7     1.0000    0.9687    0.9841       734

avg / total     0.9538    0.9542    0.9525     54924


             precision    recall  f1-score   support

          0     0.9606    0.9920    0.9760     42979
          1     0.7872    0.7111    0.7472      1509
          2     0.8563    0.7719    0.8119      2609
          3     0.9357    0.6543    0.7701      1623
          4     0.9678    0.8628    0.9123      4010
          5     0.9921    0.9892    0.9907      1021
          6     0.9610    0.8428    0.8981       439
          7     1.0000    0.9700    0.9848       734

avg / total     0.9518    0.9529    0.9510     54924


             precision    recall  f1-score   support

          0     0.9624    0.9910    0.9765     42979
          1     0.8274    0.7051    0.7614      1509
          2     0.8449    0.8099    0.8270      2609
          3     0.9139    0.6734    0.7755      1623
          4     0.9681    0.8638    0.9130      4010
          5     0.9902    0.9892    0.9897      1021
          6     0.9946    0.8451    0.9138       439
          7     1.0000    0.9673    0.9834       734

avg / total     0.9533    0.9544    0.9527     54924


             precision    recall  f1-score   support

          0     0.9590    0.9937    0.9760     42979
          1     0.8323    0.7336    0.7799      1509
          2     0.8690    0.7930    0.8293      2609
          3     0.9622    0.6112    0.7476      1623
          4     0.9723    0.8591    0.9122      4010
          5     0.9902    0.9892    0.9897      1021
          6     0.9946    0.8451    0.9138       439
          7     1.0000    0.9700    0.9848       734

avg / total     0.9537    0.9543    0.9521     54924


             precision    recall  f1-score   support

          0     0.9607    0.9926    0.9764     42979
          1     0.8562    0.6985    0.7693      1509
          2     0.8493    0.8141    0.8313      2609
          3     0.9530    0.6377    0.7641      1623
          4     0.9655    0.8663    0.9132      4010
          5     0.9892    0.9892    0.9892      1021
          6     0.9919    0.8405    0.9100       439
          7     1.0000    0.9673    0.9834       734

avg / total     0.9540    0.9547    0.9527     54924


             precision    recall  f1-score   support

          0     0.9641    0.9902    0.9770     42979
          1     0.8016    0.7336    0.7661      1509
          2     0.8423    0.8145    0.8281      2609
          3     0.9383    0.6747    0.7849      1623
          4     0.9673    0.8701    0.9161      4010
          5     0.9902    0.9892    0.9897      1021
          6     0.9946    0.8451    0.9138       439
          7     0.9986    0.9700    0.9841       734

avg / total     0.9545    0.9552    0.9538     54924


             precision    recall  f1-score   support

          0     0.9610    0.9927    0.9766     42979
          1     0.8226    0.7376    0.7778      1509
          2     0.8617    0.8049    0.8323      2609
          3     0.9418    0.6383    0.7609      1623
          4     0.9793    0.8603    0.9160      4010
          5     0.9854    0.9892    0.9873      1021
          6     0.9919    0.8405    0.9100       439
          7     0.9944    0.9687    0.9814       734

avg / total     0.9544    0.9551    0.9532     54924


             precision    recall  f1-score   support

          0     0.9639    0.9904    0.9770     42979
          1     0.8425    0.7303    0.7824      1509
          2     0.8299    0.8547    0.8421      2609
          3     0.9500    0.6556    0.7758      1623
          4     0.9780    0.8653    0.9182      4010
          5     0.9883    0.9892    0.9887      1021
          6     0.9946    0.8360    0.9084       439
          7     1.0000    0.9673    0.9834       734

avg / total     0.9560    0.9562    0.9547     54924


             precision    recall  f1-score   support

          0     0.9610    0.9932    0.9768     42979
          1     0.8600    0.7005    0.7721      1509
          2     0.8583    0.8195    0.8384      2609
          3     0.9420    0.6710    0.7837      1623
          4     0.9768    0.8594    0.9143      4010
          5     0.9902    0.9892    0.9897      1021
          6     0.9946    0.8428    0.9125       439
          7     1.0000    0.9700    0.9848       734

avg / total     0.9553    0.9560    0.9542     54924


             precision    recall  f1-score   support

          0     0.9631    0.9913    0.9770     42979
          1     0.8491    0.7382    0.7898      1509
          2     0.8332    0.8501    0.8416      2609
          3     0.9610    0.6531    0.7777      1623
          4     0.9806    0.8566    0.9144      4010
          5     0.9912    0.9892    0.9902      1021
          6     0.9947    0.8474    0.9151       439
          7     1.0000    0.9687    0.9841       734

avg / total     0.9563    0.9564    0.9548     54924


             precision    recall  f1-score   support

          0     0.9617    0.9923    0.9768     42979
          1     0.8370    0.7283    0.7789      1509
          2     0.8509    0.8202    0.8353      2609
          3     0.9564    0.6223    0.7540      1623
          4     0.9741    0.8716    0.9200      4010
          5     0.9892    0.9892    0.9892      1021
          6     0.9946    0.8383    0.9098       439
          7     1.0000    0.9714    0.9855       734

avg / total     0.9550    0.9556    0.9537     54924


             precision    recall  f1-score   support

          0     0.9624    0.9924    0.9772     42979
          1     0.8473    0.7316    0.7852      1509
          2     0.8533    0.8229    0.8379      2609
          3     0.9332    0.6796    0.7865      1623
          4     0.9800    0.8561    0.9139      4010
          5     0.9892    0.9892    0.9892      1021
          6     0.9946    0.8383    0.9098       439
          7     1.0000    0.9700    0.9848       734

avg / total     0.9557    0.9564    0.9548     54924


             precision    recall  f1-score   support

          0     0.9675    0.9895    0.9784     42979
          1     0.8172    0.7555    0.7851      1509
          2     0.8459    0.8314    0.8386      2609
          3     0.9244    0.7006    0.7971      1623
          4     0.9624    0.8818    0.9204      4010
          5     0.9902    0.9892    0.9897      1021
          6     0.9947    0.8497    0.9165       439
          7     1.0000    0.9673    0.9834       734

avg / total     0.9571    0.9578    0.9566     54924


             precision    recall  f1-score   support

          0     0.9649    0.9914    0.9780     42979
          1     0.8534    0.7290    0.7863      1509
          2     0.8573    0.8287    0.8427      2609
          3     0.9303    0.6913    0.7932      1623
          4     0.9690    0.8810    0.9229      4010
          5     0.9931    0.9892    0.9912      1021
          6     0.9946    0.8428    0.9125       439
          7     0.9986    0.9714    0.9848       734

avg / total     0.9572    0.9581    0.9566     54924

loss:0.62303377395,0.349831379291,0.312265936203,0.294241322268,0.282304523464,0.271973984465,0.261795604613,0.254464348028,0.245763316724,0.237996124076,0.233647269768,0.226036207301,0.220838033172,0.213277233749,0.207656475804,0.202294168075,0.197062095703,0.194388651035,0.187878760558,0.184986922966,0.180570398072,0.17918170814,0.173566747355,0.16981394183,0.166177708303,0.16454036686,0.159687950575,0.155850219328,0.152418124403,0.149566192612,0.148084496551,0.146887126308,0.143595807147,0.14081477057,0.141450622232,0.137933022073,0.135813568181,0.133785185984,0.131387064901,0.130638683947,0.129195482665,0.127121795034,0.124963119122,0.122359322528,0.121308590464,0.120828557343,0.118582712108,0.118021652738,0.118380313875,0.116085573833
val_acc:0.884076180908,0.908746634835,0.911204575711,0.915228315803,0.920326269374,0.919980336395,0.921691793337,0.924532081284,0.923494281447,0.927026435801,0.928537615684,0.929447962133,0.93294370375,0.930977349965,0.933890466098,0.935001093669,0.936858201563,0.937859587308,0.940226497467,0.939807734046,0.940790910938,0.940171873168,0.944523343254,0.944869276232,0.944978516705,0.945579347429,0.947345422349,0.948565290844,0.947436454872,0.948874807924,0.9494756391,0.950659092148,0.950440608945,0.952279512576,0.951460199553,0.952789308446,0.954227660217,0.952862138438,0.954391524538,0.954282281283,0.954682832765,0.955229043253,0.955065180287,0.956212219242,0.955993733783,0.956357875162,0.955574977134,0.956376082208,0.957759811863,0.958051123251
lr:0.00147717,0.00147717,0.00147717,0.00147717,0.00147717,0.00147717,0.00147717,0.00147717,0.00147717,0.00147717,0.00147717,0.00147717,0.00147717,0.00147717,0.00147717,0.00147717,0.00147717,0.00147717,0.00147717,0.00147717,0.00147717,0.00147717,0.00147717,0.00147717,0.00147717,0.00147717,0.00147717,0.00147717,0.00147717,0.00147717,0.00147717,0.00147717,0.00147717,0.00147717,0.00147717,0.00147717,0.00147717,0.00147717,0.00147717,0.00147717,0.00147717,0.00147717,0.00147717,0.00147717,0.00147717,0.00147717,0.00147717,0.00147717,0.00147717,0.00147717
acc:0.824404038885,0.898443948122,0.908342235122,0.911407001867,0.914817692319,0.917281643013,0.92002475881,0.921505560677,0.923987716067,0.92602078075,0.927173859194,0.929164442868,0.92989270346,0.932101764494,0.934656746883,0.935306113172,0.936786909378,0.937672961703,0.939827403117,0.940361459707,0.942157839406,0.942497693929,0.944445791612,0.945477497646,0.945902316158,0.946976501869,0.948172064969,0.950083749294,0.951248968212,0.95136427493,0.952274603014,0.952681215809,0.953846433689,0.954265185095,0.954714277905,0.95546681531,0.955551780065,0.956577413799,0.957615187433,0.95760304873,0.957263193655,0.959405497138,0.959496528534,0.959945621809,0.960497887533,0.960431129682,0.961511384476,0.961553867922,0.961444627722,0.962652328796
val_loss:0.373851964509,0.309077239349,0.290548070713,0.274996813232,0.264183252881,0.257688301887,0.252020205958,0.242177112612,0.242403826496,0.233106554178,0.225369532315,0.22408938113,0.214720470871,0.21421849873,0.206382672236,0.200320446329,0.196037104962,0.194294859878,0.188809812673,0.186733226802,0.187086915953,0.185716567057,0.174854063686,0.174539834578,0.173721358,0.16885266485,0.164838848864,0.161812132735,0.162063366854,0.159695244404,0.159244739419,0.156525627279,0.154374502201,0.152145722588,0.153279961128,0.150813332542,0.151024606435,0.150362466168,0.14604316079,0.150237016569,0.145932884156,0.146077891815,0.145348008892,0.145130794155,0.144337010948,0.14295766703,0.147555389006,0.145304646163,0.137560035538,0.139103059933
