
             precision    recall  f1-score   support

          0     0.9151    0.9941    0.9530     42979
          1     0.5859    0.6123    0.5988      1509
          2     0.7280    0.3622    0.4837      2609
          3     0.8868    0.3136    0.4634      1623
          4     0.9856    0.6975    0.8169      4010
          5     0.9796    0.9882    0.9839      1021
          6     1.0000    0.5125    0.6777       439
          7     0.9986    0.9428    0.9699       734

avg / total     0.9045    0.9072    0.8951     54924


             precision    recall  f1-score   support

          0     0.9170    0.9954    0.9546     42979
          1     0.6818    0.5070    0.5815      1509
          2     0.7479    0.4469    0.5595      2609
          3     0.9495    0.2662    0.4158      1623
          4     0.9703    0.7406    0.8401      4010
          5     0.9854    0.9892    0.9873      1021
          6     0.9943    0.7904    0.8807       439
          7     1.0000    0.9550    0.9770       734

avg / total     0.9104    0.9135    0.9016     54924


             precision    recall  f1-score   support

          0     0.9222    0.9951    0.9573     42979
          1     0.6946    0.5050    0.5848      1509
          2     0.7668    0.4676    0.5810      2609
          3     0.9259    0.3851    0.5440      1623
          4     0.9748    0.7534    0.8499      4010
          5     0.9902    0.9892    0.9897      1021
          6     0.9888    0.8041    0.8869       439
          7     1.0000    0.9619    0.9806       734

avg / total     0.9153    0.9188    0.9094     54924


             precision    recall  f1-score   support

          0     0.9274    0.9956    0.9603     42979
          1     0.6768    0.5593    0.6125      1509
          2     0.7792    0.5071    0.6143      2609
          3     0.9270    0.4381    0.5950      1623
          4     0.9950    0.7387    0.8479      4010
          5     0.9931    0.9892    0.9912      1021
          6     0.9838    0.8292    0.8999       439
          7     1.0000    0.9673    0.9834       734

avg / total     0.9210    0.9233    0.9157     54924


             precision    recall  f1-score   support

          0     0.9302    0.9883    0.9584     42979
          1     0.6529    0.6097    0.6306      1509
          2     0.8349    0.4362    0.5730      2609
          3     0.9429    0.4479    0.6074      1623
          4     0.8605    0.7756    0.8158      4010
          5     0.9931    0.9892    0.9912      1021
          6     0.9813    0.8383    0.9042       439
          7     1.0000    0.9714    0.9855       734

avg / total     0.9159    0.9188    0.9108     54924


             precision    recall  f1-score   support

          0     0.9300    0.9952    0.9615     42979
          1     0.7953    0.4480    0.5731      1509
          2     0.7424    0.6152    0.6728      2609
          3     0.9425    0.4541    0.6129      1623
          4     0.9894    0.7476    0.8517      4010
          5     0.9921    0.9892    0.9907      1021
          6     0.9867    0.8451    0.9104       439
          7     1.0000    0.9687    0.9841       734

avg / total     0.9246    0.9264    0.9192     54924


             precision    recall  f1-score   support

          0     0.9358    0.9933    0.9637     42979
          1     0.6969    0.6064    0.6485      1509
          2     0.8052    0.5450    0.6501      2609
          3     0.9414    0.4750    0.6314      1623
          4     0.9712    0.7998    0.8772      4010
          5     0.9961    0.9892    0.9926      1021
          6     0.9945    0.8246    0.9016       439
          7     0.9848    0.9728    0.9788       734

avg / total     0.9280    0.9302    0.9242     54924


             precision    recall  f1-score   support

          0     0.9454    0.9868    0.9657     42979
          1     0.7223    0.6050    0.6585      1509
          2     0.8065    0.6102    0.6947      2609
          3     0.9126    0.5213    0.6635      1623
          4     0.8814    0.8342    0.8571      4010
          5     0.9941    0.9892    0.9917      1021
          6     0.9867    0.8428    0.9091       439
          7     1.0000    0.9728    0.9862       734

avg / total     0.9290    0.9322    0.9278     54924


             precision    recall  f1-score   support

          0     0.9428    0.9924    0.9670     42979
          1     0.8061    0.5567    0.6586      1509
          2     0.7831    0.6876    0.7322      2609
          3     0.9107    0.5213    0.6630      1623
          4     0.9753    0.8077    0.8836      4010
          5     0.9961    0.9892    0.9926      1021
          6     0.9920    0.8451    0.9127       439
          7     1.0000    0.9741    0.9869       734

avg / total     0.9351    0.9371    0.9326     54924


             precision    recall  f1-score   support

          0     0.9433    0.9914    0.9667     42979
          1     0.6946    0.6766    0.6855      1509
          2     0.8280    0.6347    0.7186      2609
          3     0.9442    0.5108    0.6629      1623
          4     0.9806    0.8067    0.8852      4010
          5     0.9921    0.9892    0.9907      1021
          6     0.9921    0.8542    0.9180       439
          7     1.0000    0.9687    0.9841       734

avg / total     0.9358    0.9367    0.9326     54924


             precision    recall  f1-score   support

          0     0.9485    0.9904    0.9690     42979
          1     0.8340    0.5858    0.6882      1509
          2     0.7937    0.7286    0.7598      2609
          3     0.9004    0.5681    0.6966      1623
          4     0.9621    0.8302    0.8913      4010
          5     0.9941    0.9892    0.9917      1021
          6     0.9920    0.8519    0.9167       439
          7     1.0000    0.9728    0.9862       734

avg / total     0.9395    0.9413    0.9379     54924


             precision    recall  f1-score   support

          0     0.9463    0.9926    0.9689     42979
          1     0.8447    0.6017    0.7028      1509
          2     0.8106    0.7302    0.7683      2609
          3     0.9576    0.5015    0.6583      1623
          4     0.9630    0.8314    0.8924      4010
          5     0.9941    0.9892    0.9917      1021
          6     0.9947    0.8474    0.9151       439
          7     1.0000    0.9741    0.9869       734

avg / total     0.9406    0.9416    0.9375     54924


             precision    recall  f1-score   support

          0     0.9499    0.9929    0.9709     42979
          1     0.8408    0.6123    0.7086      1509
          2     0.8152    0.7440    0.7780      2609
          3     0.9319    0.5730    0.7097      1623
          4     0.9748    0.8294    0.8963      4010
          5     0.9951    0.9892    0.9921      1021
          6     0.9921    0.8565    0.9193       439
          7     0.9986    0.9755    0.9869       734

avg / total     0.9436    0.9449    0.9416     54924


             precision    recall  f1-score   support

          0     0.9516    0.9903    0.9706     42979
          1     0.8335    0.6534    0.7325      1509
          2     0.7950    0.7877    0.7913      2609
          3     0.9529    0.5360    0.6861      1623
          4     0.9727    0.8269    0.8939      4010
          5     0.9951    0.9892    0.9921      1021
          6     0.9894    0.8497    0.9142       439
          7     1.0000    0.9741    0.9869       734

avg / total     0.9443    0.9447    0.9417     54924


             precision    recall  f1-score   support

          0     0.9551    0.9895    0.9720     42979
          1     0.8586    0.6315    0.7278      1509
          2     0.8027    0.8126    0.8076      2609
          3     0.9213    0.5915    0.7205      1623
          4     0.9635    0.8434    0.8995      4010
          5     0.9941    0.9892    0.9917      1021
          6     0.9946    0.8337    0.9071       439
          7     1.0000    0.9728    0.9862       734

avg / total     0.9465    0.9473    0.9448     54924


             precision    recall  f1-score   support

          0     0.9559    0.9910    0.9731     42979
          1     0.8514    0.6720    0.7511      1509
          2     0.8301    0.7923    0.8107      2609
          3     0.9225    0.6309    0.7494      1623
          4     0.9723    0.8406    0.9017      4010
          5     0.9931    0.9882    0.9907      1021
          6     0.9947    0.8542    0.9191       439
          7     0.9972    0.9714    0.9841       734

avg / total     0.9488    0.9498    0.9475     54924


             precision    recall  f1-score   support

          0     0.9566    0.9913    0.9736     42979
          1     0.8417    0.6872    0.7567      1509
          2     0.8335    0.7808    0.8063      2609
          3     0.8995    0.6617    0.7625      1623
          4     0.9806    0.8337    0.9012      4010
          5     0.9931    0.9892    0.9912      1021
          6     0.9921    0.8565    0.9193       439
          7     0.9986    0.9728    0.9855       734

avg / total     0.9492    0.9503    0.9482     54924


             precision    recall  f1-score   support

          0     0.9557    0.9931    0.9741     42979
          1     0.8726    0.6627    0.7533      1509
          2     0.8294    0.7938    0.8112      2609
          3     0.9612    0.6100    0.7463      1623
          4     0.9751    0.8481    0.9072      4010
          5     0.9931    0.9882    0.9907      1021
          6     0.9892    0.8360    0.9062       439
          7     0.9986    0.9728    0.9855       734

avg / total     0.9506    0.9511    0.9486     54924


             precision    recall  f1-score   support

          0     0.9606    0.9888    0.9745     42979
          1     0.8593    0.7005    0.7718      1509
          2     0.8265    0.8199    0.8232      2609
          3     0.9367    0.6470    0.7653      1623
          4     0.9549    0.8661    0.9083      4010
          5     0.9931    0.9892    0.9912      1021
          6     0.9867    0.8474    0.9118       439
          7     0.9986    0.9728    0.9855       734

avg / total     0.9517    0.9524    0.9507     54924


             precision    recall  f1-score   support

          0     0.9635    0.9889    0.9760     42979
          1     0.8604    0.7190    0.7834      1509
          2     0.8399    0.8287    0.8343      2609
          3     0.9068    0.6950    0.7869      1623
          4     0.9619    0.8698    0.9136      4010
          5     0.9931    0.9892    0.9912      1021
          6     0.9947    0.8542    0.9191       439
          7     0.9972    0.9714    0.9841       734

avg / total     0.9543    0.9552    0.9538     54924


             precision    recall  f1-score   support

          0     0.9637    0.9896    0.9765     42979
          1     0.8628    0.7250    0.7879      1509
          2     0.8358    0.8233    0.8295      2609
          3     0.9409    0.6962    0.8003      1623
          4     0.9616    0.8736    0.9155      4010
          5     0.9931    0.9892    0.9912      1021
          6     0.9947    0.8519    0.9178       439
          7     0.9986    0.9741    0.9862       734

avg / total     0.9553    0.9560    0.9546     54924


             precision    recall  f1-score   support

          0     0.9636    0.9885    0.9759     42979
          1     0.8282    0.7634    0.7945      1509
          2     0.8387    0.8030    0.8204      2609
          3     0.8866    0.7270    0.7989      1623
          4     0.9758    0.8531    0.9103      4010
          5     0.9941    0.9882    0.9912      1021
          6     0.9895    0.8588    0.9195       439
          7     1.0000    0.9741    0.9869       734

avg / total     0.9538    0.9546    0.9535     54924


             precision    recall  f1-score   support

          0     0.9677    0.9887    0.9781     42979
          1     0.8587    0.7449    0.7977      1509
          2     0.8191    0.8417    0.8302      2609
          3     0.9226    0.7123    0.8039      1623
          4     0.9634    0.8798    0.9197      4010
          5     0.9921    0.9892    0.9907      1021
          6     0.9894    0.8497    0.9142       439
          7     1.0000    0.9700    0.9848       734

avg / total     0.9570    0.9575    0.9565     54924


             precision    recall  f1-score   support

          0     0.9662    0.9889    0.9774     42979
          1     0.8704    0.7700    0.8172      1509
          2     0.8477    0.8494    0.8486      2609
          3     0.9012    0.7418    0.8138      1623
          4     0.9788    0.8626    0.9170      4010
          5     0.9941    0.9882    0.9912      1021
          6     0.9793    0.8633    0.9177       439
          7     0.9958    0.9728    0.9841       734

avg / total     0.9580    0.9585    0.9575     54924


             precision    recall  f1-score   support

          0     0.9656    0.9917    0.9785     42979
          1     0.8746    0.7442    0.8042      1509
          2     0.8768    0.8264    0.8508      2609
          3     0.9264    0.7135    0.8061      1623
          4     0.9668    0.8865    0.9249      4010
          5     0.9921    0.9882    0.9902      1021
          6     0.9895    0.8588    0.9195       439
          7     1.0000    0.9714    0.9855       734

avg / total     0.9589    0.9598    0.9585     54924


             precision    recall  f1-score   support

          0     0.9679    0.9900    0.9788     42979
          1     0.8733    0.7449    0.8040      1509
          2     0.8548    0.8509    0.8529      2609
          3     0.9305    0.7178    0.8104      1623
          4     0.9621    0.8925    0.9260      4010
          5     0.9921    0.9882    0.9902      1021
          6     0.9868    0.8542    0.9158       439
          7     1.0000    0.9700    0.9848       734

avg / total     0.9594    0.9601    0.9590     54924


             precision    recall  f1-score   support

          0     0.9666    0.9904    0.9783     42979
          1     0.8553    0.7753    0.8133      1509
          2     0.8737    0.8222    0.8472      2609
          3     0.9105    0.7332    0.8123      1623
          4     0.9712    0.8828    0.9249      4010
          5     0.9951    0.9882    0.9916      1021
          6     0.9843    0.8565    0.9160       439
          7     1.0000    0.9728    0.9862       734

avg / total     0.9589    0.9597    0.9586     54924


             precision    recall  f1-score   support

          0     0.9684    0.9890    0.9786     42979
          1     0.8815    0.7495    0.8102      1509
          2     0.8557    0.8475    0.8515      2609
          3     0.9304    0.7246    0.8147      1623
          4     0.9543    0.9000    0.9263      4010
          5     0.9921    0.9892    0.9907      1021
          6     0.9845    0.8679    0.9225       439
          7     0.9986    0.9687    0.9834       734

avg / total     0.9595    0.9601    0.9591     54924


             precision    recall  f1-score   support

          0     0.9731    0.9812    0.9771     42979
          1     0.8395    0.8005    0.8195      1509
          2     0.8831    0.8133    0.8468      2609
          3     0.8298    0.7961    0.8126      1623
          4     0.8803    0.8933    0.8867      4010
          5     0.9961    0.9892    0.9926      1021
          6     0.9820    0.8679    0.9214       439
          7     1.0000    0.9755    0.9876       734

avg / total     0.9550    0.9556    0.9551     54924


             precision    recall  f1-score   support

          0     0.9679    0.9901    0.9789     42979
          1     0.8598    0.7475    0.7997      1509
          2     0.8685    0.8176    0.8423      2609
          3     0.9055    0.7677    0.8309      1623
          4     0.9647    0.8925    0.9272      4010
          5     0.9961    0.9892    0.9926      1021
          6     0.9920    0.8451    0.9127       439
          7     1.0000    0.9741    0.9869       734

avg / total     0.9592    0.9602    0.9591     54924


             precision    recall  f1-score   support

          0     0.9686    0.9882    0.9783     42979
          1     0.8578    0.7714    0.8123      1509
          2     0.8467    0.8444    0.8455      2609
          3     0.9403    0.7277    0.8204      1623
          4     0.9594    0.8960    0.9266      4010
          5     0.9941    0.9892    0.9917      1021
          6     0.9871    0.8702    0.9249       439
          7     0.9986    0.9687    0.9834       734

avg / total     0.9593    0.9598    0.9589     54924


             precision    recall  f1-score   support

          0     0.9718    0.9877    0.9797     42979
          1     0.8520    0.7972    0.8237      1509
          2     0.8670    0.8517    0.8592      2609
          3     0.9242    0.7437    0.8242      1623
          4     0.9500    0.9097    0.9294      4010
          5     0.9941    0.9892    0.9917      1021
          6     0.9845    0.8702    0.9238       439
          7     1.0000    0.9741    0.9869       734

avg / total     0.9614    0.9620    0.9613     54924


             precision    recall  f1-score   support

          0     0.9705    0.9919    0.9811     42979
          1     0.8927    0.7886    0.8374      1509
          2     0.8929    0.8498    0.8708      2609
          3     0.9311    0.7572    0.8352      1623
          4     0.9690    0.9050    0.9359      4010
          5     0.9951    0.9892    0.9921      1021
          6     0.9870    0.8633    0.9210       439
          7     1.0000    0.9755    0.9876       734

avg / total     0.9644    0.9650    0.9641     54924


             precision    recall  f1-score   support

          0     0.9715    0.9917    0.9815     42979
          1     0.9051    0.7840    0.8402      1509
          2     0.8823    0.8674    0.8748      2609
          3     0.9325    0.7659    0.8410      1623
          4     0.9716    0.9042    0.9367      4010
          5     0.9951    0.9892    0.9921      1021
          6     0.9896    0.8656    0.9235       439
          7     1.0000    0.9755    0.9876       734

avg / total     0.9653    0.9658    0.9649     54924


             precision    recall  f1-score   support

          0     0.9717    0.9919    0.9817     42979
          1     0.8939    0.7985    0.8435      1509
          2     0.8881    0.8612    0.8745      2609
          3     0.9457    0.7622    0.8441      1623
          4     0.9694    0.9072    0.9373      4010
          5     0.9951    0.9892    0.9921      1021
          6     0.9922    0.8656    0.9246       439
          7     1.0000    0.9741    0.9869       734

avg / total     0.9657    0.9661    0.9653     54924


             precision    recall  f1-score   support

          0     0.9717    0.9919    0.9817     42979
          1     0.8990    0.7906    0.8413      1509
          2     0.8838    0.8574    0.8704      2609
          3     0.9397    0.7683    0.8454      1623
          4     0.9688    0.9072    0.9370      4010
          5     0.9951    0.9892    0.9921      1021
          6     0.9922    0.8656    0.9246       439
          7     1.0000    0.9741    0.9869       734

avg / total     0.9654    0.9659    0.9651     54924


             precision    recall  f1-score   support

          0     0.9714    0.9919    0.9816     42979
          1     0.9007    0.7999    0.8473      1509
          2     0.8990    0.8498    0.8737      2609
          3     0.9340    0.7677    0.8427      1623
          4     0.9656    0.9110    0.9375      4010
          5     0.9951    0.9892    0.9921      1021
          6     0.9896    0.8656    0.9235       439
          7     1.0000    0.9755    0.9876       734

avg / total     0.9655    0.9661    0.9653     54924


             precision    recall  f1-score   support

          0     0.9724    0.9916    0.9819     42979
          1     0.8882    0.8052    0.8446      1509
          2     0.8852    0.8662    0.8756      2609
          3     0.9358    0.7726    0.8464      1623
          4     0.9718    0.9030    0.9361      4010
          5     0.9951    0.9892    0.9921      1021
          6     0.9895    0.8565    0.9182       439
          7     1.0000    0.9741    0.9869       734

avg / total     0.9658    0.9662    0.9655     54924


             precision    recall  f1-score   support

          0     0.9714    0.9920    0.9816     42979
          1     0.8739    0.8131    0.8424      1509
          2     0.8958    0.8501    0.8724      2609
          3     0.9415    0.7640    0.8435      1623
          4     0.9742    0.9040    0.9378      4010
          5     0.9951    0.9892    0.9921      1021
          6     0.9896    0.8656    0.9235       439
          7     1.0000    0.9741    0.9869       734

avg / total     0.9654    0.9659    0.9651     54924


             precision    recall  f1-score   support

          0     0.9714    0.9922    0.9817     42979
          1     0.9011    0.8032    0.8493      1509
          2     0.8879    0.8651    0.8763      2609
          3     0.9440    0.7585    0.8411      1623
          4     0.9742    0.9032    0.9374      4010
          5     0.9951    0.9892    0.9921      1021
          6     0.9792    0.8588    0.9150       439
          7     1.0000    0.9741    0.9869       734

avg / total     0.9658    0.9662    0.9654     54924


             precision    recall  f1-score   support

          0     0.9713    0.9922    0.9816     42979
          1     0.8805    0.8151    0.8465      1509
          2     0.9047    0.8444    0.8735      2609
          3     0.9320    0.7683    0.8423      1623
          4     0.9722    0.9062    0.9380      4010
          5     0.9951    0.9892    0.9921      1021
          6     0.9895    0.8610    0.9208       439
          7     1.0000    0.9741    0.9869       734

avg / total     0.9655    0.9661    0.9653     54924


             precision    recall  f1-score   support

          0     0.9711    0.9924    0.9816     42979
          1     0.8967    0.7992    0.8451      1509
          2     0.8952    0.8513    0.8727      2609
          3     0.9355    0.7689    0.8441      1623
          4     0.9729    0.9055    0.9380      4010
          5     0.9961    0.9882    0.9921      1021
          6     0.9870    0.8656    0.9223       439
          7     1.0000    0.9728    0.9862       734

avg / total     0.9655    0.9661    0.9652     54924


             precision    recall  f1-score   support

          0     0.9746    0.9906    0.9825     42979
          1     0.8839    0.8072    0.8438      1509
          2     0.8643    0.8743    0.8693      2609
          3     0.9298    0.7831    0.8502      1623
          4     0.9730    0.9067    0.9387      4010
          5     0.9961    0.9882    0.9921      1021
          6     0.9897    0.8724    0.9274       439
          7     1.0000    0.9755    0.9876       734

avg / total     0.9663    0.9666    0.9660     54924


             precision    recall  f1-score   support

          0     0.9710    0.9922    0.9815     42979
          1     0.9042    0.7946    0.8459      1509
          2     0.8826    0.8586    0.8704      2609
          3     0.9416    0.7548    0.8379      1623
          4     0.9756    0.9060    0.9395      4010
          5     0.9961    0.9882    0.9921      1021
          6     0.9897    0.8793    0.9312       439
          7     1.0000    0.9755    0.9876       734

avg / total     0.9654    0.9659    0.9650     54924


             precision    recall  f1-score   support

          0     0.9738    0.9909    0.9823     42979
          1     0.8952    0.8098    0.8504      1509
          2     0.8791    0.8670    0.8730      2609
          3     0.9383    0.7782    0.8508      1623
          4     0.9683    0.9140    0.9403      4010
          5     0.9941    0.9892    0.9917      1021
          6     0.9847    0.8815    0.9303       439
          7     1.0000    0.9714    0.9855       734

avg / total     0.9665    0.9670    0.9663     54924


             precision    recall  f1-score   support

          0     0.9726    0.9911    0.9818     42979
          1     0.8630    0.8264    0.8443      1509
          2     0.9005    0.8398    0.8691      2609
          3     0.9262    0.7813    0.8476      1623
          4     0.9681    0.9085    0.9373      4010
          5     0.9961    0.9892    0.9926      1021
          6     0.9922    0.8679    0.9259       439
          7     0.9958    0.9728    0.9841       734

avg / total     0.9654    0.9659    0.9652     54924


             precision    recall  f1-score   support

          0     0.9722    0.9922    0.9821     42979
          1     0.8942    0.8005    0.8448      1509
          2     0.8888    0.8582    0.8732      2609
          3     0.9476    0.7696    0.8494      1623
          4     0.9708    0.9107    0.9398      4010
          5     0.9970    0.9882    0.9926      1021
          6     0.9922    0.8679    0.9259       439
          7     1.0000    0.9741    0.9869       734

avg / total     0.9663    0.9668    0.9660     54924


             precision    recall  f1-score   support

          0     0.9723    0.9918    0.9819     42979
          1     0.8917    0.8078    0.8477      1509
          2     0.8982    0.8555    0.8763      2609
          3     0.9353    0.7751    0.8477      1623
          4     0.9692    0.9112    0.9393      4010
          5     0.9961    0.9892    0.9926      1021
          6     0.9821    0.8724    0.9240       439
          7     1.0000    0.9714    0.9855       734

avg / total     0.9661    0.9667    0.9659     54924


             precision    recall  f1-score   support

          0     0.9723    0.9922    0.9821     42979
          1     0.8930    0.8078    0.8483      1509
          2     0.8898    0.8601    0.8747      2609
          3     0.9383    0.7689    0.8452      1623
          4     0.9743    0.9070    0.9394      4010
          5     0.9961    0.9892    0.9926      1021
          6     0.9922    0.8724    0.9285       439
          7     1.0000    0.9728    0.9862       734

avg / total     0.9663    0.9668    0.9660     54924


             precision    recall  f1-score   support

          0     0.9723    0.9921    0.9821     42979
          1     0.8935    0.8005    0.8445      1509
          2     0.8887    0.8567    0.8724      2609
          3     0.9472    0.7634    0.8454      1623
          4     0.9685    0.9137    0.9403      4010
          5     0.9961    0.9882    0.9921      1021
          6     0.9870    0.8656    0.9223       439
          7     1.0000    0.9728    0.9862       734

avg / total     0.9661    0.9666    0.9658     54924

loss:0.49548572288,0.307824183128,0.282113521951,0.262785043411,0.249015793206,0.234134723188,0.226458542811,0.212226099693,0.201716963517,0.19156450514,0.184455252162,0.174982237905,0.167565977531,0.159860704438,0.154290462212,0.148083834961,0.141930017604,0.138708334327,0.135967084863,0.132757922019,0.129184326941,0.124752040365,0.122976666461,0.118470462042,0.115376812309,0.113224735607,0.111853967987,0.108818631092,0.107617586067,0.105449037077,0.103848031671,0.102301866597,0.0876084916648,0.0827800079083,0.0804902903105,0.0791642619764,0.0807024978882,0.0788205910508,0.0784409042198,0.0783860509018,0.0782159917992,0.0767275557677,0.0781397688069,0.0760718134461,0.0751897059741,0.0752322172214,0.0743415142691,0.0738385996158,0.0721850832178,0.0715436156201
val_acc:0.907180833548,0.913498652862,0.918833294354,0.92333041615,0.918760471282,0.926407398161,0.930212656314,0.932215422008,0.937058480541,0.936657930035,0.941318913985,0.94164663591,0.944887481404,0.944741824685,0.947327215025,0.949785156166,0.950294953339,0.951059648244,0.952443377092,0.955174422587,0.955975528508,0.954646421997,0.957541326508,0.958469882747,0.959780784877,0.960090305012,0.959689753322,0.960144925487,0.955556768178,0.960163133371,0.959817201843,0.962038452771,0.964987982601,0.965752677207,0.966135022876,0.965880122837,0.966098611561,0.966244264112,0.965898331099,0.966207850193,0.966062194517,0.966080400174,0.966608403524,0.965880123059,0.966954335795,0.965916538319,0.966754063147,0.966681233746,0.966754061584,0.966590198167
lr:0.00379001,0.00379001,0.00379001,0.00379001,0.00379001,0.00379001,0.00379001,0.00379001,0.00379001,0.00379001,0.00379001,0.00379001,0.00379001,0.00379001,0.00379001,0.00379001,0.00379001,0.00379001,0.00379001,0.00379001,0.00379001,0.00379001,0.00379001,0.00379001,0.00379001,0.00379001,0.00379001,0.00379001,0.00379001,0.00379001,0.00379001,0.00379001,0.001,0.001,0.001,0.001,0.001,0.001,0.001,0.001,0.001,0.001,0.001,0.001,0.001,0.001,0.001,0.001,0.001,0.001
acc:0.857539933506,0.909768414302,0.916001116578,0.920218964566,0.923878477463,0.927198136432,0.928363352361,0.933012088789,0.936161819737,0.939002038929,0.940762003785,0.943832842295,0.946035829173,0.94865757264,0.950089820176,0.951995437418,0.953816088851,0.955199786889,0.956377141941,0.956456036315,0.95838592869,0.959296256007,0.959969898017,0.961359663166,0.962506675596,0.96294363192,0.963677962367,0.964345533937,0.964648978548,0.965310481238,0.96555930539,0.966038742091,0.971549255912,0.972635577169,0.973309221187,0.974073895495,0.973497355462,0.974092103014,0.974031414677,0.974183136163,0.974480509121,0.974814293306,0.974013206533,0.974796089801,0.974972085455,0.974850709018,0.974984224076,0.975761035692,0.976131236605,0.976270819472
val_loss:0.324478181355,0.287691275463,0.267699098366,0.248458477831,0.245011203556,0.233769393635,0.2169743689,0.207228899494,0.197791799252,0.197723427531,0.181588660306,0.181362384202,0.175715283528,0.174969791332,0.165672724268,0.158469502629,0.15751371303,0.155478018516,0.153785160193,0.145158143852,0.144837354398,0.149463405009,0.141784820575,0.137291202782,0.136057676081,0.133672688486,0.135922492944,0.130692464676,0.1426276462,0.131788693044,0.132993771591,0.131524364318,0.121345072263,0.118689929286,0.118397604776,0.118331319649,0.119522348069,0.119092596041,0.119598108772,0.118571851098,0.119286992225,0.121834020189,0.119950433498,0.12186160725,0.118639353277,0.120054690129,0.119425367693,0.12013126422,0.11928968226,0.120323421356
