
             precision    recall  f1-score   support

          0     0.9150    0.9963    0.9540     42979
          1     0.6381    0.5374    0.5835      1509
          2     0.7474    0.3810    0.5047      2609
          3     0.9812    0.3210    0.4838      1623
          4     0.9849    0.7162    0.8293      4010
          5     0.9951    0.9892    0.9921      1021
          6     1.0000    0.7654    0.8671       439
          7     0.9835    0.9741    0.9788       734

avg / total     0.9096    0.9118    0.8998     54924


             precision    recall  f1-score   support

          0     0.9247    0.9928    0.9576     42979
          1     0.6701    0.5222    0.5870      1509
          2     0.7655    0.4454    0.5631      2609
          3     0.8141    0.4264    0.5596      1623
          4     0.9724    0.7656    0.8567      4010
          5     0.9940    0.9814    0.9877      1021
          6     0.9944    0.8018    0.8878       439
          7     0.9916    0.9673    0.9793       734

avg / total     0.9131    0.9185    0.9098     54924


             precision    recall  f1-score   support

          0     0.9426    0.9762    0.9591     42979
          1     0.7657    0.4592    0.5742      1509
          2     0.6967    0.6516    0.6734      2609
          3     0.8508    0.4812    0.6147      1623
          4     0.8216    0.8304    0.8260      4010
          5     0.9951    0.9873    0.9912      1021
          6     0.9781    0.8155    0.8894       439
          7     0.9958    0.9687    0.9820       734

avg / total     0.9165    0.9202    0.9154     54924


             precision    recall  f1-score   support

          0     0.9359    0.9926    0.9634     42979
          1     0.7618    0.5129    0.6131      1509
          2     0.7636    0.5707    0.6532      2609
          3     0.8923    0.5157    0.6537      1623
          4     0.9639    0.8067    0.8784      4010
          5     0.9950    0.9765    0.9857      1021
          6     0.9838    0.8292    0.8999       439
          7     0.9958    0.9646    0.9799       734

avg / total     0.9260    0.9297    0.9238     54924


             precision    recall  f1-score   support

          0     0.9379    0.9919    0.9642     42979
          1     0.7840    0.5388    0.6386      1509
          2     0.7308    0.5849    0.6498      2609
          3     0.9148    0.5360    0.6760      1623
          4     0.9782    0.8072    0.8845      4010
          5     0.9921    0.9892    0.9907      1021
          6     0.9832    0.8018    0.8833       439
          7     1.0000    0.9673    0.9834       734

avg / total     0.9283    0.9313    0.9261     54924


             precision    recall  f1-score   support

          0     0.9402    0.9903    0.9646     42979
          1     0.7885    0.5905    0.6753      1509
          2     0.7835    0.6117    0.6870      2609
          3     0.8845    0.5471    0.6761      1623
          4     0.9599    0.8120    0.8798      4010
          5     0.9951    0.9853    0.9902      1021
          6     0.9889    0.8132    0.8925       439
          7     0.9917    0.9714    0.9814       734

avg / total     0.9305    0.9335    0.9289     54924


             precision    recall  f1-score   support

          0     0.9408    0.9879    0.9638     42979
          1     0.7736    0.5547    0.6461      1509
          2     0.7222    0.7026    0.7123      2609
          3     0.9380    0.4757    0.6312      1623
          4     0.9662    0.7843    0.8658      4010
          5     0.9912    0.9892    0.9902      1021
          6     0.9892    0.8337    0.9048       439
          7     0.9986    0.9591    0.9785       734

avg / total     0.9297    0.9309    0.9263     54924


             precision    recall  f1-score   support

          0     0.9459    0.9895    0.9672     42979
          1     0.7754    0.6269    0.6933      1509
          2     0.7837    0.6654    0.7197      2609
          3     0.8601    0.6063    0.7112      1623
          4     0.9807    0.7978    0.8798      4010
          5     0.9912    0.9892    0.9902      1021
          6     0.9429    0.8656    0.9026       439
          7     0.9986    0.9591    0.9785       734

avg / total     0.9351    0.9374    0.9340     54924


             precision    recall  f1-score   support

          0     0.9435    0.9917    0.9670     42979
          1     0.8314    0.5620    0.6706      1509
          2     0.7777    0.6692    0.7194      2609
          3     0.9106    0.5903    0.7163      1623
          4     0.9779    0.8045    0.8827      4010
          5     0.9960    0.9853    0.9906      1021
          6     0.9235    0.8519    0.8863       439
          7     0.9917    0.9714    0.9814       734

avg / total     0.9355    0.9375    0.9335     54924


             precision    recall  f1-score   support

          0     0.9487    0.9899    0.9689     42979
          1     0.8089    0.5891    0.6817      1509
          2     0.7810    0.6915    0.7335      2609
          3     0.8995    0.5958    0.7168      1623
          4     0.9625    0.8392    0.8966      4010
          5     0.9931    0.9882    0.9907      1021
          6     0.9864    0.8269    0.8996       439
          7     0.9944    0.9700    0.9821       734

avg / total     0.9382    0.9404    0.9371     54924


             precision    recall  f1-score   support

          0     0.9437    0.9913    0.9669     42979
          1     0.7445    0.6276    0.6810      1509
          2     0.8192    0.6113    0.7002      2609
          3     0.8996    0.5465    0.6800      1623
          4     0.9607    0.8289    0.8900      4010
          5     0.9930    0.9706    0.9817      1021
          6     0.9839    0.8360    0.9039       439
          7     0.9621    0.9673    0.9647       734

avg / total     0.9337    0.9363    0.9320     54924


             precision    recall  f1-score   support

          0     0.9558    0.9840    0.9697     42979
          1     0.6169    0.6468    0.6315      1509
          2     0.8011    0.7164    0.7564      2609
          3     0.9111    0.6377    0.7503      1623
          4     0.9651    0.8404    0.8984      4010
          5     0.9921    0.9882    0.9902      1021
          6     0.9305    0.8542    0.8907       439
          7     0.9972    0.9687    0.9827       734

avg / total     0.9395    0.9401    0.9385     54924


             precision    recall  f1-score   support

          0     0.9505    0.9870    0.9684     42979
          1     0.7916    0.6269    0.6997      1509
          2     0.7993    0.6489    0.7163      2609
          3     0.8507    0.6531    0.7389      1623
          4     0.9483    0.8556    0.8996      4010
          5     0.9931    0.9882    0.9907      1021
          6     0.9640    0.8542    0.9058       439
          7     1.0000    0.9700    0.9848       734

avg / total     0.9374    0.9404    0.9374     54924


             precision    recall  f1-score   support

          0     0.9435    0.9928    0.9675     42979
          1     0.7555    0.6819    0.7168      1509
          2     0.8381    0.6309    0.7199      2609
          3     0.9693    0.5250    0.6811      1623
          4     0.9728    0.8214    0.8908      4010
          5     0.9931    0.9873    0.9902      1021
          6     0.9759    0.8314    0.8979       439
          7     0.9958    0.9728    0.9841       734

avg / total     0.9381    0.9391    0.9349     54924


             precision    recall  f1-score   support

          0     0.9548    0.9858    0.9701     42979
          1     0.7847    0.6474    0.7095      1509
          2     0.7930    0.7194    0.7544      2609
          3     0.8951    0.6519    0.7544      1623
          4     0.9415    0.8554    0.8964      4010
          5     0.9902    0.9873    0.9887      1021
          6     0.9765    0.8519    0.9100       439
          7     0.9972    0.9659    0.9813       734

avg / total     0.9411    0.9432    0.9409     54924


             precision    recall  f1-score   support

          0     0.9524    0.9853    0.9686     42979
          1     0.8062    0.6561    0.7234      1509
          2     0.8130    0.6884    0.7455      2609
          3     0.8073    0.6506    0.7206      1623
          4     0.9462    0.8506    0.8959      4010
          5     0.9951    0.9882    0.9916      1021
          6     0.9635    0.8428    0.8991       439
          7     1.0000    0.9714    0.9855       734

avg / total     0.9386    0.9412    0.9387     54924


             precision    recall  f1-score   support

          0     0.9582    0.9854    0.9716     42979
          1     0.8000    0.6786    0.7343      1509
          2     0.7633    0.7650    0.7642      2609
          3     0.9032    0.6494    0.7556      1623
          4     0.9632    0.8541    0.9054      4010
          5     0.9941    0.9892    0.9917      1021
          6     0.9791    0.8519    0.9111       439
          7     1.0000    0.9687    0.9841       734

avg / total     0.9447    0.9457    0.9441     54924


             precision    recall  f1-score   support

          0     0.9521    0.9882    0.9698     42979
          1     0.8279    0.6567    0.7324      1509
          2     0.8264    0.7282    0.7742      2609
          3     0.8876    0.6131    0.7252      1623
          4     0.9459    0.8451    0.8927      4010
          5     0.9931    0.9882    0.9907      1021
          6     0.9843    0.8542    0.9146       439
          7     0.9958    0.9728    0.9841       734

avg / total     0.9419    0.9439    0.9413     54924


             precision    recall  f1-score   support

          0     0.9553    0.9879    0.9713     42979
          1     0.8160    0.6349    0.7141      1509
          2     0.8126    0.7328    0.7707      2609
          3     0.8741    0.6716    0.7596      1623
          4     0.9520    0.8506    0.8985      4010
          5     0.9902    0.9902    0.9902      1021
          6     0.9719    0.8679    0.9170       439
          7     0.9972    0.9673    0.9820       734

avg / total     0.9434    0.9455    0.9432     54924


             precision    recall  f1-score   support

          0     0.9580    0.9855    0.9715     42979
          1     0.7963    0.6759    0.7312      1509
          2     0.8236    0.7317    0.7749      2609
          3     0.8913    0.6722    0.7664      1623
          4     0.9234    0.8686    0.8951      4010
          5     0.9961    0.9892    0.9926      1021
          6     0.9793    0.8610    0.9164       439
          7     0.9944    0.9714    0.9828       734

avg / total     0.9440    0.9460    0.9441     54924


             precision    recall  f1-score   support

          0     0.9444    0.9909    0.9671     42979
          1     0.7908    0.6687    0.7246      1509
          2     0.8227    0.6278    0.7122      2609
          3     0.8735    0.5829    0.6992      1623
          4     0.9778    0.8229    0.8937      4010
          5     0.9951    0.9892    0.9921      1021
          6     0.9868    0.8519    0.9144       439
          7     1.0000    0.9714    0.9855       734

avg / total     0.9368    0.9390    0.9353     54924


             precision    recall  f1-score   support

          0     0.9603    0.9913    0.9756     42979
          1     0.8659    0.6892    0.7675      1509
          2     0.8452    0.7827    0.8127      2609
          3     0.9259    0.7006    0.7976      1623
          4     0.9694    0.8691    0.9165      4010
          5     0.9931    0.9912    0.9922      1021
          6     0.9769    0.8679    0.9192       439
          7     1.0000    0.9700    0.9848       734

avg / total     0.9532    0.9543    0.9525     54924


             precision    recall  f1-score   support

          0     0.9661    0.9892    0.9775     42979
          1     0.8510    0.7343    0.7883      1509
          2     0.8410    0.8068    0.8236      2609
          3     0.9228    0.7295    0.8149      1623
          4     0.9630    0.8888    0.9244      4010
          5     0.9912    0.9892    0.9902      1021
          6     0.9672    0.8724    0.9174       439
          7     1.0000    0.9673    0.9834       734

avg / total     0.9564    0.9573    0.9561     54924


             precision    recall  f1-score   support

          0     0.9628    0.9912    0.9768     42979
          1     0.8529    0.7223    0.7822      1509
          2     0.8719    0.7907    0.8293      2609
          3     0.9387    0.7172    0.8131      1623
          4     0.9635    0.8813    0.9206      4010
          5     0.9922    0.9912    0.9917      1021
          6     0.9770    0.8724    0.9218       439
          7     1.0000    0.9714    0.9855       734

avg / total     0.9559    0.9569    0.9554     54924


             precision    recall  f1-score   support

          0     0.9654    0.9903    0.9777     42979
          1     0.8566    0.7442    0.7965      1509
          2     0.8599    0.8160    0.8374      2609
          3     0.9388    0.7277    0.8199      1623
          4     0.9671    0.8873    0.9255      4010
          5     0.9951    0.9892    0.9921      1021
          6     0.9793    0.8633    0.9177       439
          7     1.0000    0.9700    0.9848       734

avg / total     0.9579    0.9587    0.9574     54924


             precision    recall  f1-score   support

          0     0.9648    0.9920    0.9782     42979
          1     0.8603    0.7303    0.7900      1509
          2     0.8706    0.8202    0.8447      2609
          3     0.9503    0.7190    0.8187      1623
          4     0.9693    0.8830    0.9242      4010
          5     0.9941    0.9912    0.9926      1021
          6     0.9870    0.8656    0.9223       439
          7     1.0000    0.9673    0.9834       734

avg / total     0.9586    0.9593    0.9580     54924


             precision    recall  f1-score   support

          0     0.9672    0.9916    0.9793     42979
          1     0.8706    0.7488    0.8051      1509
          2     0.8749    0.8314    0.8526      2609
          3     0.9401    0.7443    0.8308      1623
          4     0.9682    0.8885    0.9267      4010
          5     0.9951    0.9892    0.9921      1021
          6     0.9796    0.8770    0.9255       439
          7     1.0000    0.9687    0.9841       734

avg / total     0.9605    0.9612    0.9601     54924


             precision    recall  f1-score   support

          0     0.9665    0.9918    0.9790     42979
          1     0.8645    0.7356    0.7948      1509
          2     0.8818    0.8206    0.8501      2609
          3     0.9354    0.7498    0.8324      1623
          4     0.9694    0.8915    0.9288      4010
          5     0.9931    0.9912    0.9922      1021
          6     0.9820    0.8702    0.9227       439
          7     1.0000    0.9659    0.9827       734

avg / total     0.9600    0.9609    0.9597     54924


             precision    recall  f1-score   support

          0     0.9683    0.9909    0.9795     42979
          1     0.8521    0.7522    0.7990      1509
          2     0.8742    0.8310    0.8520      2609
          3     0.9246    0.7480    0.8270      1623
          4     0.9684    0.8943    0.9299      4010
          5     0.9961    0.9892    0.9926      1021
          6     0.9769    0.8656    0.9179       439
          7     1.0000    0.9700    0.9848       734

avg / total     0.9604    0.9612    0.9601     54924


             precision    recall  f1-score   support

          0     0.9676    0.9922    0.9797     42979
          1     0.8719    0.7488    0.8057      1509
          2     0.8808    0.8298    0.8545      2609
          3     0.9365    0.7542    0.8355      1623
          4     0.9722    0.8910    0.9299      4010
          5     0.9941    0.9912    0.9926      1021
          6     0.9744    0.8679    0.9181       439
          7     1.0000    0.9687    0.9841       734

avg / total     0.9613    0.9620    0.9609     54924


             precision    recall  f1-score   support

          0     0.9685    0.9914    0.9798     42979
          1     0.8763    0.7508    0.8087      1509
          2     0.8792    0.8344    0.8562      2609
          3     0.9408    0.7542    0.8372      1623
          4     0.9633    0.8978    0.9294      4010
          5     0.9922    0.9912    0.9917      1021
          6     0.9770    0.8724    0.9218       439
          7     1.0000    0.9659    0.9827       734

avg / total     0.9615    0.9622    0.9612     54924


             precision    recall  f1-score   support

          0     0.9687    0.9909    0.9797     42979
          1     0.8487    0.7621    0.8031      1509
          2     0.8716    0.8248    0.8476      2609
          3     0.9328    0.7702    0.8437      1623
          4     0.9741    0.8928    0.9317      4010
          5     0.9931    0.9912    0.9922      1021
          6     0.9771    0.8747    0.9231       439
          7     1.0000    0.9673    0.9834       734

avg / total     0.9611    0.9618    0.9609     54924


             precision    recall  f1-score   support

          0     0.9684    0.9915    0.9798     42979
          1     0.8651    0.7482    0.8024      1509
          2     0.8717    0.8413    0.8563      2609
          3     0.9450    0.7511    0.8369      1623
          4     0.9716    0.8943    0.9313      4010
          5     0.9941    0.9912    0.9926      1021
          6     0.9821    0.8747    0.9253       439
          7     1.0000    0.9646    0.9820       734

avg / total     0.9615    0.9622    0.9611     54924


             precision    recall  f1-score   support

          0     0.9678    0.9924    0.9799     42979
          1     0.8864    0.7449    0.8095      1509
          2     0.8830    0.8363    0.8591      2609
          3     0.9430    0.7548    0.8385      1623
          4     0.9727    0.8970    0.9333      4010
          5     0.9951    0.9912    0.9931      1021
          6     0.9793    0.8633    0.9177       439
          7     0.9986    0.9659    0.9820       734

avg / total     0.9621    0.9628    0.9617     54924


             precision    recall  f1-score   support

          0     0.9693    0.9911    0.9801     42979
          1     0.8618    0.7601    0.8077      1509
          2     0.8890    0.8348    0.8610      2609
          3     0.9296    0.7566    0.8342      1623
          4     0.9651    0.9025    0.9327      4010
          5     0.9951    0.9912    0.9931      1021
          6     0.9699    0.8815    0.9236       439
          7     1.0000    0.9714    0.9855       734

avg / total     0.9620    0.9628    0.9618     54924


             precision    recall  f1-score   support

          0     0.9686    0.9919    0.9801     42979
          1     0.8508    0.7707    0.8088      1509
          2     0.8951    0.8141    0.8527      2609
          3     0.9375    0.7492    0.8329      1623
          4     0.9631    0.9035    0.9323      4010
          5     0.9951    0.9892    0.9921      1021
          6     0.9794    0.8679    0.9203       439
          7     1.0000    0.9700    0.9848       734

avg / total     0.9616    0.9624    0.9613     54924


             precision    recall  f1-score   support

          0     0.9696    0.9924    0.9809     42979
          1     0.8710    0.7694    0.8170      1509
          2     0.8994    0.8394    0.8684      2609
          3     0.9337    0.7640    0.8404      1623
          4     0.9728    0.9010    0.9355      4010
          5     0.9931    0.9912    0.9922      1021
          6     0.9670    0.8679    0.9148       439
          7     1.0000    0.9687    0.9841       734

avg / total     0.9635    0.9642    0.9633     54924


             precision    recall  f1-score   support

          0     0.9697    0.9927    0.9811     42979
          1     0.8758    0.7661    0.8172      1509
          2     0.8961    0.8394    0.8668      2609
          3     0.9376    0.7689    0.8450      1623
          4     0.9746    0.9012    0.9365      4010
          5     0.9941    0.9912    0.9926      1021
          6     0.9646    0.8702    0.9150       439
          7     1.0000    0.9687    0.9841       734

avg / total     0.9639    0.9646    0.9636     54924


             precision    recall  f1-score   support

          0     0.9702    0.9920    0.9810     42979
          1     0.8725    0.7661    0.8158      1509
          2     0.8902    0.8455    0.8673      2609
          3     0.9364    0.7708    0.8456      1623
          4     0.9721    0.9020    0.9357      4010
          5     0.9951    0.9902    0.9926      1021
          6     0.9693    0.8633    0.9133       439
          7     1.0000    0.9700    0.9848       734

avg / total     0.9637    0.9644    0.9635     54924


             precision    recall  f1-score   support

          0     0.9696    0.9922    0.9807     42979
          1     0.8695    0.7641    0.8134      1509
          2     0.8903    0.8367    0.8627      2609
          3     0.9411    0.7683    0.8460      1623
          4     0.9723    0.9020    0.9358      4010
          5     0.9951    0.9912    0.9931      1021
          6     0.9745    0.8702    0.9194       439
          7     1.0000    0.9687    0.9841       734

avg / total     0.9633    0.9640    0.9631     54924


             precision    recall  f1-score   support

          0     0.9701    0.9925    0.9812     42979
          1     0.8740    0.7720    0.8198      1509
          2     0.9005    0.8432    0.8709      2609
          3     0.9395    0.7652    0.8435      1623
          4     0.9705    0.9032    0.9357      4010
          5     0.9941    0.9912    0.9926      1021
          6     0.9720    0.8702    0.9183       439
          7     1.0000    0.9700    0.9848       734

avg / total     0.9641    0.9648    0.9639     54924


             precision    recall  f1-score   support

          0     0.9704    0.9919    0.9810     42979
          1     0.8628    0.7753    0.8168      1509
          2     0.8983    0.8398    0.8681      2609
          3     0.9315    0.7794    0.8487      1623
          4     0.9712    0.9000    0.9342      4010
          5     0.9951    0.9912    0.9931      1021
          6     0.9720    0.8702    0.9183       439
          7     1.0000    0.9687    0.9841       734

avg / total     0.9638    0.9645    0.9636     54924


             precision    recall  f1-score   support

          0     0.9694    0.9929    0.9810     42979
          1     0.8701    0.7720    0.8181      1509
          2     0.9049    0.8317    0.8668      2609
          3     0.9405    0.7603    0.8409      1623
          4     0.9729    0.9057    0.9381      4010
          5     0.9951    0.9902    0.9926      1021
          6     0.9770    0.8724    0.9218       439
          7     1.0000    0.9700    0.9848       734

avg / total     0.9640    0.9646    0.9636     54924


             precision    recall  f1-score   support

          0     0.9705    0.9927    0.9815     42979
          1     0.8741    0.7681    0.8176      1509
          2     0.8972    0.8494    0.8726      2609
          3     0.9402    0.7652    0.8438      1623
          4     0.9740    0.9050    0.9382      4010
          5     0.9951    0.9912    0.9931      1021
          6     0.9795    0.8702    0.9216       439
          7     1.0000    0.9714    0.9855       734

avg / total     0.9647    0.9653    0.9644     54924


             precision    recall  f1-score   support

          0     0.9706    0.9926    0.9815     42979
          1     0.8727    0.7681    0.8171      1509
          2     0.9008    0.8490    0.8741      2609
          3     0.9336    0.7794    0.8496      1623
          4     0.9747    0.9017    0.9368      4010
          5     0.9951    0.9912    0.9931      1021
          6     0.9795    0.8702    0.9216       439
          7     1.0000    0.9714    0.9855       734

avg / total     0.9647    0.9654    0.9645     54924


             precision    recall  f1-score   support

          0     0.9697    0.9927    0.9811     42979
          1     0.8751    0.7614    0.8143      1509
          2     0.8889    0.8432    0.8655      2609
          3     0.9433    0.7683    0.8469      1623
          4     0.9765    0.9000    0.9367      4010
          5     0.9961    0.9902    0.9931      1021
          6     0.9770    0.8724    0.9218       439
          7     1.0000    0.9714    0.9855       734

avg / total     0.9639    0.9646    0.9636     54924


             precision    recall  f1-score   support

          0     0.9711    0.9920    0.9815     42979
          1     0.8621    0.7747    0.8161      1509
          2     0.8794    0.8413    0.8599      2609
          3     0.9415    0.7739    0.8495      1623
          4     0.9752    0.9030    0.9377      4010
          5     0.9961    0.9912    0.9936      1021
          6     0.9744    0.8679    0.9181       439
          7     1.0000    0.9700    0.9848       734

avg / total     0.9641    0.9647    0.9638     54924


             precision    recall  f1-score   support

          0     0.9705    0.9923    0.9813     42979
          1     0.8758    0.7714    0.8203      1509
          2     0.8949    0.8421    0.8677      2609
          3     0.9404    0.7776    0.8513      1623
          4     0.9729    0.9057    0.9381      4010
          5     0.9951    0.9912    0.9931      1021
          6     0.9770    0.8702    0.9205       439
          7     1.0000    0.9700    0.9848       734

avg / total     0.9645    0.9652    0.9643     54924


             precision    recall  f1-score   support

          0     0.9698    0.9926    0.9811     42979
          1     0.8618    0.7727    0.8148      1509
          2     0.8989    0.8383    0.8675      2609
          3     0.9426    0.7689    0.8470      1623
          4     0.9760    0.9010    0.9370      4010
          5     0.9951    0.9912    0.9931      1021
          6     0.9720    0.8702    0.9183       439
          7     1.0000    0.9700    0.9848       734

avg / total     0.9640    0.9647    0.9637     54924


             precision    recall  f1-score   support

          0     0.9699    0.9924    0.9810     42979
          1     0.8666    0.7747    0.8181      1509
          2     0.8999    0.8340    0.8657      2609
          3     0.9357    0.7794    0.8504      1623
          4     0.9736    0.9005    0.9356      4010
          5     0.9951    0.9912    0.9931      1021
          6     0.9769    0.8679    0.9192       439
          7     1.0000    0.9700    0.9848       734

avg / total     0.9639    0.9646    0.9637     54924

loss:0.372437992617,0.28294050768,0.259867156044,0.237146461385,0.223766674472,0.215352589251,0.20753287437,0.206342895893,0.194877779933,0.191107279125,0.185392206837,0.18164010944,0.17806787611,0.179986632713,0.177633121033,0.173887023039,0.169610941606,0.167436098461,0.171114607026,0.164701540864,0.166096654119,0.14060634016,0.121987409431,0.115646318181,0.110094262184,0.108358419307,0.103614148373,0.102276400664,0.0998571753273,0.0965697183534,0.0945213440502,0.0921507632024,0.0902064351773,0.0902036218372,0.0880996951333,0.0880102901622,0.0819083364319,0.0791583350039,0.0770308861012,0.0790627943556,0.0767103161356,0.0752861680721,0.0753603540612,0.0746906509105,0.0746448429742,0.0758376399041,0.0750945578604,0.0746494879024,0.0736297351908,0.0736372827016
val_acc:0.911823610743,0.918487364289,0.920162406169,0.929721069161,0.931286869098,0.933453499424,0.930868108594,0.937386206364,0.937513655276,0.940444978524,0.936348408641,0.940135459952,0.940353943562,0.939097662194,0.943157818006,0.941173257636,0.945743208763,0.943940718048,0.94548831113,0.946016313456,0.939043041302,0.954282280901,0.957322846158,0.956922292666,0.95865195536,0.959307406529,0.961237346194,0.960854999679,0.961182725264,0.962020246202,0.962220522909,0.961819969382,0.962165901904,0.962803146096,0.962784939158,0.96238438574,0.964241497272,0.964551015993,0.964368946111,0.964023013549,0.964805913557,0.964459980995,0.964642050764,0.965297501933,0.965388536818,0.96455101588,0.964660257741,0.965170053134,0.964660257741,0.964587429834
lr:0.0183158,0.0183158,0.0183158,0.0183158,0.0183158,0.0183158,0.0183158,0.0183158,0.0183158,0.0183158,0.0183158,0.0183158,0.0183158,0.0183158,0.0183158,0.0183158,0.0183158,0.0183158,0.0183158,0.0183158,0.0183158,0.00366316,0.00366316,0.00366316,0.00366316,0.00366316,0.00366316,0.00366316,0.00366316,0.00366316,0.00366316,0.00366316,0.00366316,0.00366316,0.00366316,0.00366316,0.001,0.001,0.001,0.001,0.001,0.001,0.001,0.001,0.001,0.001,0.001,0.001,0.001,0.001
acc:0.89010535512,0.914137981259,0.91960601059,0.925504927899,0.929291887148,0.931598048262,0.933321600204,0.934377579242,0.937976404328,0.93848011849,0.940221876946,0.941326406741,0.942606933066,0.942151769701,0.942740447664,0.943948147777,0.945513909819,0.94621789579,0.944773510694,0.946333203859,0.946654852622,0.954271253112,0.960467543788,0.962445987291,0.96443656845,0.965085934862,0.966499975719,0.967197892883,0.96799898042,0.968320629189,0.969516191673,0.969801427387,0.970384036519,0.970729960685,0.971015196359,0.971616012035,0.973145360998,0.973782589692,0.975263387866,0.974377336528,0.975166286332,0.975202699393,0.975578967834,0.975415108996,0.975427246672,0.974947807942,0.975518279347,0.975342282828,0.975421177859,0.975754964295
val_loss:0.292903632096,0.264024243808,0.251618585115,0.221464720735,0.215159981102,0.204140911822,0.216049276412,0.204757741437,0.198074426347,0.187633733657,0.198503182688,0.193947779307,0.186673111176,0.196132062977,0.182445108592,0.186969604937,0.173125378433,0.179972707839,0.173151961678,0.176347647144,0.191773819541,0.149498816048,0.142675177544,0.141243275051,0.139088707017,0.136528266876,0.13737168484,0.135940521797,0.134585523788,0.134667348581,0.133240226915,0.131321399913,0.132293445169,0.131954910773,0.132277113861,0.134948626664,0.128839912826,0.128272735595,0.128174780633,0.129913118958,0.127388698819,0.128210955598,0.129763650027,0.128256188328,0.128079014431,0.131737799267,0.132164218883,0.130104660095,0.13227433761,0.131272790595
