
             precision    recall  f1-score   support

          0     0.9166    0.9966    0.9549     42979
          1     0.6167    0.5832    0.5995      1509
          2     0.8076    0.3603    0.4983      2609
          3     0.8910    0.3777    0.5305      1623
          4     0.9948    0.7185    0.8343      4010
          5     0.9919    0.9618    0.9766      1021
          6     0.9899    0.6720    0.8005       439
          7     0.9617    0.9591    0.9604       734

avg / total     0.9107    0.9127    0.9014     54924


             precision    recall  f1-score   support

          0     0.9210    0.9955    0.9568     42979
          1     0.6157    0.6190    0.6173      1509
          2     0.7767    0.3825    0.5126      2609
          3     0.9357    0.3315    0.4895      1623
          4     0.9780    0.7441    0.8452      4010
          5     0.9960    0.9775    0.9867      1021
          6     0.9941    0.7722    0.8692       439
          7     1.0000    0.9469    0.9727       734

avg / total     0.9134    0.9153    0.9045     54924


             precision    recall  f1-score   support

          0     0.9294    0.9913    0.9594     42979
          1     0.7088    0.4645    0.5612      1509
          2     0.6583    0.5324    0.5887      2609
          3     0.9414    0.4356    0.5956      1623
          4     0.9739    0.7713    0.8608      4010
          5     0.9921    0.9843    0.9882      1021
          6     0.9941    0.7722    0.8692       439
          7     1.0000    0.9550    0.9770       734

avg / total     0.9167    0.9202    0.9129     54924


             precision    recall  f1-score   support

          0     0.9334    0.9943    0.9629     42979
          1     0.7554    0.5567    0.6410      1509
          2     0.7594    0.5700    0.6512      2609
          3     0.9424    0.4738    0.6306      1623
          4     0.9887    0.7835    0.8742      4010
          5     0.9931    0.9892    0.9912      1021
          6     0.9886    0.7904    0.8785       439
          7     0.9972    0.9687    0.9827       734

avg / total     0.9270    0.9292    0.9231     54924


             precision    recall  f1-score   support

          0     0.9328    0.9932    0.9620     42979
          1     0.7848    0.5076    0.6165      1509
          2     0.7648    0.6121    0.6800      2609
          3     0.9477    0.4239    0.5858      1623
          4     0.9623    0.7883    0.8666      4010
          5     0.9941    0.9892    0.9917      1021
          6     0.9860    0.8041    0.8858       439
          7     0.9972    0.9687    0.9827       734

avg / total     0.9258    0.9280    0.9213     54924


             precision    recall  f1-score   support

          0     0.9387    0.9929    0.9651     42979
          1     0.8219    0.4586    0.5887      1509
          2     0.7567    0.6412    0.6942      2609
          3     0.8881    0.5379    0.6700      1623
          4     0.9729    0.8072    0.8824      4010
          5     0.9912    0.9892    0.9902      1021
          6     0.9837    0.8246    0.8971       439
          7     1.0000    0.9700    0.9848       734

avg / total     0.9300    0.9328    0.9273     54924


             precision    recall  f1-score   support

          0     0.9438    0.9904    0.9665     42979
          1     0.7985    0.5567    0.6560      1509
          2     0.7587    0.7037    0.7302      2609
          3     0.9715    0.5034    0.6631      1623
          4     0.9611    0.8185    0.8840      4010
          5     0.9951    0.9873    0.9912      1021
          6     0.9680    0.8269    0.8919       439
          7     0.9972    0.9605    0.9785       734

avg / total     0.9349    0.9361    0.9318     54924


             precision    recall  f1-score   support

          0     0.9445    0.9926    0.9680     42979
          1     0.8437    0.5686    0.6793      1509
          2     0.7889    0.6719    0.7257      2609
          3     0.8999    0.5872    0.7107      1623
          4     0.9734    0.8204    0.8904      4010
          5     0.9941    0.9833    0.9887      1021
          6     0.9944    0.8109    0.8934       439
          7     0.9958    0.9659    0.9806       734

avg / total     0.9372    0.9392    0.9352     54924


             precision    recall  f1-score   support

          0     0.9527    0.9859    0.9690     42979
          1     0.8291    0.5852    0.6861      1509
          2     0.7709    0.7210    0.7451      2609
          3     0.8335    0.6445    0.7269      1623
          4     0.9515    0.8514    0.8987      4010
          5     0.9912    0.9892    0.9902      1021
          6     0.9840    0.8428    0.9080       439
          7     1.0000    0.9591    0.9791       734

avg / total     0.9387    0.9410    0.9384     54924


             precision    recall  f1-score   support

          0     0.9521    0.9895    0.9705     42979
          1     0.7939    0.6408    0.7092      1509
          2     0.8106    0.6957    0.7488      2609
          3     0.8961    0.6322    0.7413      1623
          4     0.9543    0.8549    0.9019      4010
          5     0.9921    0.9863    0.9892      1021
          6     0.9914    0.7904    0.8796       439
          7     0.9986    0.9510    0.9742       734

avg / total     0.9412    0.9434    0.9406     54924


             precision    recall  f1-score   support

          0     0.9536    0.9888    0.9709     42979
          1     0.7784    0.6846    0.7285      1509
          2     0.8044    0.7298    0.7653      2609
          3     0.8970    0.6439    0.7496      1623
          4     0.9740    0.8309    0.8968      4010
          5     0.9921    0.9892    0.9907      1021
          6     0.9944    0.8018    0.8878       439
          7     1.0000    0.9632    0.9813       734

avg / total     0.9432    0.9446    0.9424     54924


             precision    recall  f1-score   support

          0     0.9430    0.9947    0.9682     42979
          1     0.8320    0.6004    0.6975      1509
          2     0.8181    0.6811    0.7434      2609
          3     0.9631    0.5465    0.6973      1623
          4     0.9779    0.8157    0.8895      4010
          5     0.9960    0.9863    0.9911      1021
          6     0.9942    0.7768    0.8721       439
          7     1.0000    0.9632    0.9813       734

avg / total     0.9393    0.9404    0.9362     54924


             precision    recall  f1-score   support

          0     0.9484    0.9917    0.9696     42979
          1     0.8475    0.6408    0.7298      1509
          2     0.8365    0.6865    0.7541      2609
          3     0.9261    0.5946    0.7242      1623
          4     0.9580    0.8526    0.9022      4010
          5     0.9931    0.9833    0.9882      1021
          6     0.9808    0.8132    0.8892       439
          7     0.9944    0.9659    0.9800       734

avg / total     0.9420    0.9438    0.9404     54924


             precision    recall  f1-score   support

          0     0.9525    0.9915    0.9716     42979
          1     0.8438    0.6302    0.7215      1509
          2     0.8283    0.7413    0.7824      2609
          3     0.9362    0.6149    0.7423      1623
          4     0.9607    0.8536    0.9040      4010
          5     0.9941    0.9882    0.9912      1021
          6     0.9836    0.8200    0.8944       439
          7     0.9972    0.9700    0.9834       734

avg / total     0.9453    0.9467    0.9439     54924


             precision    recall  f1-score   support

          0     0.9569    0.9887    0.9725     42979
          1     0.7886    0.7170    0.7511      1509
          2     0.8274    0.7459    0.7845      2609
          3     0.8955    0.6654    0.7635      1623
          4     0.9708    0.8454    0.9038      4010
          5     0.9941    0.9843    0.9892      1021
          6     0.9810    0.8223    0.8947       439
          7     0.9986    0.9728    0.9855       734

avg / total     0.9467    0.9480    0.9462     54924


             precision    recall  f1-score   support

          0     0.9558    0.9894    0.9723     42979
          1     0.8233    0.6826    0.7464      1509
          2     0.8191    0.7409    0.7780      2609
          3     0.8777    0.6901    0.7727      1623
          4     0.9750    0.8469    0.9064      4010
          5     0.9950    0.9687    0.9816      1021
          6     0.9834    0.8087    0.8875       439
          7     1.0000    0.9646    0.9820       734

avg / total     0.9463    0.9478    0.9458     54924


             precision    recall  f1-score   support

          0     0.9574    0.9878    0.9724     42979
          1     0.8155    0.7203    0.7650      1509
          2     0.8358    0.7432    0.7868      2609
          3     0.9367    0.6205    0.7465      1623
          4     0.9356    0.8768    0.9053      4010
          5     0.9941    0.9892    0.9917      1021
          6     0.9757    0.8246    0.8938       439
          7     1.0000    0.9673    0.9834       734

avg / total     0.9469    0.9483    0.9461     54924


             precision    recall  f1-score   support

          0     0.9549    0.9910    0.9726     42979
          1     0.8507    0.6382    0.7293      1509
          2     0.8424    0.7271    0.7805      2609
          3     0.9190    0.6574    0.7665      1623
          4     0.9521    0.8683    0.9083      4010
          5     0.9902    0.9892    0.9897      1021
          6     0.9691    0.8565    0.9093       439
          7     1.0000    0.9646    0.9820       734

avg / total     0.9468    0.9485    0.9460     54924


             precision    recall  f1-score   support

          0     0.9567    0.9902    0.9732     42979
          1     0.8516    0.6693    0.7495      1509
          2     0.8151    0.7470    0.7796      2609
          3     0.9457    0.6759    0.7884      1623
          4     0.9629    0.8666    0.9122      4010
          5     0.9950    0.9833    0.9892      1021
          6     0.9733    0.8292    0.8954       439
          7     1.0000    0.9673    0.9834       734

avg / total     0.9486    0.9498    0.9477     54924


             precision    recall  f1-score   support

          0     0.9600    0.9895    0.9746     42979
          1     0.8558    0.6766    0.7557      1509
          2     0.8297    0.8049    0.8171      2609
          3     0.9523    0.6513    0.7735      1623
          4     0.9501    0.8776    0.9124      4010
          5     0.9941    0.9892    0.9917      1021
          6     0.9918    0.8223    0.8991       439
          7     1.0000    0.9646    0.9820       734

avg / total     0.9514    0.9523    0.9504     54924


             precision    recall  f1-score   support

          0     0.9539    0.9927    0.9729     42979
          1     0.8653    0.6766    0.7594      1509
          2     0.8543    0.7325    0.7887      2609
          3     0.9342    0.6556    0.7705      1623
          4     0.9693    0.8596    0.9112      4010
          5     0.9960    0.9853    0.9906      1021
          6     0.9838    0.8314    0.9012       439
          7     0.9986    0.9605    0.9792       734

avg / total     0.9489    0.9501    0.9477     54924


             precision    recall  f1-score   support

          0     0.9631    0.9878    0.9753     42979
          1     0.8921    0.6740    0.7678      1509
          2     0.8051    0.8137    0.8094      2609
          3     0.8662    0.7461    0.8017      1623
          4     0.9752    0.8613    0.9147      4010
          5     0.9902    0.9902    0.9902      1021
          6     0.9719    0.8656    0.9157       439
          7     0.9958    0.9687    0.9820       734

avg / total     0.9527    0.9534    0.9521     54924


             precision    recall  f1-score   support

          0     0.9619    0.9883    0.9749     42979
          1     0.8748    0.6852    0.7685      1509
          2     0.8274    0.8068    0.8170      2609
          3     0.9160    0.6919    0.7883      1623
          4     0.9443    0.8753    0.9085      4010
          5     0.9960    0.9873    0.9916      1021
          6     0.9737    0.8428    0.9035       439
          7     1.0000    0.9591    0.9791       734

avg / total     0.9517    0.9528    0.9512     54924


             precision    recall  f1-score   support

          0     0.9594    0.9913    0.9751     42979
          1     0.8230    0.7210    0.7686      1509
          2     0.8454    0.7735    0.8078      2609
          3     0.9483    0.6211    0.7506      1623
          4     0.9654    0.8758    0.9184      4010
          5     0.9970    0.9892    0.9931      1021
          6     0.9762    0.8405    0.9033       439
          7     1.0000    0.9700    0.9848       734

avg / total     0.9517    0.9526    0.9506     54924


             precision    recall  f1-score   support

          0     0.9625    0.9893    0.9757     42979
          1     0.8242    0.7362    0.7777      1509
          2     0.8281    0.7700    0.7980      2609
          3     0.9556    0.6759    0.7918      1623
          4     0.9526    0.8865    0.9184      4010
          5     0.9960    0.9863    0.9911      1021
          6     0.9811    0.8292    0.8988       439
          7     0.9958    0.9659    0.9806       734

avg / total     0.9526    0.9535    0.9519     54924


             precision    recall  f1-score   support

          0     0.9614    0.9906    0.9758     42979
          1     0.8600    0.6799    0.7594      1509
          2     0.8319    0.7892    0.8100      2609
          3     0.9163    0.7221    0.8077      1623
          4     0.9654    0.8641    0.9120      4010
          5     0.9970    0.9892    0.9931      1021
          6     0.9866    0.8405    0.9077       439
          7     0.9986    0.9741    0.9862       734

avg / total     0.9528    0.9539    0.9522     54924


             precision    recall  f1-score   support

          0     0.9600    0.9920    0.9757     42979
          1     0.8568    0.7177    0.7811      1509
          2     0.8668    0.7509    0.8047      2609
          3     0.9119    0.6888    0.7848      1623
          4     0.9679    0.8800    0.9219      4010
          5     0.9892    0.9892    0.9892      1021
          6     0.9792    0.8565    0.9137       439
          7     1.0000    0.9673    0.9834       734

avg / total     0.9531    0.9544    0.9525     54924


             precision    recall  f1-score   support

          0     0.9597    0.9908    0.9750     42979
          1     0.7942    0.7442    0.7684      1509
          2     0.8564    0.7386    0.7932      2609
          3     0.9123    0.7240    0.8073      1623
          4     0.9791    0.8511    0.9106      4010
          5     0.9961    0.9892    0.9926      1021
          6     0.9585    0.8428    0.8970       439
          7     0.9972    0.9714    0.9841       734

avg / total     0.9514    0.9525    0.9508     54924


             precision    recall  f1-score   support

          0     0.9625    0.9882    0.9752     42979
          1     0.8186    0.7508    0.7833      1509
          2     0.8345    0.7788    0.8057      2609
          3     0.9174    0.7252    0.8100      1623
          4     0.9632    0.8673    0.9127      4010
          5     0.9960    0.9833    0.9897      1021
          6     0.9864    0.8246    0.8983       439
          7     1.0000    0.9659    0.9827       734

avg / total     0.9525    0.9535    0.9522     54924


             precision    recall  f1-score   support

          0     0.9643    0.9848    0.9744     42979
          1     0.8651    0.7184    0.7849      1509
          2     0.7359    0.8321    0.7811      2609
          3     0.9356    0.6808    0.7882      1623
          4     0.9715    0.8584    0.9114      4010
          5     0.9960    0.9843    0.9901      1021
          6     0.9605    0.8314    0.8913       439
          7     0.9930    0.9673    0.9800       734

avg / total     0.9513    0.9505    0.9496     54924


             precision    recall  f1-score   support

          0     0.9592    0.9913    0.9750     42979
          1     0.8578    0.6998    0.7708      1509
          2     0.8421    0.7627    0.8005      2609
          3     0.9119    0.7394    0.8166      1623
          4     0.9740    0.8514    0.9086      4010
          5     0.9941    0.9892    0.9917      1021
          6     0.9945    0.8292    0.9043       439
          7     0.9972    0.9659    0.9813       734

avg / total     0.9520    0.9531    0.9514     54924


             precision    recall  f1-score   support

          0     0.9659    0.9919    0.9787     42979
          1     0.8744    0.7382    0.8006      1509
          2     0.8698    0.8141    0.8410      2609
          3     0.9456    0.7394    0.8299      1623
          4     0.9621    0.8870    0.9231      4010
          5     0.9941    0.9882    0.9912      1021
          6     0.9737    0.8428    0.9035       439
          7     0.9958    0.9687    0.9820       734

avg / total     0.9590    0.9598    0.9585     54924


             precision    recall  f1-score   support

          0     0.9677    0.9919    0.9797     42979
          1     0.8767    0.7495    0.8081      1509
          2     0.8718    0.8260    0.8483      2609
          3     0.9393    0.7634    0.8423      1623
          4     0.9653    0.8880    0.9251      4010
          5     0.9951    0.9882    0.9916      1021
          6     0.9812    0.8314    0.9001       439
          7     0.9986    0.9687    0.9834       734

avg / total     0.9607    0.9614    0.9603     54924


             precision    recall  f1-score   support

          0     0.9696    0.9916    0.9804     42979
          1     0.8644    0.7647    0.8115      1509
          2     0.8874    0.8306    0.8580      2609
          3     0.9262    0.7733    0.8428      1623
          4     0.9630    0.8960    0.9283      4010
          5     0.9941    0.9882    0.9912      1021
          6     0.9684    0.8383    0.8987       439
          7     0.9986    0.9673    0.9827       734

avg / total     0.9618    0.9627    0.9617     54924


             precision    recall  f1-score   support

          0     0.9689    0.9925    0.9805     42979
          1     0.8655    0.7674    0.8135      1509
          2     0.8872    0.8199    0.8522      2609
          3     0.9236    0.7819    0.8468      1623
          4     0.9726    0.8930    0.9311      4010
          5     0.9941    0.9882    0.9912      1021
          6     0.9812    0.8314    0.9001       439
          7     1.0000    0.9619    0.9806       734

avg / total     0.9621    0.9628    0.9618     54924


             precision    recall  f1-score   support

          0     0.9709    0.9915    0.9811     42979
          1     0.8718    0.7707    0.8181      1509
          2     0.8825    0.8432    0.8624      2609
          3     0.9314    0.7862    0.8527      1623
          4     0.9673    0.9005    0.9327      4010
          5     0.9951    0.9882    0.9916      1021
          6     0.9738    0.8474    0.9062       439
          7     1.0000    0.9659    0.9827       734

avg / total     0.9634    0.9641    0.9633     54924


             precision    recall  f1-score   support

          0     0.9717    0.9907    0.9811     42979
          1     0.8549    0.7734    0.8121      1509
          2     0.8731    0.8436    0.8581      2609
          3     0.9294    0.7788    0.8475      1623
          4     0.9651    0.9037    0.9334      4010
          5     0.9951    0.9892    0.9921      1021
          6     0.9737    0.8428    0.9035       439
          7     1.0000    0.9673    0.9834       734

avg / total     0.9629    0.9636    0.9628     54924


             precision    recall  f1-score   support

          0     0.9698    0.9931    0.9813     42979
          1     0.8856    0.7641    0.8203      1509
          2     0.8898    0.8356    0.8618      2609
          3     0.9525    0.7776    0.8562      1623
          4     0.9700    0.9022    0.9349      4010
          5     0.9941    0.9892    0.9917      1021
          6     0.9763    0.8451    0.9060       439
          7     1.0000    0.9646    0.9820       734

avg / total     0.9641    0.9647    0.9637     54924


             precision    recall  f1-score   support

          0     0.9705    0.9930    0.9816     42979
          1     0.8700    0.7853    0.8255      1509
          2     0.8991    0.8298    0.8631      2609
          3     0.9298    0.7911    0.8549      1623
          4     0.9740    0.8980    0.9345      4010
          5     0.9951    0.9892    0.9921      1021
          6     0.9761    0.8360    0.9006       439
          7     1.0000    0.9659    0.9827       734

avg / total     0.9643    0.9650    0.9641     54924


             precision    recall  f1-score   support

          0     0.9724    0.9919    0.9820     42979
          1     0.8653    0.7873    0.8244      1509
          2     0.8819    0.8559    0.8687      2609
          3     0.9314    0.7782    0.8479      1623
          4     0.9747    0.9045    0.9383      4010
          5     0.9941    0.9892    0.9917      1021
          6     0.9789    0.8474    0.9084       439
          7     1.0000    0.9632    0.9813       734

avg / total     0.9649    0.9655    0.9647     54924


             precision    recall  f1-score   support

          0     0.9716    0.9919    0.9816     42979
          1     0.8687    0.7846    0.8245      1509
          2     0.8845    0.8367    0.8600      2609
          3     0.9407    0.7813    0.8536      1623
          4     0.9683    0.9072    0.9368      4010
          5     0.9941    0.9892    0.9917      1021
          6     0.9716    0.8565    0.9104       439
          7     1.0000    0.9659    0.9827       734

avg / total     0.9643    0.9649    0.9641     54924


             precision    recall  f1-score   support

          0     0.9722    0.9923    0.9822     42979
          1     0.8710    0.7873    0.8270      1509
          2     0.8922    0.8440    0.8674      2609
          3     0.9276    0.7973    0.8575      1623
          4     0.9747    0.9027    0.9373      4010
          5     0.9951    0.9892    0.9921      1021
          6     0.9592    0.8565    0.9049       439
          7     1.0000    0.9659    0.9827       734

avg / total     0.9652    0.9658    0.9651     54924


             precision    recall  f1-score   support

          0     0.9728    0.9919    0.9822     42979
          1     0.8713    0.7893    0.8282      1509
          2     0.8952    0.8482    0.8711      2609
          3     0.9267    0.7948    0.8557      1623
          4     0.9707    0.9102    0.9395      4010
          5     0.9961    0.9892    0.9926      1021
          6     0.9714    0.8497    0.9064       439
          7     1.0000    0.9700    0.9848       734

avg / total     0.9656    0.9662    0.9655     54924


             precision    recall  f1-score   support

          0     0.9716    0.9926    0.9820     42979
          1     0.8852    0.7767    0.8274      1509
          2     0.8828    0.8521    0.8672      2609
          3     0.9441    0.7807    0.8546      1623
          4     0.9734    0.9047    0.9378      4010
          5     0.9961    0.9892    0.9926      1021
          6     0.9764    0.8497    0.9086       439
          7     1.0000    0.9687    0.9841       734

avg / total     0.9652    0.9658    0.9649     54924


             precision    recall  f1-score   support

          0     0.9718    0.9923    0.9820     42979
          1     0.8837    0.7806    0.8290      1509
          2     0.8858    0.8413    0.8630      2609
          3     0.9344    0.7807    0.8506      1623
          4     0.9697    0.9090    0.9383      4010
          5     0.9961    0.9892    0.9926      1021
          6     0.9667    0.8588    0.9095       439
          7     1.0000    0.9673    0.9834       734

avg / total     0.9648    0.9655    0.9647     54924


             precision    recall  f1-score   support

          0     0.9720    0.9923    0.9821     42979
          1     0.8721    0.7860    0.8268      1509
          2     0.8909    0.8486    0.8693      2609
          3     0.9540    0.7665    0.8500      1623
          4     0.9644    0.9110    0.9369      4010
          5     0.9970    0.9892    0.9931      1021
          6     0.9688    0.8497    0.9053       439
          7     1.0000    0.9700    0.9848       734

avg / total     0.9651    0.9657    0.9649     54924


             precision    recall  f1-score   support

          0     0.9723    0.9933    0.9827     42979
          1     0.8720    0.7899    0.8289      1509
          2     0.8974    0.8417    0.8687      2609
          3     0.9460    0.7887    0.8602      1623
          4     0.9735    0.9072    0.9392      4010
          5     0.9961    0.9892    0.9926      1021
          6     0.9640    0.8542    0.9058       439
          7     1.0000    0.9673    0.9834       734

avg / total     0.9660    0.9666    0.9658     54924


             precision    recall  f1-score   support

          0     0.9732    0.9928    0.9829     42979
          1     0.8784    0.7899    0.8318      1509
          2     0.8952    0.8478    0.8709      2609
          3     0.9398    0.7985    0.8634      1623
          4     0.9723    0.9107    0.9405      4010
          5     0.9961    0.9892    0.9926      1021
          6     0.9617    0.8588    0.9073       439
          7     1.0000    0.9687    0.9841       734

avg / total     0.9665    0.9672    0.9664     54924


             precision    recall  f1-score   support

          0     0.9727    0.9929    0.9827     42979
          1     0.8828    0.7840    0.8305      1509
          2     0.8899    0.8517    0.8703      2609
          3     0.9407    0.7917    0.8598      1623
          4     0.9740    0.9077    0.9397      4010
          5     0.9961    0.9892    0.9926      1021
          6     0.9592    0.8565    0.9049       439
          7     1.0000    0.9659    0.9827       734

avg / total     0.9662    0.9667    0.9660     54924


             precision    recall  f1-score   support

          0     0.9734    0.9925    0.9829     42979
          1     0.8735    0.7919    0.8307      1509
          2     0.8916    0.8482    0.8694      2609
          3     0.9387    0.8016    0.8647      1623
          4     0.9736    0.9110    0.9413      4010
          5     0.9961    0.9892    0.9926      1021
          6     0.9640    0.8542    0.9058       439
          7     1.0000    0.9673    0.9834       734

avg / total     0.9665    0.9671    0.9664     54924

loss:0.438680297727,0.295182596753,0.269849630343,0.246789452576,0.230168733644,0.216235341332,0.202910191353,0.191926621383,0.187077744174,0.182602952142,0.172270488715,0.168732101554,0.163877783965,0.160353627897,0.156053320036,0.1573214944,0.150768324577,0.148401332001,0.142442821988,0.14092728758,0.142801989643,0.140890305261,0.13651283254,0.135792440796,0.136362757113,0.130733844954,0.130807083072,0.12966214962,0.130135715145,0.130241967251,0.136158633663,0.111031101453,0.0968971839358,0.0913387831929,0.0867448641959,0.0850870467011,0.0832080607961,0.0807368398301,0.0777295294873,0.0779993892562,0.0780551104825,0.0749064236154,0.0751972331318,0.0736448081147,0.073866706571,0.0711324456905,0.0674583552201,0.0662542265955,0.0649079232981,0.06431032706
val_acc:0.912679346228,0.915319360863,0.920217034957,0.929247695571,0.928046035203,0.932816259625,0.936129926346,0.939188695615,0.940954770839,0.943412710526,0.944596162519,0.940372147839,0.943758642315,0.946744583994,0.948037278104,0.947782380753,0.948292175621,0.948528865947,0.94982155991,0.952297706574,0.950112871493,0.953353710375,0.952752881665,0.952643639908,0.953499366694,0.953881712845,0.954409713947,0.952461570165,0.953462953088,0.950513425411,0.953117019819,0.959780769714,0.961401197067,0.96265747721,0.962839549588,0.964132247454,0.963586032938,0.964714873897,0.964969768466,0.96549777538,0.964933356622,0.965843711202,0.9662078484,0.965770881536,0.965515983212,0.965716258665,0.966644815512,0.967154613162,0.966735852137,0.967063577492
lr:0.0203003,0.0203003,0.0203003,0.0203003,0.0203003,0.0203003,0.0203003,0.0203003,0.0203003,0.0203003,0.0203003,0.0203003,0.0203003,0.0203003,0.0203003,0.0203003,0.0203003,0.0203003,0.0203003,0.0203003,0.0203003,0.0203003,0.0203003,0.0203003,0.0203003,0.0203003,0.0203003,0.0203003,0.0203003,0.0203003,0.0203003,0.00406006,0.00406006,0.00406006,0.00406006,0.00406006,0.00406006,0.00406006,0.00406006,0.00406006,0.00406006,0.00406006,0.00406006,0.00406006,0.00406006,0.00406006,0.001,0.001,0.001,0.001
acc:0.873361408895,0.911819687233,0.917506198183,0.92275575105,0.927161731864,0.930790895694,0.934875226723,0.938443704503,0.939930570414,0.941016892009,0.944597507493,0.945010188523,0.94675194531,0.947704753089,0.949319065578,0.948572598401,0.949816709497,0.951843703361,0.952784372127,0.953172779771,0.953621873915,0.953427670381,0.954605025157,0.954762816284,0.955369700797,0.957020424446,0.95669270651,0.956814085204,0.957081114128,0.956662363243,0.954950949336,0.963586920262,0.968272078458,0.970110942428,0.971306506957,0.972052974806,0.97250207338,0.97278731037,0.974334868889,0.974043560771,0.974377348217,0.975245195705,0.974953889763,0.975445468009,0.975566845042,0.976307245686,0.977375362011,0.977915491014,0.978388858879,0.978267482706
val_loss:0.292664789649,0.273894358672,0.251337896484,0.223667353306,0.225397175608,0.201999067762,0.202283842296,0.189776711667,0.18519209736,0.18266981,0.175127910955,0.189765369318,0.178119946182,0.17142891557,0.167628700534,0.163883853081,0.162790725555,0.162502700254,0.161489165516,0.159295092406,0.160573737215,0.153021772859,0.156626833058,0.159672043916,0.153590063913,0.151235000977,0.149577178734,0.157699214085,0.155038326181,0.164473608397,0.152559853257,0.133217474427,0.128988974888,0.127761348552,0.127053728599,0.125460613049,0.125349878692,0.124080191785,0.123618374491,0.124928926355,0.126156619759,0.122455879839,0.122363599095,0.126689156202,0.125520899062,0.125844574214,0.124063989891,0.122857041348,0.124253226115,0.123158454843
