
             precision    recall  f1-score   support

          0     0.9138    0.9942    0.9523     42979
          1     0.6163    0.5951    0.6055      1509
          2     0.7310    0.3530    0.4761      2609
          3     0.9235    0.3494    0.5069      1623
          4     0.9814    0.6838    0.8060      4010
          5     0.9739    0.9873    0.9805      1021
          6     0.9968    0.7130    0.8313       439
          7     0.9928    0.9332    0.9621       734

avg / total     0.9050    0.9079    0.8960     54924


             precision    recall  f1-score   support

          0     0.9244    0.9927    0.9573     42979
          1     0.6386    0.5772    0.6063      1509
          2     0.7099    0.4051    0.5159      2609
          3     0.9012    0.4442    0.5951      1623
          4     0.9776    0.7406    0.8428      4010
          5     0.9912    0.9892    0.9902      1021
          6     0.9800    0.7813    0.8695       439
          7     0.9902    0.9591    0.9744       734

avg / total     0.9121    0.9166    0.9078     54924


             precision    recall  f1-score   support

          0     0.9248    0.9924    0.9574     42979
          1     0.7164    0.4871    0.5799      1509
          2     0.7163    0.4760    0.5720      2609
          3     0.8175    0.4251    0.5594      1623
          4     0.9762    0.7658    0.8583      4010
          5     0.9941    0.9824    0.9882      1021
          6     0.9941    0.7699    0.8678       439
          7     1.0000    0.9578    0.9784       734

avg / total     0.9126    0.9183    0.9099     54924


             precision    recall  f1-score   support

          0     0.9310    0.9923    0.9607     42979
          1     0.6310    0.5938    0.6118      1509
          2     0.7587    0.4688    0.5795      2609
          3     0.9044    0.4664    0.6154      1623
          4     0.9744    0.7698    0.8601      4010
          5     0.9970    0.9716    0.9841      1021
          6     0.9943    0.7973    0.8850       439
          7     0.9766    0.9673    0.9719       734

avg / total     0.9193    0.9225    0.9154     54924


             precision    recall  f1-score   support

          0     0.9336    0.9905    0.9612     42979
          1     0.7004    0.5361    0.6074      1509
          2     0.7320    0.5485    0.6271      2609
          3     0.9270    0.4461    0.6023      1623
          4     0.9468    0.7990    0.8666      4010
          5     0.9941    0.9833    0.9887      1021
          6     0.9941    0.7631    0.8634       439
          7     1.0000    0.9578    0.9784       734

avg / total     0.9209    0.9246    0.9180     54924


             precision    recall  f1-score   support

          0     0.9324    0.9931    0.9618     42979
          1     0.7191    0.5818    0.6432      1509
          2     0.7638    0.5243    0.6218      2609
          3     0.9297    0.4892    0.6411      1623
          4     0.9791    0.7823    0.8697      4010
          5     0.9931    0.9892    0.9912      1021
          6     0.9943    0.7995    0.8864       439
          7     1.0000    0.9646    0.9820       734

avg / total     0.9244    0.9273    0.9209     54924


             precision    recall  f1-score   support

          0     0.9340    0.9924    0.9623     42979
          1     0.7468    0.5355    0.6237      1509
          2     0.7408    0.5554    0.6348      2609
          3     0.9357    0.5114    0.6614      1623
          4     0.9702    0.7865    0.8688      4010
          5     0.9941    0.9863    0.9902      1021
          6     0.9943    0.7995    0.8864       439
          7     0.9930    0.9673    0.9800       734

avg / total     0.9247    0.9278    0.9219     54924


             precision    recall  f1-score   support

          0     0.9354    0.9918    0.9628     42979
          1     0.7937    0.5050    0.6173      1509
          2     0.7323    0.6113    0.6664      2609
          3     0.9478    0.4479    0.6084      1623
          4     0.9611    0.8000    0.8732      4010
          5     0.9921    0.9902    0.9912      1021
          6     0.9921    0.8565    0.9193       439
          7     1.0000    0.9714    0.9855       734

avg / total     0.9265    0.9289    0.9227     54924


             precision    recall  f1-score   support

          0     0.9371    0.9937    0.9646     42979
          1     0.7420    0.6156    0.6729      1509
          2     0.7833    0.5596    0.6528      2609
          3     0.9209    0.5311    0.6737      1623
          4     0.9844    0.7885    0.8757      4010
          5     0.9931    0.9902    0.9917      1021
          6     0.9887    0.7950    0.8813       439
          7     1.0000    0.9687    0.9841       734

avg / total     0.9297    0.9321    0.9268     54924


             precision    recall  f1-score   support

          0     0.9317    0.9950    0.9623     42979
          1     0.7552    0.5746    0.6526      1509
          2     0.7684    0.5278    0.6258      2609
          3     0.9535    0.4677    0.6275      1623
          4     0.9892    0.7800    0.8723      4010
          5     0.9951    0.9892    0.9921      1021
          6     0.9372    0.8497    0.8913       439
          7     0.9972    0.9714    0.9841       734

avg / total     0.9260    0.9284    0.9216     54924


             precision    recall  f1-score   support

          0     0.9382    0.9927    0.9647     42979
          1     0.7799    0.5401    0.6382      1509
          2     0.7446    0.6090    0.6700      2609
          3     0.9414    0.5151    0.6659      1623
          4     0.9769    0.7998    0.8795      4010
          5     0.9921    0.9892    0.9907      1021
          6     0.9840    0.8383    0.9053       439
          7     1.0000    0.9646    0.9820       734

avg / total     0.9298    0.9321    0.9269     54924


             precision    recall  f1-score   support

          0     0.9444    0.9875    0.9654     42979
          1     0.7359    0.5891    0.6544      1509
          2     0.7645    0.5860    0.6635      2609
          3     0.9042    0.5638    0.6945      1623
          4     0.9297    0.8481    0.8871      4010
          5     0.9921    0.9902    0.9912      1021
          6     0.9840    0.8383    0.9053       439
          7     1.0000    0.9714    0.9855       734

avg / total     0.9298    0.9334    0.9291     54924


             precision    recall  f1-score   support

          0     0.9444    0.9888    0.9660     42979
          1     0.7546    0.5991    0.6679      1509
          2     0.7648    0.6382    0.6958      2609
          3     0.9300    0.5404    0.6836      1623
          4     0.9563    0.8354    0.8918      4010
          5     0.9960    0.9863    0.9911      1021
          6     0.9813    0.8383    0.9042       439
          7     0.9944    0.9714    0.9828       734

avg / total     0.9330    0.9355    0.9314     54924


             precision    recall  f1-score   support

          0     0.9394    0.9929    0.9654     42979
          1     0.7827    0.5871    0.6710      1509
          2     0.7988    0.6071    0.6899      2609
          3     0.9484    0.5323    0.6819      1623
          4     0.9733    0.8197    0.8899      4010
          5     0.9950    0.9833    0.9892      1021
          6     0.9946    0.8314    0.9057       439
          7     0.9916    0.9673    0.9793       734

avg / total     0.9333    0.9354    0.9305     54924


             precision    recall  f1-score   support

          0     0.9384    0.9923    0.9646     42979
          1     0.7708    0.6083    0.6800      1509
          2     0.7907    0.5531    0.6509      2609
          3     0.9235    0.5502    0.6896      1623
          4     0.9603    0.8135    0.8808      4010
          5     0.9941    0.9892    0.9917      1021
          6     0.9865    0.8337    0.9037       439
          7     1.0000    0.9673    0.9834       734

avg / total     0.9302    0.9331    0.9279     54924


             precision    recall  f1-score   support

          0     0.9414    0.9877    0.9640     42979
          1     0.8499    0.4917    0.6230      1509
          2     0.7327    0.6535    0.6908      2609
          3     0.8218    0.5625    0.6679      1623
          4     0.9659    0.8259    0.8904      4010
          5     0.9873    0.9892    0.9883      1021
          6     0.9863    0.8178    0.8941       439
          7     1.0000    0.9578    0.9784       734

avg / total     0.9292    0.9321    0.9276     54924


             precision    recall  f1-score   support

          0     0.9383    0.9930    0.9649     42979
          1     0.8682    0.4977    0.6327      1509
          2     0.7428    0.6485    0.6924      2609
          3     0.9648    0.4892    0.6492      1623
          4     0.9609    0.8100    0.8790      4010
          5     0.9863    0.9892    0.9878      1021
          6     0.9892    0.8337    0.9048       439
          7     1.0000    0.9564    0.9777       734

avg / total     0.9316    0.9329    0.9273     54924


             precision    recall  f1-score   support

          0     0.9493    0.9921    0.9702     42979
          1     0.7934    0.6388    0.7078      1509
          2     0.8117    0.6673    0.7324      2609
          3     0.9370    0.6137    0.7416      1623
          4     0.9707    0.8431    0.9024      4010
          5     0.9921    0.9882    0.9902      1021
          6     0.9894    0.8474    0.9129       439
          7     0.9986    0.9659    0.9820       734

avg / total     0.9415    0.9433    0.9401     54924


             precision    recall  f1-score   support

          0     0.9535    0.9918    0.9723     42979
          1     0.8087    0.6388    0.7138      1509
          2     0.8138    0.6953    0.7499      2609
          3     0.9281    0.6439    0.7603      1623
          4     0.9691    0.8601    0.9113      4010
          5     0.9912    0.9892    0.9902      1021
          6     0.9817    0.8542    0.9135       439
          7     1.0000    0.9659    0.9827       734

avg / total     0.9448    0.9466    0.9439     54924


             precision    recall  f1-score   support

          0     0.9542    0.9922    0.9728     42979
          1     0.7322    0.6759    0.7030      1509
          2     0.8434    0.6604    0.7408      2609
          3     0.9372    0.6433    0.7629      1623
          4     0.9703    0.8646    0.9144      4010
          5     0.9892    0.9902    0.9897      1021
          6     0.9843    0.8565    0.9160       439
          7     1.0000    0.9659    0.9827       734

avg / total     0.9450    0.9466    0.9439     54924


             precision    recall  f1-score   support

          0     0.9552    0.9922    0.9734     42979
          1     0.8028    0.6501    0.7184      1509
          2     0.8340    0.7106    0.7674      2609
          3     0.9308    0.6630    0.7744      1623
          4     0.9703    0.8633    0.9137      4010
          5     0.9941    0.9892    0.9917      1021
          6     0.9765    0.8519    0.9100       439
          7     1.0000    0.9700    0.9848       734

avg / total     0.9471    0.9488    0.9463     54924


             precision    recall  f1-score   support

          0     0.9555    0.9925    0.9737     42979
          1     0.8541    0.6209    0.7191      1509
          2     0.8256    0.7401    0.7805      2609
          3     0.9202    0.6679    0.7740      1623
          4     0.9725    0.8631    0.9145      4010
          5     0.9941    0.9892    0.9917      1021
          6     0.9842    0.8497    0.9120       439
          7     1.0000    0.9714    0.9855       734

avg / total     0.9483    0.9498    0.9473     54924


             precision    recall  f1-score   support

          0     0.9556    0.9921    0.9735     42979
          1     0.8298    0.6561    0.7328      1509
          2     0.8248    0.7271    0.7729      2609
          3     0.9330    0.6611    0.7739      1623
          4     0.9718    0.8608    0.9130      4010
          5     0.9921    0.9892    0.9907      1021
          6     0.9868    0.8497    0.9131       439
          7     1.0000    0.9687    0.9841       734

avg / total     0.9479    0.9494    0.9470     54924


             precision    recall  f1-score   support

          0     0.9591    0.9908    0.9747     42979
          1     0.8174    0.6587    0.7295      1509
          2     0.8247    0.7647    0.7936      2609
          3     0.9200    0.6728    0.7772      1623
          4     0.9686    0.8688    0.9160      4010
          5     0.9951    0.9892    0.9921      1021
          6     0.9815    0.8451    0.9082       439
          7     1.0000    0.9728    0.9862       734

avg / total     0.9498    0.9512    0.9492     54924


             precision    recall  f1-score   support

          0     0.9542    0.9926    0.9730     42979
          1     0.8450    0.6647    0.7441      1509
          2     0.8580    0.7225    0.7844      2609
          3     0.9192    0.6728    0.7769      1623
          4     0.9753    0.8584    0.9131      4010
          5     0.9941    0.9892    0.9917      1021
          6     0.9765    0.8519    0.9100       439
          7     1.0000    0.9714    0.9855       734

avg / total     0.9486    0.9501    0.9476     54924


             precision    recall  f1-score   support

          0     0.9584    0.9907    0.9743     42979
          1     0.7473    0.6998    0.7228      1509
          2     0.8681    0.6961    0.7726      2609
          3     0.9250    0.6839    0.7864      1623
          4     0.9573    0.8773    0.9155      4010
          5     0.9921    0.9902    0.9912      1021
          6     0.9767    0.8588    0.9139       439
          7     1.0000    0.9673    0.9834       734

avg / total     0.9486    0.9500    0.9479     54924


             precision    recall  f1-score   support

          0     0.9607    0.9912    0.9757     42979
          1     0.8027    0.7038    0.7500      1509
          2     0.8601    0.7566    0.8051      2609
          3     0.9273    0.6833    0.7868      1623
          4     0.9636    0.8773    0.9184      4010
          5     0.9941    0.9892    0.9917      1021
          6     0.9792    0.8565    0.9137       439
          7     1.0000    0.9714    0.9855       734

avg / total     0.9521    0.9534    0.9516     54924


             precision    recall  f1-score   support

          0     0.9584    0.9923    0.9750     42979
          1     0.8327    0.6892    0.7542      1509
          2     0.8419    0.7470    0.7916      2609
          3     0.9315    0.6790    0.7855      1623
          4     0.9759    0.8678    0.9187      4010
          5     0.9961    0.9892    0.9926      1021
          6     0.9818    0.8610    0.9175       439
          7     1.0000    0.9728    0.9862       734

avg / total     0.9513    0.9526    0.9505     54924


             precision    recall  f1-score   support

          0     0.9561    0.9935    0.9744     42979
          1     0.8350    0.6773    0.7479      1509
          2     0.8618    0.7359    0.7939      2609
          3     0.9410    0.6679    0.7813      1623
          4     0.9777    0.8643    0.9175      4010
          5     0.9951    0.9892    0.9921      1021
          6     0.9742    0.8610    0.9141       439
          7     1.0000    0.9714    0.9855       734

avg / total     0.9509    0.9521    0.9498     54924


             precision    recall  f1-score   support

          0     0.9613    0.9911    0.9760     42979
          1     0.8348    0.6832    0.7515      1509
          2     0.8402    0.7758    0.8067      2609
          3     0.9238    0.6870    0.7880      1623
          4     0.9658    0.8808    0.9214      4010
          5     0.9951    0.9892    0.9921      1021
          6     0.9920    0.8519    0.9167       439
          7     1.0000    0.9714    0.9855       734

avg / total     0.9527    0.9540    0.9522     54924


             precision    recall  f1-score   support

          0     0.9608    0.9912    0.9758     42979
          1     0.8421    0.6859    0.7560      1509
          2     0.8333    0.7762    0.8037      2609
          3     0.9392    0.6753    0.7857      1623
          4     0.9671    0.8783    0.9205      4010
          5     0.9951    0.9892    0.9921      1021
          6     0.9793    0.8633    0.9177       439
          7     1.0000    0.9728    0.9862       734

avg / total     0.9526    0.9537    0.9519     54924


             precision    recall  f1-score   support

          0     0.9595    0.9913    0.9752     42979
          1     0.8520    0.6793    0.7559      1509
          2     0.8612    0.7612    0.8081      2609
          3     0.9225    0.6969    0.7940      1623
          4     0.9635    0.8815    0.9207      4010
          5     0.9951    0.9892    0.9921      1021
          6     0.9742    0.8610    0.9141       439
          7     1.0000    0.9714    0.9855       734

avg / total     0.9524    0.9538    0.9518     54924


             precision    recall  f1-score   support

          0     0.9615    0.9917    0.9764     42979
          1     0.8501    0.6879    0.7604      1509
          2     0.8417    0.7804    0.8099      2609
          3     0.9421    0.6919    0.7979      1623
          4     0.9677    0.8808    0.9222      4010
          5     0.9961    0.9882    0.9921      1021
          6     0.9843    0.8588    0.9173       439
          7     0.9986    0.9728    0.9855       734

avg / total     0.9539    0.9550    0.9532     54924


             precision    recall  f1-score   support

          0     0.9622    0.9906    0.9762     42979
          1     0.8600    0.6634    0.7490      1509
          2     0.8385    0.7942    0.8157      2609
          3     0.9281    0.6999    0.7980      1623
          4     0.9587    0.8855    0.9207      4010
          5     0.9951    0.9892    0.9921      1021
          6     0.9818    0.8610    0.9175       439
          7     1.0000    0.9714    0.9855       734

avg / total     0.9535    0.9547    0.9530     54924


             precision    recall  f1-score   support

          0     0.9607    0.9919    0.9760     42979
          1     0.8348    0.6965    0.7594      1509
          2     0.8344    0.7819    0.8073      2609
          3     0.9402    0.6778    0.7877      1623
          4     0.9756    0.8676    0.9184      4010
          5     0.9951    0.9892    0.9921      1021
          6     0.9869    0.8565    0.9171       439
          7     1.0000    0.9714    0.9855       734

avg / total     0.9531    0.9540    0.9522     54924


             precision    recall  f1-score   support

          0     0.9617    0.9916    0.9764     42979
          1     0.7439    0.7276    0.7357      1509
          2     0.8792    0.7336    0.7998      2609
          3     0.9302    0.7061    0.8028      1623
          4     0.9698    0.8741    0.9195      4010
          5     0.9951    0.9892    0.9921      1021
          6     0.9869    0.8565    0.9171       439
          7     0.9986    0.9714    0.9848       734

avg / total     0.9527    0.9536    0.9520     54924


             precision    recall  f1-score   support

          0     0.9608    0.9928    0.9765     42979
          1     0.8403    0.6972    0.7620      1509
          2     0.8629    0.7647    0.8108      2609
          3     0.9376    0.6944    0.7979      1623
          4     0.9722    0.8800    0.9238      4010
          5     0.9951    0.9892    0.9921      1021
          6     0.9792    0.8588    0.9150       439
          7     0.9972    0.9714    0.9841       734

avg / total     0.9542    0.9554    0.9535     54924


             precision    recall  f1-score   support

          0     0.9607    0.9929    0.9765     42979
          1     0.8423    0.6938    0.7609      1509
          2     0.8660    0.7704    0.8154      2609
          3     0.9398    0.7018    0.8035      1623
          4     0.9713    0.8771    0.9218      4010
          5     0.9951    0.9892    0.9921      1021
          6     0.9868    0.8542    0.9158       439
          7     1.0000    0.9714    0.9855       734

avg / total     0.9545    0.9556    0.9537     54924


             precision    recall  f1-score   support

          0     0.9632    0.9919    0.9774     42979
          1     0.8655    0.6952    0.7710      1509
          2     0.8497    0.8061    0.8273      2609
          3     0.9369    0.7043    0.8041      1623
          4     0.9704    0.8815    0.9238      4010
          5     0.9961    0.9892    0.9926      1021
          6     0.9843    0.8565    0.9160       439
          7     0.9986    0.9728    0.9855       734

avg / total     0.9561    0.9570    0.9554     54924


             precision    recall  f1-score   support

          0     0.9642    0.9915    0.9777     42979
          1     0.8111    0.7058    0.7548      1509
          2     0.8609    0.8018    0.8303      2609
          3     0.9348    0.7067    0.8049      1623
          4     0.9704    0.8825    0.9244      4010
          5     0.9951    0.9892    0.9921      1021
          6     0.9818    0.8588    0.9162       439
          7     0.9986    0.9714    0.9848       734

avg / total     0.9559    0.9569    0.9554     54924


             precision    recall  f1-score   support

          0     0.9645    0.9914    0.9778     42979
          1     0.8300    0.7084    0.7644      1509
          2     0.8538    0.8038    0.8280      2609
          3     0.9341    0.7073    0.8050      1623
          4     0.9694    0.8858    0.9257      4010
          5     0.9951    0.9892    0.9921      1021
          6     0.9843    0.8565    0.9160       439
          7     0.9986    0.9714    0.9848       734

avg / total     0.9562    0.9572    0.9557     54924


             precision    recall  f1-score   support

          0     0.9639    0.9916    0.9776     42979
          1     0.8633    0.7031    0.7750      1509
          2     0.8450    0.8130    0.8287      2609
          3     0.9451    0.6999    0.8042      1623
          4     0.9696    0.8840    0.9249      4010
          5     0.9951    0.9892    0.9921      1021
          6     0.9843    0.8565    0.9160       439
          7     0.9986    0.9714    0.9848       734

avg / total     0.9566    0.9574    0.9558     54924


             precision    recall  f1-score   support

          0     0.9643    0.9916    0.9778     42979
          1     0.8648    0.6991    0.7732      1509
          2     0.8462    0.8137    0.8296      2609
          3     0.9361    0.7135    0.8098      1623
          4     0.9702    0.8840    0.9251      4010
          5     0.9941    0.9892    0.9917      1021
          6     0.9843    0.8565    0.9160       439
          7     1.0000    0.9700    0.9848       734

avg / total     0.9568    0.9576    0.9562     54924


             precision    recall  f1-score   support

          0     0.9640    0.9926    0.9781     42979
          1     0.8565    0.7117    0.7774      1509
          2     0.8674    0.8076    0.8364      2609
          3     0.9343    0.7092    0.8063      1623
          4     0.9712    0.8833    0.9252      4010
          5     0.9951    0.9892    0.9921      1021
          6     0.9817    0.8565    0.9148       439
          7     1.0000    0.9714    0.9855       734

avg / total     0.9573    0.9583    0.9568     54924


             precision    recall  f1-score   support

          0     0.9655    0.9913    0.9782     42979
          1     0.8517    0.7078    0.7731      1509
          2     0.8484    0.8176    0.8327      2609
          3     0.9362    0.7147    0.8106      1623
          4     0.9682    0.8870    0.9258      4010
          5     0.9941    0.9892    0.9917      1021
          6     0.9818    0.8588    0.9162       439
          7     1.0000    0.9700    0.9848       734

avg / total     0.9572    0.9581    0.9567     54924


             precision    recall  f1-score   support

          0     0.9649    0.9920    0.9783     42979
          1     0.8658    0.6972    0.7724      1509
          2     0.8499    0.8183    0.8338      2609
          3     0.9378    0.7153    0.8116      1623
          4     0.9710    0.8863    0.9267      4010
          5     0.9951    0.9892    0.9921      1021
          6     0.9792    0.8588    0.9150       439
          7     1.0000    0.9714    0.9855       734

avg / total     0.9575    0.9584    0.9569     54924


             precision    recall  f1-score   support

          0     0.9645    0.9923    0.9782     42979
          1     0.8525    0.7164    0.7785      1509
          2     0.8638    0.8045    0.8331      2609
          3     0.9360    0.7116    0.8085      1623
          4     0.9700    0.8863    0.9262      4010
          5     0.9951    0.9892    0.9921      1021
          6     0.9843    0.8588    0.9173       439
          7     1.0000    0.9714    0.9855       734

avg / total     0.9574    0.9584    0.9569     54924


             precision    recall  f1-score   support

          0     0.9647    0.9920    0.9782     42979
          1     0.8691    0.7038    0.7777      1509
          2     0.8465    0.8156    0.8308      2609
          3     0.9419    0.7092    0.8091      1623
          4     0.9699    0.8850    0.9255      4010
          5     0.9951    0.9892    0.9921      1021
          6     0.9791    0.8542    0.9124       439
          7     1.0000    0.9728    0.9862       734

avg / total     0.9573    0.9581    0.9567     54924


             precision    recall  f1-score   support

          0     0.9648    0.9916    0.9780     42979
          1     0.8564    0.6958    0.7678      1509
          2     0.8595    0.8183    0.8384      2609
          3     0.9281    0.7160    0.8083      1623
          4     0.9690    0.8890    0.9273      4010
          5     0.9951    0.9892    0.9921      1021
          6     0.9843    0.8588    0.9173       439
          7     1.0000    0.9714    0.9855       734

avg / total     0.9572    0.9582    0.9568     54924


             precision    recall  f1-score   support

          0     0.9644    0.9929    0.9784     42979
          1     0.8646    0.7025    0.7751      1509
          2     0.8635    0.8145    0.8383      2609
          3     0.9433    0.7073    0.8085      1623
          4     0.9713    0.8870    0.9273      4010
          5     0.9951    0.9892    0.9921      1021
          6     0.9869    0.8588    0.9184       439
          7     1.0000    0.9714    0.9855       734

avg / total     0.9580    0.9588    0.9573     54924

loss:0.421739212413,0.302472102849,0.281320244464,0.266390530677,0.257715797127,0.24701773904,0.242451433949,0.235829561471,0.22789048919,0.227953096042,0.225666899298,0.223983290473,0.218450299632,0.217238402145,0.218494813289,0.221410680577,0.216226949311,0.190190210947,0.171559025536,0.164819042266,0.160654267364,0.15537522777,0.152446637194,0.149035228173,0.147924563271,0.144537566242,0.1400160383,0.140421683326,0.139640027107,0.136368793476,0.137211236018,0.132584938003,0.133325941315,0.128609989987,0.129666311436,0.133117976927,0.129120526825,0.128364724567,0.125921517234,0.120697646645,0.119028493158,0.11785057494,0.116529393186,0.116115755585,0.114452123552,0.114534166555,0.113041859142,0.115110578971,0.11563265295,0.11224865029
val_acc:0.907890903994,0.916557423108,0.918268885054,0.922456484422,0.924550288169,0.927263125794,0.927845752028,0.928901754888,0.932087977054,0.928355546205,0.932142596305,0.933398879848,0.935474476948,0.935365231076,0.9330711533,0.932124392354,0.932907286887,0.943321681997,0.946635348101,0.946617146389,0.948838394543,0.949785157455,0.949402813141,0.951205300678,0.950058261797,0.950021851693,0.953371933045,0.952570824689,0.952061029795,0.953972765458,0.953736067521,0.953754275887,0.954992351533,0.954719247661,0.954009174076,0.953645035914,0.95537469435,0.955556767631,0.957013326413,0.956885875847,0.957195394746,0.957359257421,0.957632364744,0.958287813412,0.958123953459,0.958378851648,0.958378851648,0.958142159129,0.958214987254,0.95883402384
lr:0.0367261,0.0367261,0.0367261,0.0367261,0.0367261,0.0367261,0.0367261,0.0367261,0.0367261,0.0367261,0.0367261,0.0367261,0.0367261,0.0367261,0.0367261,0.0367261,0.0367261,0.00734523,0.00734523,0.00734523,0.00734523,0.00734523,0.00734523,0.00734523,0.00734523,0.00734523,0.00734523,0.00734523,0.00734523,0.00734523,0.00734523,0.00734523,0.00734523,0.00734523,0.00734523,0.00734523,0.00734523,0.00734523,0.00146905,0.00146905,0.00146905,0.00146905,0.00146905,0.00146905,0.00146905,0.00146905,0.00146905,0.00146905,0.00146905,0.001
acc:0.876177357496,0.909380008052,0.913628198589,0.917002475478,0.919150848529,0.921572316335,0.923435452821,0.92466742865,0.926985728334,0.927185998095,0.927604750221,0.928836726495,0.92975918923,0.93004442476,0.93000194428,0.929916979915,0.931209644014,0.9397667139,0.944457929239,0.947146429382,0.94774724353,0.949774240262,0.950896974365,0.951898332501,0.951886195352,0.953573333677,0.954714279558,0.954653587815,0.954950962579,0.956031217566,0.955691362639,0.957408845381,0.957257123988,0.958021799063,0.957675875643,0.957979316466,0.958337380807,0.959393356426,0.961062291315,0.961723792687,0.961899790954,0.962470264128,0.962603777957,0.962385297791,0.963210661847,0.963289555808,0.963580863584,0.963586928906,0.962901148206,0.963981404567
val_loss:0.310282703975,0.271622513101,0.255507729337,0.246440888812,0.242601009834,0.224811172193,0.223900925097,0.220795949444,0.217953663968,0.222562797423,0.213101661947,0.206568593016,0.204293560109,0.205453236363,0.210973892915,0.211062754909,0.224072961984,0.177889995568,0.170035248305,0.168019541482,0.165310303428,0.161937168752,0.16331282272,0.161460183165,0.160512044982,0.158828098031,0.153881620599,0.155160465738,0.155945958244,0.154521977216,0.152928143485,0.153581240462,0.149830283159,0.148830303515,0.15455958969,0.150983586417,0.149771291073,0.154083553098,0.147336063623,0.145566086399,0.144549975409,0.145368108289,0.143642289778,0.14395094195,0.143083094172,0.143401535267,0.145556318414,0.151303836595,0.143096150723,0.144331527661
