
             precision    recall  f1-score   support

          0     0.9238    0.9854    0.9536     42979
          1     0.6036    0.5852    0.5942      1509
          2     0.6583    0.4239    0.5157      2609
          3     0.9416    0.3678    0.5290      1623
          4     0.9190    0.7466    0.8239      4010
          5     0.9825    0.9892    0.9858      1021
          6     0.9876    0.7244    0.8357       439
          7     1.0000    0.9510    0.9749       734

avg / total     0.9052    0.9095    0.9009     54924


             precision    recall  f1-score   support

          0     0.9205    0.9938    0.9558     42979
          1     0.6691    0.5401    0.5977      1509
          2     0.7737    0.4573    0.5748      2609
          3     0.9638    0.2458    0.3918      1623
          4     0.9554    0.7800    0.8589      4010
          5     0.9941    0.9892    0.9917      1021
          6     0.9943    0.7995    0.8864       439
          7     0.9986    0.9619    0.9799       734

avg / total     0.9135    0.9161    0.9045     54924


             precision    recall  f1-score   support

          0     0.9286    0.9947    0.9605     42979
          1     0.7930    0.3910    0.5237      1509
          2     0.6879    0.6041    0.6433      2609
          3     0.9563    0.4184    0.5821      1623
          4     0.9892    0.7571    0.8577      4010
          5     0.9921    0.9794    0.9857      1021
          6     0.9944    0.8018    0.8878       439
          7     0.9972    0.9646    0.9806       734

avg / total     0.9213    0.9230    0.9149     54924


             precision    recall  f1-score   support

          0     0.9364    0.9913    0.9631     42979
          1     0.7152    0.6123    0.6598      1509
          2     0.8005    0.5692    0.6653      2609
          3     0.9382    0.4677    0.6242      1623
          4     0.9543    0.8017    0.8714      4010
          5     0.9950    0.9824    0.9887      1021
          6     0.9839    0.8337    0.9026       439
          7     0.9944    0.9714    0.9828       734

avg / total     0.9274    0.9298    0.9241     54924


             precision    recall  f1-score   support

          0     0.9432    0.9892    0.9656     42979
          1     0.7578    0.6117    0.6769      1509
          2     0.8054    0.6424    0.7147      2609
          3     0.8967    0.5404    0.6744      1623
          4     0.9568    0.8222    0.8844      4010
          5     0.9931    0.9892    0.9912      1021
          6     0.9521    0.8610    0.9043       439
          7     1.0000    0.9659    0.9827       734

avg / total     0.9329    0.9356    0.9315     54924


             precision    recall  f1-score   support

          0     0.9467    0.9891    0.9674     42979
          1     0.7621    0.6030    0.6733      1509
          2     0.7860    0.6531    0.7134      2609
          3     0.9137    0.5545    0.6902      1623
          4     0.9477    0.8491    0.8957      4010
          5     0.9941    0.9873    0.9907      1021
          6     0.9916    0.8087    0.8908       439
          7     1.0000    0.9673    0.9834       734

avg / total     0.9351    0.9377    0.9339     54924


             precision    recall  f1-score   support

          0     0.9543    0.9810    0.9675     42979
          1     0.7865    0.6421    0.7070      1509
          2     0.8170    0.6980    0.7528      2609
          3     0.9223    0.5705    0.7050      1623
          4     0.8365    0.8726    0.8541      4010
          5     0.9902    0.9882    0.9892      1021
          6     0.9946    0.8337    0.9071       439
          7     1.0000    0.9673    0.9834       734

avg / total     0.9353    0.9370    0.9342     54924


             precision    recall  f1-score   support

          0     0.9540    0.9896    0.9715     42979
          1     0.7828    0.6925    0.7349      1509
          2     0.8488    0.7014    0.7681      2609
          3     0.9307    0.5872    0.7201      1623
          4     0.9406    0.8731    0.9056      4010
          5     0.9912    0.9892    0.9902      1021
          6     0.9894    0.8474    0.9129       439
          7     0.9972    0.9673    0.9820       734

avg / total     0.9442    0.9459    0.9431     54924


             precision    recall  f1-score   support

          0     0.9583    0.9884    0.9731     42979
          1     0.8889    0.5726    0.6965      1509
          2     0.7775    0.8038    0.7904      2609
          3     0.8924    0.6796    0.7716      1623
          4     0.9587    0.8559    0.9043      4010
          5     0.9970    0.9882    0.9926      1021
          6     0.9634    0.8383    0.8965       439
          7     0.9972    0.9755    0.9862       734

avg / total     0.9472    0.9480    0.9458     54924


             precision    recall  f1-score   support

          0     0.9610    0.9880    0.9743     42979
          1     0.8688    0.6448    0.7402      1509
          2     0.8160    0.8091    0.8125      2609
          3     0.9180    0.6691    0.7741      1623
          4     0.9432    0.8776    0.9092      4010
          5     0.9941    0.9892    0.9917      1021
          6     0.9715    0.8542    0.9091       439
          7     0.9958    0.9714    0.9834       734

avg / total     0.9502    0.9513    0.9495     54924


             precision    recall  f1-score   support

          0     0.9583    0.9896    0.9737     42979
          1     0.7710    0.7296    0.7497      1509
          2     0.8699    0.7076    0.7804      2609
          3     0.8966    0.6839    0.7760      1623
          4     0.9555    0.8678    0.9096      4010
          5     0.9960    0.9863    0.9911      1021
          6     0.9815    0.8474    0.9095       439
          7     0.9958    0.9741    0.9848       734

avg / total     0.9483    0.9498    0.9478     54924


             precision    recall  f1-score   support

          0     0.9600    0.9890    0.9743     42979
          1     0.8405    0.6567    0.7374      1509
          2     0.8242    0.7869    0.8051      2609
          3     0.9066    0.6642    0.7667      1623
          4     0.9534    0.8731    0.9115      4010
          5     0.9960    0.9873    0.9916      1021
          6     0.9691    0.8565    0.9093       439
          7     0.9972    0.9728    0.9848       734

avg / total     0.9495    0.9509    0.9490     54924


             precision    recall  f1-score   support

          0     0.9539    0.9925    0.9728     42979
          1     0.8455    0.7038    0.7682      1509
          2     0.8590    0.7685    0.8112      2609
          3     0.9391    0.5798    0.7170      1623
          4     0.9707    0.8514    0.9071      4010
          5     0.9941    0.9863    0.9902      1021
          6     0.9973    0.8383    0.9109       439
          7     0.9958    0.9687    0.9820       734

avg / total     0.9488    0.9497    0.9471     54924


             precision    recall  f1-score   support

          0     0.9635    0.9872    0.9752     42979
          1     0.8552    0.6733    0.7534      1509
          2     0.8450    0.8022    0.8230      2609
          3     0.8869    0.7344    0.8035      1623
          4     0.9358    0.8833    0.9088      4010
          5     0.9931    0.9882    0.9907      1021
          6     0.9837    0.8269    0.8985       439
          7     0.9986    0.9673    0.9827       734

avg / total     0.9518    0.9532    0.9517     54924


             precision    recall  f1-score   support

          0     0.9632    0.9866    0.9748     42979
          1     0.7896    0.7237    0.7552      1509
          2     0.8417    0.7888    0.8144      2609
          3     0.8780    0.7141    0.7876      1623
          4     0.9686    0.8688    0.9160      4010
          5     0.9892    0.9892    0.9892      1021
          6     0.9097    0.8724    0.8907       439
          7     0.9972    0.9687    0.9827       734

avg / total     0.9511    0.9523    0.9510     54924


             precision    recall  f1-score   support

          0     0.9625    0.9899    0.9760     42979
          1     0.8591    0.7031    0.7733      1509
          2     0.8409    0.7961    0.8179      2609
          3     0.8999    0.7369    0.8103      1623
          4     0.9759    0.8691    0.9194      4010
          5     0.9825    0.9873    0.9849      1021
          6     0.9841    0.8451    0.9093       439
          7     0.9986    0.9673    0.9827       734

avg / total     0.9540    0.9550    0.9536     54924


             precision    recall  f1-score   support

          0     0.9653    0.9881    0.9766     42979
          1     0.8302    0.7323    0.7782      1509
          2     0.8404    0.8156    0.8279      2609
          3     0.9123    0.7240    0.8073      1623
          4     0.9589    0.8776    0.9164      4010
          5     0.9941    0.9853    0.9897      1021
          6     0.9867    0.8428    0.9091       439
          7     0.9931    0.9755    0.9842       734

avg / total     0.9547    0.9556    0.9545     54924


             precision    recall  f1-score   support

          0     0.9670    0.9862    0.9765     42979
          1     0.8322    0.7528    0.7905      1509
          2     0.8591    0.8133    0.8356      2609
          3     0.8652    0.7634    0.8111      1623
          4     0.9533    0.8805    0.9155      4010
          5     0.9951    0.9892    0.9921      1021
          6     0.9615    0.8542    0.9047       439
          7     0.9986    0.9755    0.9869       734

avg / total     0.9551    0.9561    0.9552     54924


             precision    recall  f1-score   support

          0     0.9644    0.9904    0.9772     42979
          1     0.8410    0.7747    0.8065      1509
          2     0.8767    0.8041    0.8389      2609
          3     0.9185    0.7086    0.8000      1623
          4     0.9711    0.8796    0.9231      4010
          5     0.9941    0.9892    0.9917      1021
          6     0.9665    0.8542    0.9069       439
          7     0.9986    0.9741    0.9862       734

avg / total     0.9570    0.9579    0.9566     54924


             precision    recall  f1-score   support

          0     0.9626    0.9901    0.9762     42979
          1     0.8541    0.7528    0.8003      1509
          2     0.8807    0.7750    0.8245      2609
          3     0.8920    0.7375    0.8074      1623
          4     0.9647    0.8733    0.9168      4010
          5     0.9863    0.9892    0.9878      1021
          6     0.9766    0.8565    0.9126       439
          7     0.9972    0.9673    0.9820       734

avg / total     0.9548    0.9560    0.9546     54924


             precision    recall  f1-score   support

          0     0.9689    0.9845    0.9766     42979
          1     0.8100    0.7714    0.7902      1509
          2     0.8629    0.8061    0.8335      2609
          3     0.8099    0.7850    0.7972      1623
          4     0.9697    0.8848    0.9253      4010
          5     0.9970    0.9873    0.9921      1021
          6     0.9145    0.8770    0.8953       439
          7     0.9944    0.9728    0.9835       734

avg / total     0.9553    0.9560    0.9554     54924


             precision    recall  f1-score   support

          0     0.9668    0.9890    0.9778     42979
          1     0.8448    0.7575    0.7987      1509
          2     0.8726    0.8191    0.8450      2609
          3     0.8881    0.7579    0.8178      1623
          4     0.9684    0.8796    0.9219      4010
          5     0.9863    0.9892    0.9878      1021
          6     0.9488    0.8451    0.8940       439
          7     0.9972    0.9714    0.9841       734

avg / total     0.9574    0.9584    0.9574     54924


             precision    recall  f1-score   support

          0     0.9674    0.9861    0.9767     42979
          1     0.8218    0.7429    0.7804      1509
          2     0.8516    0.8206    0.8358      2609
          3     0.8895    0.7141    0.7922      1623
          4     0.9481    0.9017    0.9243      4010
          5     0.9931    0.9873    0.9902      1021
          6     0.9543    0.8565    0.9028       439
          7     0.9972    0.9673    0.9820       734

avg / total     0.9550    0.9561    0.9551     54924


             precision    recall  f1-score   support

          0     0.9682    0.9898    0.9789     42979
          1     0.8350    0.7681    0.8001      1509
          2     0.8593    0.8264    0.8425      2609
          3     0.9191    0.7486    0.8251      1623
          4     0.9729    0.8865    0.9277      4010
          5     0.9970    0.9882    0.9926      1021
          6     0.9662    0.8474    0.9029       439
          7     0.9986    0.9755    0.9869       734

avg / total     0.9592    0.9599    0.9589     54924


             precision    recall  f1-score   support

          0     0.9665    0.9854    0.9759     42979
          1     0.8613    0.6912    0.7669      1509
          2     0.8330    0.8260    0.8295      2609
          3     0.9063    0.7209    0.8030      1623
          4     0.9340    0.9070    0.9203      4010
          5     0.9970    0.9873    0.9921      1021
          6     0.9615    0.8542    0.9047       439
          7     0.9944    0.9755    0.9849       734

avg / total     0.9540    0.9551    0.9539     54924


             precision    recall  f1-score   support

          0     0.9642    0.9907    0.9772     42979
          1     0.8731    0.7250    0.7922      1509
          2     0.8553    0.7995    0.8265      2609
          3     0.9382    0.7104    0.8086      1623
          4     0.9625    0.8970    0.9286      4010
          5     0.9970    0.9853    0.9911      1021
          6     0.9737    0.8428    0.9035       439
          7     0.9958    0.9700    0.9827       734

avg / total     0.9567    0.9576    0.9562     54924


             precision    recall  f1-score   support

          0     0.9703    0.9877    0.9789     42979
          1     0.8562    0.7495    0.7993      1509
          2     0.8672    0.8133    0.8394      2609
          3     0.9083    0.7628    0.8292      1623
          4     0.9282    0.9117    0.9199      4010
          5     0.9941    0.9853    0.9897      1021
          6     0.9683    0.8337    0.8960       439
          7     0.9986    0.9700    0.9841       734

avg / total     0.9581    0.9592    0.9582     54924


             precision    recall  f1-score   support

          0     0.9718    0.9856    0.9786     42979
          1     0.9042    0.7197    0.8015      1509
          2     0.8400    0.8612    0.8505      2609
          3     0.8628    0.7788    0.8187      1623
          4     0.9445    0.9170    0.9305      4010
          5     0.9941    0.9863    0.9902      1021
          6     0.9786    0.8314    0.8990       439
          7     0.9958    0.9700    0.9827       734

avg / total     0.9592    0.9598    0.9591     54924


             precision    recall  f1-score   support

          0     0.9719    0.9862    0.9790     42979
          1     0.8435    0.7820    0.8116      1509
          2     0.8607    0.8386    0.8495      2609
          3     0.8633    0.7819    0.8206      1623
          4     0.9598    0.9045    0.9313      4010
          5     0.9941    0.9902    0.9921      1021
          6     0.9413    0.8405    0.8881       439
          7     0.9972    0.9700    0.9834       734

avg / total     0.9595    0.9603    0.9597     54924


             precision    recall  f1-score   support

          0     0.9651    0.9895    0.9772     42979
          1     0.8907    0.7184    0.7953      1509
          2     0.8534    0.8214    0.8371      2609
          3     0.9048    0.7320    0.8093      1623
          4     0.9624    0.8870    0.9232      4010
          5     0.9863    0.9892    0.9878      1021
          6     0.9583    0.8383    0.8943       439
          7     0.9958    0.9659    0.9806       734

avg / total     0.9565    0.9575    0.9562     54924


             precision    recall  f1-score   support

          0     0.9679    0.9895    0.9786     42979
          1     0.8441    0.7787    0.8101      1509
          2     0.8781    0.8007    0.8376      2609
          3     0.9172    0.7640    0.8336      1623
          4     0.9610    0.8973    0.9280      4010
          5     0.9961    0.9892    0.9926      1021
          6     0.9590    0.8519    0.9023       439
          7     0.9958    0.9728    0.9841       734

avg / total     0.9591    0.9600    0.9590     54924


             precision    recall  f1-score   support

          0     0.9688    0.9887    0.9787     42979
          1     0.8580    0.7687    0.8109      1509
          2     0.8618    0.8245    0.8427      2609
          3     0.9084    0.7702    0.8336      1623
          4     0.9649    0.8970    0.9297      4010
          5     0.9950    0.9833    0.9892      1021
          6     0.9661    0.8451    0.9016       439
          7     0.9944    0.9687    0.9814       734

avg / total     0.9594    0.9602    0.9593     54924


             precision    recall  f1-score   support

          0     0.9730    0.9911    0.9820     42979
          1     0.8909    0.7959    0.8407      1509
          2     0.8892    0.8582    0.8734      2609
          3     0.9439    0.7776    0.8527      1623
          4     0.9605    0.9155    0.9374      4010
          5     0.9941    0.9922    0.9931      1021
          6     0.9741    0.8565    0.9115       439
          7     0.9972    0.9687    0.9827       734

avg / total     0.9657    0.9663    0.9655     54924


             precision    recall  f1-score   support

          0     0.9727    0.9923    0.9824     42979
          1     0.8912    0.8085    0.8478      1509
          2     0.8998    0.8567    0.8777      2609
          3     0.9464    0.7726    0.8507      1623
          4     0.9670    0.9127    0.9391      4010
          5     0.9961    0.9902    0.9931      1021
          6     0.9742    0.8610    0.9141       439
          7     0.9986    0.9714    0.9848       734

avg / total     0.9666    0.9671    0.9664     54924


             precision    recall  f1-score   support

          0     0.9730    0.9919    0.9823     42979
          1     0.8851    0.8065    0.8440      1509
          2     0.9034    0.8494    0.8755      2609
          3     0.9373    0.7825    0.8529      1623
          4     0.9645    0.9160    0.9396      4010
          5     0.9951    0.9922    0.9936      1021
          6     0.9767    0.8588    0.9139       439
          7     0.9972    0.9700    0.9834       734

avg / total     0.9664    0.9670    0.9662     54924


             precision    recall  f1-score   support

          0     0.9736    0.9914    0.9824     42979
          1     0.8865    0.8072    0.8450      1509
          2     0.9036    0.8586    0.8805      2609
          3     0.9215    0.7880    0.8496      1623
          4     0.9650    0.9137    0.9386      4010
          5     0.9951    0.9922    0.9936      1021
          6     0.9692    0.8610    0.9119       439
          7     0.9986    0.9700    0.9841       734

avg / total     0.9664    0.9670    0.9664     54924


             precision    recall  f1-score   support

          0     0.9733    0.9919    0.9825     42979
          1     0.8913    0.7985    0.8424      1509
          2     0.8988    0.8651    0.8816      2609
          3     0.9292    0.7850    0.8510      1623
          4     0.9696    0.9132    0.9405      4010
          5     0.9951    0.9892    0.9921      1021
          6     0.9663    0.8497    0.9042       439
          7     0.9972    0.9700    0.9834       734

avg / total     0.9666    0.9672    0.9665     54924


             precision    recall  f1-score   support

          0     0.9743    0.9915    0.9828     42979
          1     0.8936    0.8019    0.8453      1509
          2     0.9024    0.8609    0.8811      2609
          3     0.9283    0.7979    0.8582      1623
          4     0.9647    0.9207    0.9422      4010
          5     0.9951    0.9892    0.9921      1021
          6     0.9618    0.8610    0.9087       439
          7     0.9986    0.9714    0.9848       734

avg / total     0.9672    0.9678    0.9672     54924


             precision    recall  f1-score   support

          0     0.9757    0.9903    0.9829     42979
          1     0.8931    0.8032    0.8458      1509
          2     0.8950    0.8789    0.8869      2609
          3     0.9191    0.8047    0.8581      1623
          4     0.9608    0.9222    0.9411      4010
          5     0.9951    0.9882    0.9916      1021
          6     0.9636    0.8451    0.9005       439
          7     0.9986    0.9714    0.9848       734

avg / total     0.9674    0.9680    0.9674     54924


             precision    recall  f1-score   support

          0     0.9756    0.9916    0.9835     42979
          1     0.8907    0.8098    0.8483      1509
          2     0.9006    0.8712    0.8856      2609
          3     0.9278    0.7998    0.8590      1623
          4     0.9668    0.9217    0.9437      4010
          5     0.9951    0.9902    0.9926      1021
          6     0.9667    0.8588    0.9095       439
          7     0.9986    0.9714    0.9848       734

avg / total     0.9682    0.9688    0.9682     54924


             precision    recall  f1-score   support

          0     0.9746    0.9918    0.9831     42979
          1     0.8991    0.7913    0.8417      1509
          2     0.8980    0.8743    0.8860      2609
          3     0.9410    0.7770    0.8512      1623
          4     0.9607    0.9264    0.9433      4010
          5     0.9951    0.9902    0.9926      1021
          6     0.9661    0.8451    0.9016       439
          7     0.9986    0.9714    0.9848       734

avg / total     0.9675    0.9681    0.9674     54924


             precision    recall  f1-score   support

          0     0.9748    0.9918    0.9832     42979
          1     0.8944    0.7972    0.8430      1509
          2     0.8986    0.8731    0.8857      2609
          3     0.9340    0.7843    0.8526      1623
          4     0.9653    0.9229    0.9437      4010
          5     0.9951    0.9902    0.9926      1021
          6     0.9666    0.8565    0.9082       439
          7     0.9986    0.9714    0.9848       734

avg / total     0.9677    0.9682    0.9676     54924


             precision    recall  f1-score   support

          0     0.9764    0.9903    0.9833     42979
          1     0.8877    0.8171    0.8509      1509
          2     0.9017    0.8754    0.8884      2609
          3     0.9108    0.8176    0.8617      1623
          4     0.9665    0.9222    0.9438      4010
          5     0.9951    0.9922    0.9936      1021
          6     0.9545    0.8610    0.9054       439
          7     0.9986    0.9714    0.9848       734

avg / total     0.9682    0.9688    0.9683     54924


             precision    recall  f1-score   support

          0     0.9756    0.9921    0.9838     42979
          1     0.8972    0.8098    0.8513      1509
          2     0.9051    0.8739    0.8892      2609
          3     0.9289    0.8047    0.8623      1623
          4     0.9691    0.9217    0.9448      4010
          5     0.9951    0.9902    0.9926      1021
          6     0.9637    0.8474    0.9018       439
          7     0.9986    0.9714    0.9848       734

avg / total     0.9688    0.9693    0.9687     54924


             precision    recall  f1-score   support

          0     0.9755    0.9922    0.9838     42979
          1     0.8946    0.8098    0.8501      1509
          2     0.9041    0.8712    0.8874      2609
          3     0.9369    0.8047    0.8658      1623
          4     0.9688    0.9224    0.9451      4010
          5     0.9951    0.9892    0.9921      1021
          6     0.9689    0.8519    0.9067       439
          7     0.9986    0.9714    0.9848       734

avg / total     0.9689    0.9694    0.9688     54924


             precision    recall  f1-score   support

          0     0.9756    0.9917    0.9836     42979
          1     0.8909    0.8171    0.8524      1509
          2     0.9071    0.8720    0.8892      2609
          3     0.9331    0.7998    0.8613      1623
          4     0.9658    0.9229    0.9439      4010
          5     0.9951    0.9902    0.9926      1021
          6     0.9640    0.8542    0.9058       439
          7     0.9986    0.9714    0.9848       734

avg / total     0.9686    0.9691    0.9685     54924


             precision    recall  f1-score   support

          0     0.9754    0.9918    0.9836     42979
          1     0.8909    0.8171    0.8524      1509
          2     0.9065    0.8766    0.8913      2609
          3     0.9391    0.7893    0.8577      1623
          4     0.9661    0.9229    0.9440      4010
          5     0.9951    0.9912    0.9931      1021
          6     0.9641    0.8565    0.9071       439
          7     0.9986    0.9714    0.9848       734

avg / total     0.9687    0.9692    0.9686     54924


             precision    recall  f1-score   support

          0     0.9756    0.9919    0.9837     42979
          1     0.8928    0.8171    0.8533      1509
          2     0.9125    0.8712    0.8914      2609
          3     0.9293    0.8016    0.8607      1623
          4     0.9663    0.9237    0.9445      4010
          5     0.9951    0.9902    0.9926      1021
          6     0.9617    0.8588    0.9073       439
          7     0.9986    0.9714    0.9848       734

avg / total     0.9688    0.9694    0.9688     54924


             precision    recall  f1-score   support

          0     0.9762    0.9916    0.9838     42979
          1     0.8966    0.8098    0.8510      1509
          2     0.9042    0.8750    0.8894      2609
          3     0.9258    0.8078    0.8628      1623
          4     0.9680    0.9272    0.9471      4010
          5     0.9951    0.9902    0.9926      1021
          6     0.9641    0.8565    0.9071       439
          7     0.9986    0.9714    0.9848       734

avg / total     0.9690    0.9696    0.9690     54924


             precision    recall  f1-score   support

          0     0.9754    0.9921    0.9837     42979
          1     0.8981    0.8178    0.8561      1509
          2     0.9087    0.8770    0.8925      2609
          3     0.9392    0.7905    0.8585      1623
          4     0.9663    0.9237    0.9445      4010
          5     0.9951    0.9912    0.9931      1021
          6     0.9639    0.8519    0.9045       439
          7     0.9986    0.9714    0.9848       734

avg / total     0.9689    0.9694    0.9688     54924

lr:0.0119415,0.0119415,0.0119415,0.0119415,0.0119415,0.0119415,0.0119415,0.0119415,0.0119415,0.0119415,0.0119415,0.0119415,0.0119415,0.0119415,0.0119415,0.0119415,0.0119415,0.0119415,0.0119415,0.0119415,0.0119415,0.0119415,0.0119415,0.0119415,0.0119415,0.0119415,0.0119415,0.0119415,0.0119415,0.0119415,0.0119415,0.0119415,0.0023883,0.0023883,0.0023883,0.0023883,0.0023883,0.0023883,0.0023883,0.0023883,0.0023883,0.0023883,0.0023883,0.001,0.001,0.001,0.001,0.001,0.001,0.001
val_loss:0.29653484245,0.271867384871,0.248743864884,0.215702392317,0.202508054483,0.192536601636,0.190831397839,0.172843196242,0.167161574064,0.158348207358,0.16116504641,0.155954760741,0.169352201177,0.150435228075,0.153520279956,0.149610680765,0.146825654506,0.146857776311,0.142364763119,0.149171227888,0.1458023452,0.1382585703,0.144320079747,0.13524544576,0.148962418829,0.145834353301,0.14058953378,0.134993997489,0.137158699212,0.146771429325,0.137598774187,0.138877038983,0.122174975235,0.120900727093,0.121867423378,0.120090457182,0.121724276221,0.12022479502,0.119635485111,0.120467423063,0.122665950869,0.123425454583,0.121301963011,0.121178355728,0.121831691331,0.121243687192,0.122390044624,0.122672190246,0.121448338473,0.123607034021
val_acc:0.909547740135,0.916084043384,0.922966280948,0.929848514653,0.935583713991,0.937695721412,0.936967445713,0.945870658313,0.948000874143,0.951314545244,0.949766950457,0.95091399035,0.949748742047,0.953171651749,0.952261304914,0.955046972894,0.955647801356,0.956102978045,0.957850847178,0.955975526698,0.955993736674,0.958378851978,0.95610297594,0.959890025935,0.955083387959,0.957632364197,0.959179957104,0.959798991871,0.960290581394,0.95746850157,0.959981067006,0.960217754398,0.966262470355,0.967118196838,0.966954333108,0.96704537384,0.967191025826,0.967828268451,0.967955717016,0.968756827694,0.968101373665,0.968247030978,0.968775031003,0.969321242659,0.969375865344,0.96912096399,0.969175586787,0.969375861346,0.969576137132,0.969448690009
acc:0.878277175689,0.914483905118,0.920825849776,0.928102396086,0.932981745479,0.938006746874,0.942691895897,0.947116085759,0.949385831206,0.950636013172,0.952414186816,0.954835652959,0.957299606228,0.959490456802,0.958731853832,0.96039471597,0.961626691557,0.963168180654,0.963192454515,0.963574791864,0.964400154478,0.965522890749,0.965808125454,0.965261931097,0.967149340829,0.965856677164,0.967307133151,0.968715102388,0.969631500242,0.967125065983,0.969176336808,0.969491917718,0.976361848079,0.979887847008,0.98065859054,0.98150822826,0.981848081816,0.981666015966,0.982661308589,0.982564207395,0.982910132138,0.983322813708,0.982910131442,0.984396997905,0.984761128379,0.985022090125,0.984833955114,0.985052433229,0.984906779915,0.985440839717
loss:0.424738527114,0.28370997688,0.256515343763,0.227828363314,0.209319626073,0.192640979062,0.178154890778,0.162381669343,0.156079525618,0.149065446228,0.14356756725,0.137376914406,0.130687925605,0.125030792263,0.12457434092,0.120482908902,0.115413448934,0.112580767337,0.111974790511,0.110148998153,0.108875827943,0.104736438605,0.104724965558,0.103975099775,0.0981008775167,0.102251835905,0.0991898775925,0.0951930640015,0.0908862120245,0.0999381320757,0.0935270548004,0.0919297248771,0.0710868495031,0.0619624803463,0.0588364304169,0.0567873937403,0.0553507092179,0.0547724001635,0.0526157353799,0.0524464948492,0.0517337531066,0.0521502964807,0.0513859889026,0.0477525760465,0.0463516359373,0.0459336228292,0.0463281789176,0.0456915881605,0.0455413471767,0.0444269775359
