
             precision    recall  f1-score   support

          0     0.8775    0.9899    0.9303     42985
          1     0.6170    0.6103    0.6136      1586
          2     0.6293    0.3748    0.4698      2591
          3     0.8194    0.3593    0.4995      1503
          4     0.9850    0.2412    0.3875      4075
          5     0.9713    0.9773    0.9743       969
          6     0.0000    0.0000    0.0000       472
          7     0.9971    0.9246    0.9595       743

avg / total     0.8604    0.8675    0.8405     54924


             precision    recall  f1-score   support

          0     0.8956    0.9928    0.9417     42985
          1     0.6330    0.5643    0.5967      1586
          2     0.7890    0.4025    0.5331      2591
          3     0.8776    0.3912    0.5412      1503
          4     0.9165    0.4903    0.6388      4075
          5     0.9676    0.9876    0.9775       969
          6     0.0000    0.0000    0.0000       472
          7     1.0000    0.9394    0.9688       743

avg / total     0.8790    0.8895    0.8719     54924


             precision    recall  f1-score   support

          0     0.8942    0.9943    0.9416     42985
          1     0.6411    0.5902    0.6146      1586
          2     0.7752    0.4191    0.5441      2591
          3     0.8351    0.4145    0.5540      1503
          4     0.9909    0.4253    0.5951      4075
          5     0.9667    0.9876    0.9770       969
          6     1.0000    0.1780    0.3022       472
          7     1.0000    0.9367    0.9673       743

avg / total     0.8905    0.8895    0.8726     54924


             precision    recall  f1-score   support

          0     0.9093    0.9914    0.9486     42985
          1     0.6420    0.6015    0.6211      1586
          2     0.7863    0.4303    0.5562      2591
          3     0.9516    0.3659    0.5286      1503
          4     0.9073    0.6054    0.7262      4075
          5     0.9725    0.9866    0.9795       969
          6     1.0000    0.3708    0.5410       472
          7     1.0000    0.9421    0.9702       743

avg / total     0.8999    0.9018    0.8900     54924


             precision    recall  f1-score   support

          0     0.9119    0.9863    0.9477     42985
          1     0.6564    0.5492    0.5980      1586
          2     0.7731    0.4485    0.5677      2591
          3     0.9397    0.3626    0.5233      1503
          4     0.8005    0.6174    0.6971      4075
          5     0.9715    0.9835    0.9774       969
          6     1.0000    0.4110    0.5826       472
          7     0.9943    0.9435    0.9682       743

avg / total     0.8934    0.8983    0.8871     54924


             precision    recall  f1-score   support

          0     0.9165    0.9938    0.9536     42985
          1     0.6615    0.5939    0.6259      1586
          2     0.7682    0.4770    0.5886      2591
          3     0.9181    0.4251    0.5812      1503
          4     0.9729    0.6437    0.7748      4075
          5     0.9724    0.9835    0.9779       969
          6     1.0000    0.4280    0.5994       472
          7     0.9929    0.9475    0.9697       743

avg / total     0.9091    0.9107    0.9011     54924


             precision    recall  f1-score   support

          0     0.9175    0.9936    0.9540     42985
          1     0.6506    0.6059    0.6275      1586
          2     0.8027    0.4411    0.5694      2591
          3     0.9431    0.4298    0.5905      1503
          4     0.9453    0.6707    0.7847      4075
          5     0.9712    0.9742    0.9727       969
          6     0.9857    0.4386    0.6070       472
          7     0.9818    0.9462    0.9637       743

avg / total     0.9096    0.9112    0.9014     54924


             precision    recall  f1-score   support

          0     0.9231    0.9882    0.9546     42985
          1     0.6445    0.6482    0.6463      1586
          2     0.7995    0.4601    0.5840      2591
          3     0.8596    0.4604    0.5997      1503
          4     0.9165    0.7006    0.7942      4075
          5     0.9704    0.9825    0.9764       969
          6     0.9812    0.4428    0.6102       472
          7     0.9929    0.9435    0.9676       743

avg / total     0.9093    0.9123    0.9042     54924


             precision    recall  f1-score   support

          0     0.9224    0.9909    0.9554     42985
          1     0.7258    0.4206    0.5325      1586
          2     0.6804    0.5975    0.6363      2591
          3     0.9063    0.4571    0.6077      1503
          4     0.9543    0.6817    0.7953      4075
          5     0.9725    0.9856    0.9790       969
          6     1.0000    0.4174    0.5889       472
          7     0.9972    0.9475    0.9717       743

avg / total     0.9098    0.9127    0.9042     54924


             precision    recall  f1-score   support

          0     0.9229    0.9928    0.9566     42985
          1     0.7090    0.5240    0.6026      1586
          2     0.7691    0.5322    0.6291      2591
          3     0.8767    0.4637    0.6066      1503
          4     0.9485    0.7011    0.8063      4075
          5     0.9713    0.9783    0.9748       969
          6     0.9912    0.4788    0.6457       472
          7     0.9873    0.9448    0.9656       743

avg / total     0.9125    0.9161    0.9080     54924


             precision    recall  f1-score   support

          0     0.9263    0.9924    0.9582     42985
          1     0.6906    0.6248    0.6561      1586
          2     0.7862    0.5465    0.6448      2591
          3     0.8709    0.4890    0.6263      1503
          4     0.9785    0.6910    0.8100      4075
          5     0.9724    0.9825    0.9774       969
          6     0.9563    0.4640    0.6248       472
          7     0.9943    0.9462    0.9697       743

avg / total     0.9172    0.9193    0.9123     54924


             precision    recall  f1-score   support

          0     0.9300    0.9856    0.9570     42985
          1     0.7206    0.5334    0.6130      1586
          2     0.7234    0.6187    0.6669      2591
          3     0.8983    0.4817    0.6271      1503
          4     0.9009    0.7139    0.7965      4075
          5     0.9686    0.9856    0.9770       969
          6     0.9686    0.5233    0.6795       472
          7     0.9971    0.9408    0.9681       743

avg / total     0.9131    0.9167    0.9106     54924


             precision    recall  f1-score   support

          0     0.9329    0.9792    0.9555     42985
          1     0.7239    0.5820    0.6452      1586
          2     0.8002    0.5658    0.6629      2591
          3     0.5759    0.5023    0.5366      1503
          4     0.8661    0.7379    0.7969      4075
          5     0.9733    0.9794    0.9763       969
          6     0.9831    0.4915    0.6554       472
          7     0.9929    0.9435    0.9676       743

avg / total     0.9079    0.9126    0.9075     54924


             precision    recall  f1-score   support

          0     0.9263    0.9935    0.9587     42985
          1     0.7207    0.6135    0.6628      1586
          2     0.8126    0.5608    0.6636      2591
          3     0.9435    0.4664    0.6242      1503
          4     0.9582    0.7085    0.8146      4075
          5     0.9685    0.9835    0.9759       969
          6     0.9792    0.4979    0.6601       472
          7     0.9929    0.9367    0.9640       743

avg / total     0.9199    0.9213    0.9142     54924


             precision    recall  f1-score   support

          0     0.9293    0.9890    0.9582     42985
          1     0.7370    0.5921    0.6566      1586
          2     0.7954    0.5882    0.6763      2591
          3     0.9106    0.4950    0.6414      1503
          4     0.9087    0.7281    0.8084      4075
          5     0.9724    0.9804    0.9764       969
          6     0.9955    0.4725    0.6408       472
          7     0.9929    0.9421    0.9669       743

avg / total     0.9176    0.9205    0.9141     54924


             precision    recall  f1-score   support

          0     0.9311    0.9901    0.9597     42985
          1     0.7097    0.6488    0.6779      1586
          2     0.7940    0.6113    0.6908      2591
          3     0.8827    0.5057    0.6430      1503
          4     0.9631    0.7040    0.8134      4075
          5     0.9667    0.9876    0.9770       969
          6     0.9918    0.5106    0.6741       472
          7     1.0000    0.9394    0.9688       743

avg / total     0.9214    0.9230    0.9173     54924


             precision    recall  f1-score   support

          0     0.9317    0.9896    0.9598     42985
          1     0.7494    0.6072    0.6708      1586
          2     0.7993    0.6225    0.6999      2591
          3     0.9414    0.4917    0.6460      1503
          4     0.9212    0.7283    0.8135      4075
          5     0.9695    0.9845    0.9770       969
          6     0.9148    0.5233    0.6658       472
          7     0.9957    0.9448    0.9696       743

avg / total     0.9211    0.9235    0.9177     54924


             precision    recall  f1-score   support

          0     0.9337    0.9908    0.9614     42985
          1     0.7819    0.5990    0.6783      1586
          2     0.7847    0.6708    0.7233      2591
          3     0.9214    0.5070    0.6541      1503
          4     0.9559    0.7283    0.8267      4075
          5     0.9704    0.9825    0.9764       969
          6     0.9696    0.5403    0.6939       472
          7     0.9943    0.9421    0.9675       743

avg / total     0.9253    0.9270    0.9216     54924


             precision    recall  f1-score   support

          0     0.9370    0.9899    0.9627     42985
          1     0.7777    0.6242    0.6925      1586
          2     0.8102    0.6638    0.7297      2591
          3     0.9364    0.5289    0.6760      1503
          4     0.9303    0.7598    0.8364      4075
          5     0.9715    0.9856    0.9785       969
          6     0.9843    0.5318    0.6905       472
          7     0.9986    0.9448    0.9710       743

avg / total     0.9278    0.9296    0.9248     54924


             precision    recall  f1-score   support

          0     0.9395    0.9876    0.9630     42985
          1     0.7918    0.5826    0.6713      1586
          2     0.7738    0.7167    0.7441      2591
          3     0.9223    0.5449    0.6851      1503
          4     0.9244    0.7563    0.8320      4075
          5     0.9685    0.9845    0.9765       969
          6     0.9697    0.5424    0.6957       472
          7     0.9971    0.9408    0.9681       743

avg / total     0.9274    0.9294    0.9249     54924


             precision    recall  f1-score   support

          0     0.9410    0.9835    0.9618     42985
          1     0.7462    0.6154    0.6745      1586
          2     0.7534    0.7040    0.7279      2591
          3     0.8337    0.5802    0.6842      1503
          4     0.9365    0.7524    0.8344      4075
          5     0.9736    0.9876    0.9805       969
          6     0.9579    0.5297    0.6821       472
          7     0.9986    0.9448    0.9710       743

avg / total     0.9247    0.9272    0.9235     54924


             precision    recall  f1-score   support

          0     0.9397    0.9893    0.9639     42985
          1     0.7743    0.6034    0.6782      1586
          2     0.7904    0.6897    0.7366      2591
          3     0.8979    0.5615    0.6910      1503
          4     0.9395    0.7541    0.8366      4075
          5     0.9706    0.9876    0.9790       969
          6     0.9531    0.5593    0.7049       472
          7     0.9986    0.9421    0.9695       743

avg / total     0.9282    0.9305    0.9261     54924


             precision    recall  f1-score   support

          0     0.9414    0.9913    0.9657     42985
          1     0.7869    0.6217    0.6946      1586
          2     0.8090    0.7113    0.7570      2591
          3     0.9211    0.5822    0.7134      1503
          4     0.9561    0.7598    0.8467      4075
          5     0.9735    0.9845    0.9790       969
          6     0.9545    0.5339    0.6848       472
          7     0.9972    0.9421    0.9689       743

avg / total     0.9327    0.9343    0.9302     54924


             precision    recall  f1-score   support

          0     0.9447    0.9881    0.9659     42985
          1     0.7511    0.6753    0.7112      1586
          2     0.7960    0.7047    0.7476      2591
          3     0.8517    0.6228    0.7194      1503
          4     0.9659    0.7497    0.8442      4075
          5     0.9714    0.9825    0.9769       969
          6     0.9210    0.5678    0.7025       472
          7     0.9874    0.9475    0.9670       743

avg / total     0.9320    0.9338    0.9304     54924


             precision    recall  f1-score   support

          0     0.9475    0.9863    0.9665     42985
          1     0.7515    0.7112    0.7308      1586
          2     0.8547    0.6835    0.7596      2591
          3     0.8571    0.6507    0.7398      1503
          4     0.9193    0.7885    0.8489      4075
          5     0.9686    0.9876    0.9780       969
          6     0.9504    0.5678    0.7109       472
          7     1.0000    0.9421    0.9702       743

avg / total     0.9340    0.9360    0.9331     54924


             precision    recall  f1-score   support

          0     0.9459    0.9889    0.9669     42985
          1     0.7912    0.6381    0.7065      1586
          2     0.8183    0.7333    0.7735      2591
          3     0.8448    0.6447    0.7313      1503
          4     0.9552    0.7698    0.8526      4075
          5     0.9745    0.9845    0.9795       969
          6     0.9740    0.5551    0.7072       472
          7     0.9958    0.9462    0.9703       743

avg / total     0.9348    0.9366    0.9334     54924


             precision    recall  f1-score   support

          0     0.9445    0.9883    0.9659     42985
          1     0.7717    0.6545    0.7083      1586
          2     0.7976    0.7298    0.7622      2591
          3     0.8908    0.5808    0.7032      1503
          4     0.9526    0.7602    0.8456      4075
          5     0.9745    0.9845    0.9795       969
          6     0.8667    0.5784    0.6938       472
          7     1.0000    0.9462    0.9723       743

avg / total     0.9323    0.9343    0.9308     54924


             precision    recall  f1-score   support

          0     0.9453    0.9899    0.9671     42985
          1     0.8263    0.6419    0.7225      1586
          2     0.7960    0.7742    0.7850      2591
          3     0.9329    0.5828    0.7174      1503
          4     0.9588    0.7654    0.8513      4075
          5     0.9735    0.9845    0.9790       969
          6     0.9366    0.5636    0.7037       472
          7     0.9972    0.9448    0.9703       743

avg / total     0.9366    0.9375    0.9340     54924


             precision    recall  f1-score   support

          0     0.9434    0.9920    0.9671     42985
          1     0.7761    0.6929    0.7322      1586
          2     0.8536    0.6862    0.7608      2591
          3     0.9313    0.5948    0.7259      1503
          4     0.9568    0.7772    0.8577      4075
          5     0.9735    0.9845    0.9790       969
          6     0.9596    0.5530    0.7016       472
          7     0.9957    0.9448    0.9696       743

avg / total     0.9364    0.9376    0.9338     54924


             precision    recall  f1-score   support

          0     0.9425    0.9910    0.9661     42985
          1     0.8294    0.6160    0.7069      1586
          2     0.8085    0.7430    0.7743      2591
          3     0.9385    0.5582    0.7000      1503
          4     0.9503    0.7696    0.8504      4075
          5     0.9744    0.9825    0.9784       969
          6     0.9613    0.5784    0.7222       472
          7     0.9930    0.9515    0.9718       743

avg / total     0.9348    0.9359    0.9319     54924


             precision    recall  f1-score   support

          0     0.9451    0.9909    0.9675     42985
          1     0.7825    0.6942    0.7357      1586
          2     0.8611    0.7202    0.7844      2591
          3     0.9568    0.5449    0.6944      1503
          4     0.9324    0.7887    0.8546      4075
          5     0.9745    0.9845    0.9795       969
          6     0.9784    0.5763    0.7253       472
          7     0.9847    0.9542    0.9692       743

avg / total     0.9371    0.9382    0.9344     54924


             precision    recall  f1-score   support

          0     0.9526    0.9868    0.9694     42985
          1     0.7901    0.6955    0.7398      1586
          2     0.8491    0.7468    0.7947      2591
          3     0.8431    0.6580    0.7392      1503
          4     0.9171    0.7978    0.8533      4075
          5     0.9754    0.9814    0.9784       969
          6     0.8906    0.6038    0.7197       472
          7     0.9916    0.9489    0.9697       743

avg / total     0.9378    0.9401    0.9376     54924


             precision    recall  f1-score   support

          0     0.9469    0.9895    0.9677     42985
          1     0.7831    0.6967    0.7374      1586
          2     0.8629    0.7071    0.7773      2591
          3     0.9062    0.6234    0.7387      1503
          4     0.9323    0.7939    0.8575      4075
          5     0.9754    0.9804    0.9779       969
          6     0.9481    0.5805    0.7201       472
          7     0.9943    0.9462    0.9697       743

avg / total     0.9372    0.9389    0.9357     54924


             precision    recall  f1-score   support

          0     0.9532    0.9883    0.9704     42985
          1     0.8044    0.6898    0.7427      1586
          2     0.8430    0.7769    0.8086      2591
          3     0.8674    0.6833    0.7644      1503
          4     0.9405    0.7958    0.8622      4075
          5     0.9744    0.9825    0.9784       969
          6     0.9414    0.5784    0.7165       472
          7     0.9930    0.9489    0.9704       743

avg / total     0.9412    0.9429    0.9405     54924


             precision    recall  f1-score   support

          0     0.9542    0.9868    0.9702     42985
          1     0.8129    0.7175    0.7622      1586
          2     0.8439    0.7885    0.8152      2591
          3     0.8653    0.6840    0.7640      1503
          4     0.9426    0.7934    0.8616      4075
          5     0.9734    0.9814    0.9774       969
          6     0.8618    0.6208    0.7217       472
          7     0.9902    0.9489    0.9691       743

avg / total     0.9416    0.9433    0.9412     54924


             precision    recall  f1-score   support

          0     0.9525    0.9864    0.9692     42985
          1     0.7996    0.6967    0.7446      1586
          2     0.8271    0.7642    0.7944      2591
          3     0.8811    0.6361    0.7388      1503
          4     0.9247    0.8042    0.8602      4075
          5     0.9774    0.9804    0.9789       969
          6     0.9164    0.6038    0.7280       472
          7     0.9847    0.9542    0.9692       743

avg / total     0.9387    0.9406    0.9382     54924


             precision    recall  f1-score   support

          0     0.9554    0.9821    0.9686     42985
          1     0.8295    0.6810    0.7479      1586
          2     0.8601    0.7665    0.8106      2591
          3     0.9018    0.6354    0.7455      1503
          4     0.8333    0.8339    0.8336      4075
          5     0.9773    0.9794    0.9784       969
          6     0.9433    0.5996    0.7332       472
          7     0.9861    0.9556    0.9706       743

avg / total     0.9375    0.9390    0.9368     54924


             precision    recall  f1-score   support

          0     0.9530    0.9845    0.9685     42985
          1     0.7829    0.7163    0.7481      1586
          2     0.8526    0.7569    0.8019      2591
          3     0.7518    0.7112    0.7309      1503
          4     0.9545    0.7882    0.8634      4075
          5     0.9774    0.9835    0.9805       969
          6     0.9485    0.5847    0.7235       472
          7     0.9916    0.9515    0.9712       743

avg / total     0.9389    0.9401    0.9381     54924


             precision    recall  f1-score   support

          0     0.9560    0.9914    0.9734     42985
          1     0.8241    0.7327    0.7757      1586
          2     0.8729    0.7981    0.8339      2591
          3     0.9090    0.6780    0.7767      1503
          4     0.9594    0.8113    0.8791      4075
          5     0.9765    0.9856    0.9810       969
          6     0.9547    0.6250    0.7554       472
          7     0.9944    0.9515    0.9725       743

avg / total     0.9481    0.9491    0.9470     54924


             precision    recall  f1-score   support

          0     0.9568    0.9903    0.9732     42985
          1     0.8414    0.7257    0.7793      1586
          2     0.8721    0.7997    0.8343      2591
          3     0.9112    0.6900    0.7853      1503
          4     0.9425    0.8245    0.8796      4075
          5     0.9775    0.9856    0.9815       969
          6     0.9637    0.6186    0.7535       472
          7     0.9972    0.9515    0.9738       743

avg / total     0.9481    0.9493    0.9473     54924


             precision    recall  f1-score   support

          0     0.9579    0.9902    0.9738     42985
          1     0.8228    0.7409    0.7797      1586
          2     0.8798    0.7970    0.8364      2591
          3     0.8965    0.7033    0.7882      1503
          4     0.9493    0.8223    0.8813      4075
          5     0.9745    0.9856    0.9800       969
          6     0.9404    0.6356    0.7585       472
          7     0.9958    0.9502    0.9725       743

avg / total     0.9487    0.9499    0.9480     54924


             precision    recall  f1-score   support

          0     0.9577    0.9907    0.9739     42985
          1     0.8350    0.7276    0.7776      1586
          2     0.8706    0.8124    0.8405      2591
          3     0.9027    0.7099    0.7948      1503
          4     0.9522    0.8160    0.8788      4075
          5     0.9755    0.9845    0.9800       969
          6     0.9730    0.6102    0.7500       472
          7     0.9958    0.9502    0.9725       743

avg / total     0.9491    0.9501    0.9481     54924


             precision    recall  f1-score   support

          0     0.9571    0.9912    0.9738     42985
          1     0.8464    0.7264    0.7818      1586
          2     0.8703    0.8182    0.8434      2591
          3     0.9076    0.6993    0.7899      1503
          4     0.9580    0.8120    0.8790      4075
          5     0.9785    0.9845    0.9815       969
          6     0.9389    0.6186    0.7458       472
          7     0.9944    0.9556    0.9746       743

avg / total     0.9492    0.9503    0.9483     54924


             precision    recall  f1-score   support

          0     0.9571    0.9911    0.9738     42985
          1     0.8299    0.7352    0.7797      1586
          2     0.8771    0.8039    0.8389      2591
          3     0.9036    0.6986    0.7880      1503
          4     0.9571    0.8160    0.8809      4075
          5     0.9785    0.9845    0.9815       969
          6     0.9516    0.6250    0.7545       472
          7     0.9958    0.9542    0.9746       743

avg / total     0.9491    0.9501    0.9481     54924


             precision    recall  f1-score   support

          0     0.9591    0.9899    0.9742     42985
          1     0.8177    0.7497    0.7822      1586
          2     0.8697    0.8063    0.8368      2591
          3     0.9130    0.7053    0.7958      1503
          4     0.9498    0.8226    0.8816      4075
          5     0.9785    0.9856    0.9820       969
          6     0.9288    0.6356    0.7547       472
          7     0.9944    0.9556    0.9746       743

avg / total     0.9494    0.9505    0.9487     54924


             precision    recall  f1-score   support

          0     0.9599    0.9901    0.9747     42985
          1     0.8293    0.7503    0.7878      1586
          2     0.8760    0.8178    0.8459      2591
          3     0.8937    0.7212    0.7982      1503
          4     0.9543    0.8245    0.8847      4075
          5     0.9764    0.9835    0.9799       969
          6     0.9519    0.6292    0.7577       472
          7     0.9958    0.9515    0.9732       743

avg / total     0.9506    0.9516    0.9499     54924


             precision    recall  f1-score   support

          0     0.9576    0.9914    0.9742     42985
          1     0.8344    0.7465    0.7880      1586
          2     0.8850    0.8020    0.8415      2591
          3     0.9167    0.6959    0.7912      1503
          4     0.9516    0.8204    0.8811      4075
          5     0.9774    0.9825    0.9799       969
          6     0.9421    0.6208    0.7484       472
          7     0.9944    0.9542    0.9739       743

avg / total     0.9497    0.9508    0.9488     54924


             precision    recall  f1-score   support

          0     0.9577    0.9912    0.9742     42985
          1     0.8519    0.7364    0.7900      1586
          2     0.8731    0.8228    0.8472      2591
          3     0.9197    0.6933    0.7906      1503
          4     0.9567    0.8196    0.8829      4075
          5     0.9775    0.9856    0.9815       969
          6     0.9391    0.6208    0.7474       472
          7     0.9972    0.9529    0.9745       743

avg / total     0.9503    0.9512    0.9493     54924


             precision    recall  f1-score   support

          0     0.9588    0.9916    0.9749     42985
          1     0.8367    0.7497    0.7908      1586
          2     0.8771    0.8209    0.8481      2591
          3     0.9207    0.7026    0.7970      1503
          4     0.9603    0.8191    0.8841      4075
          5     0.9765    0.9856    0.9810       969
          6     0.9545    0.6229    0.7538       472
          7     0.9958    0.9542    0.9746       743

avg / total     0.9512    0.9521    0.9502     54924


             precision    recall  f1-score   support

          0     0.9596    0.9910    0.9751     42985
          1     0.8658    0.7037    0.7763      1586
          2     0.8604    0.8421    0.8512      2591
          3     0.8953    0.7279    0.8029      1503
          4     0.9608    0.8243    0.8873      4075
          5     0.9775    0.9845    0.9810       969
          6     0.9669    0.6186    0.7545       472
          7     0.9944    0.9529    0.9732       743

avg / total     0.9514    0.9523    0.9504     54924

val_loss:0.427013912145,0.370717221755,0.361668946345,0.333009235621,0.326187986421,0.29757739653,0.293300843728,0.290315305849,0.281480165058,0.275203905926,0.266277749048,0.263744916312,0.261006970127,0.247939764099,0.247648137224,0.239329347486,0.237419757005,0.22859227488,0.220443742437,0.221371851398,0.226620288295,0.214582169339,0.208962222111,0.207407378092,0.203498752143,0.199949555452,0.204323464794,0.202121986265,0.199068505056,0.203258434504,0.20206367167,0.190741810429,0.194932441554,0.184445936688,0.1855046624,0.188245249174,0.189014212938,0.194791988134,0.16806994557,0.168517091616,0.16718161738,0.16587813194,0.165811519546,0.165003710117,0.163317583555,0.162112249632,0.16451006948,0.162857775352,0.162544971297,0.162534423988
val_acc:0.867471415376,0.889501856682,0.889538270966,0.90184618992,0.898295829565,0.910658366651,0.911186368934,0.912315198668,0.912697548608,0.916065837323,0.919270267973,0.916721286695,0.912606514696,0.92132765461,0.920526546593,0.923020900194,0.923530697744,0.926971816134,0.929630035171,0.929356929332,0.927172090488,0.930503969985,0.934291021608,0.933763016734,0.936020683299,0.936639719,0.934272813138,0.937513654321,0.937604692205,0.935947855136,0.9382055226,0.940117251685,0.93891559272,0.942884712233,0.943303472263,0.940645253695,0.939043040942,0.94009904496,0.949111501411,0.949311776429,0.949876193607,0.950094677539,0.950276746066,0.95013109026,0.950495228253,0.951642267981,0.950786541194,0.9512235095,0.952079236078,0.952279513987
acc:0.836468901583,0.880917124556,0.89006287537,0.897029909369,0.904130457833,0.908081275211,0.911212799537,0.913015247312,0.914860174521,0.917773219763,0.919873041413,0.921402391293,0.923429383088,0.924813081447,0.926712628027,0.928235907968,0.929480022581,0.93177404494,0.933072775821,0.934237996279,0.935712724144,0.93701145894,0.938577218357,0.939718162318,0.940440356396,0.94116254935,0.942461280778,0.942594794936,0.94400276772,0.944937369474,0.944737096328,0.946254308892,0.946387823417,0.947729036797,0.948505850503,0.949058115369,0.949701412309,0.949416176627,0.957269263142,0.959381219348,0.959593625985,0.959672522842,0.960467541531,0.960455404831,0.961013739547,0.961487107852,0.961523520783,0.960965188173,0.961699518494,0.96199689098
loss:0.552521830354,0.390519276222,0.360202001917,0.337176366385,0.317064288356,0.302606942545,0.290621360909,0.281914352937,0.27587824091,0.263737621469,0.255169220672,0.248492038953,0.239219186999,0.233387225988,0.225996107972,0.22147018317,0.216192341689,0.208988468275,0.203975378274,0.199090226305,0.195023854495,0.19050046329,0.186299643636,0.183322694074,0.179461317791,0.175912637394,0.173662392544,0.170854916716,0.168109452509,0.164816135379,0.165007626207,0.15944526569,0.160473762549,0.156455911297,0.155136452694,0.15128321118,0.150806110458,0.150263310168,0.126937560357,0.122530021661,0.120624252316,0.119843254753,0.11806751695,0.117841612432,0.116402074178,0.115038152999,0.114541058619,0.11495356825,0.113359381479,0.112486921398
lr:0.00423437,0.00423437,0.00423437,0.00423437,0.00423437,0.00423437,0.00423437,0.00423437,0.00423437,0.00423437,0.00423437,0.00423437,0.00423437,0.00423437,0.00423437,0.00423437,0.00423437,0.00423437,0.00423437,0.00423437,0.00423437,0.00423437,0.00423437,0.00423437,0.00423437,0.00423437,0.00423437,0.00423437,0.00423437,0.00423437,0.00423437,0.00423437,0.00423437,0.00423437,0.00423437,0.00423437,0.00423437,0.00423437,0.001,0.001,0.001,0.001,0.001,0.001,0.001,0.001,0.001,0.001,0.001,0.001
