
             precision    recall  f1-score   support

          0     0.8900    0.9870    0.9360     42985
          1     0.6218    0.6116    0.6167      1586
          2     0.7814    0.3724    0.5044      2591
          3     0.7861    0.3985    0.5289      1503
          4     0.8423    0.4169    0.5578      4075
          5     0.9556    0.9783    0.9669       969
          6     0.0000    0.0000    0.0000       472
          7     0.9870    0.9166    0.9505       743

avg / total     0.8656    0.8792    0.8599     54924


             precision    recall  f1-score   support

          0     0.8972    0.9873    0.9401     42985
          1     0.6475    0.5826    0.6133      1586
          2     0.7805    0.4118    0.5392      2591
          3     0.9291    0.3313    0.4885      1503
          4     0.7750    0.4775    0.5910      4075
          5     0.9724    0.9835    0.9779       969
          6     1.0000    0.2352    0.3808       472
          7     1.0000    0.9314    0.9645       743

avg / total     0.8799    0.8854    0.8697     54924


             precision    recall  f1-score   support

          0     0.9037    0.9845    0.9424     42985
          1     0.6285    0.6059    0.6170      1586
          2     0.8005    0.3547    0.4916      2591
          3     0.9381    0.3127    0.4691      1503
          4     0.7981    0.6081    0.6903      4075
          5     0.9735    0.9845    0.9790       969
          6     1.0000    0.3030    0.4650       472
          7     0.9986    0.9327    0.9645       743

avg / total     0.8874    0.8910    0.8769     54924


             precision    recall  f1-score   support

          0     0.9037    0.9887    0.9443     42985
          1     0.7111    0.3802    0.4955      1586
          2     0.6000    0.5477    0.5726      2591
          3     0.9088    0.4245    0.5787      1503
          4     0.9410    0.4849    0.6400      4075
          5     0.9695    0.9856    0.9775       969
          6     1.0000    0.4258    0.5973       472
          7     0.9986    0.9367    0.9667       743

avg / total     0.8900    0.8919    0.8791     54924


             precision    recall  f1-score   support

          0     0.9008    0.9945    0.9453     42985
          1     0.6738    0.5353    0.5966      1586
          2     0.7570    0.4593    0.5717      2591
          3     0.9311    0.4138    0.5730      1503
          4     0.9439    0.4834    0.6394      4075
          5     0.9724    0.9804    0.9764       969
          6     0.9801    0.4174    0.5854       472
          7     0.9957    0.9448    0.9696       743

avg / total     0.8947    0.8963    0.8825     54924


             precision    recall  f1-score   support

          0     0.9182    0.9818    0.9489     42985
          1     0.6914    0.5113    0.5879      1586
          2     0.7444    0.5172    0.6103      2591
          3     0.9148    0.4285    0.5836      1503
          4     0.8037    0.6682    0.7297      4075
          5     0.9665    0.9835    0.9749       969
          6     1.0000    0.4449    0.6158       472
          7     0.9986    0.9394    0.9681       743

avg / total     0.8975    0.9027    0.8941     54924


             precision    recall  f1-score   support

          0     0.9189    0.9873    0.9519     42985
          1     0.6467    0.5977    0.6212      1586
          2     0.7989    0.4446    0.5713      2591
          3     0.8743    0.4212    0.5685      1503
          4     0.8939    0.6802    0.7726      4075
          5     0.9724    0.9825    0.9774       969
          6     0.9913    0.4852    0.6515       472
          7     0.8865    0.9462    0.9154       743

avg / total     0.9034    0.9072    0.8979     54924


             precision    recall  f1-score   support

          0     0.9148    0.9958    0.9536     42985
          1     0.7328    0.4496    0.5572      1586
          2     0.7250    0.5616    0.6329      2591
          3     0.9275    0.4424    0.5991      1503
          4     0.9859    0.6162    0.7584      4075
          5     0.9705    0.9835    0.9769       969
          6     1.0000    0.4407    0.6118       472
          7     0.9957    0.9408    0.9675       743

avg / total     0.9090    0.9105    0.9005     54924


             precision    recall  f1-score   support

          0     0.9207    0.9932    0.9556     42985
          1     0.6399    0.4729    0.5439      1586
          2     0.7192    0.5596    0.6295      2591
          3     0.9354    0.4524    0.6099      1503
          4     0.9759    0.6466    0.7779      4075
          5     0.9724    0.9835    0.9779       969
          6     0.9802    0.5233    0.6823       472
          7     0.9943    0.9462    0.9697       743

avg / total     0.9100    0.9124    0.9039     54924


             precision    recall  f1-score   support

          0     0.9206    0.9936    0.9557     42985
          1     0.6857    0.5996    0.6398      1586
          2     0.8213    0.4932    0.6163      2591
          3     0.9248    0.4744    0.6271      1503
          4     0.9374    0.6613    0.7755      4075
          5     0.9733    0.9783    0.9758       969
          6     0.9656    0.5360    0.6894       472
          7     0.9873    0.9421    0.9642       743

avg / total     0.9127    0.9148    0.9064     54924


             precision    recall  f1-score   support

          0     0.9197    0.9943    0.9555     42985
          1     0.6961    0.5271    0.5999      1586
          2     0.7699    0.5345    0.6310      2591
          3     0.8979    0.4624    0.6105      1503
          4     0.9654    0.6510    0.7777      4075
          5     0.9734    0.9825    0.9779       969
          6     0.9637    0.5064    0.6639       472
          7     0.9957    0.9435    0.9689       743

avg / total     0.9113    0.9140    0.9054     54924


             precision    recall  f1-score   support

          0     0.9256    0.9917    0.9575     42985
          1     0.7257    0.5404    0.6194      1586
          2     0.7678    0.5589    0.6469      2591
          3     0.9234    0.4331    0.5897      1503
          4     0.9289    0.7148    0.8079      4075
          5     0.9722    0.9742    0.9732       969
          6     0.9537    0.5678    0.7118       472
          7     0.9859    0.9408    0.9628       743

avg / total     0.9144    0.9178    0.9102     54924


             precision    recall  f1-score   support

          0     0.9212    0.9947    0.9566     42985
          1     0.7105    0.5820    0.6399      1586
          2     0.8007    0.5318    0.6391      2591
          3     0.9159    0.4857    0.6348      1503
          4     0.9748    0.6552    0.7837      4075
          5     0.9715    0.9856    0.9785       969
          6     0.9625    0.5445    0.6955       472
          7     0.9972    0.9462    0.9710       743

avg / total     0.9156    0.9171    0.9091     54924


             precision    recall  f1-score   support

          0     0.9271    0.9925    0.9587     42985
          1     0.7226    0.5536    0.6269      1586
          2     0.7720    0.5971    0.6733      2591
          3     0.8817    0.4957    0.6346      1503
          4     0.9714    0.6837    0.8025      4075
          5     0.9716    0.9876    0.9795       969
          6     0.8966    0.5508    0.6824       472
          7     1.0000    0.9448    0.9716       743

avg / total     0.9174    0.9201    0.9133     54924


             precision    recall  f1-score   support

          0     0.9275    0.9933    0.9592     42985
          1     0.7196    0.6375    0.6760      1586
          2     0.7987    0.5728    0.6671      2591
          3     0.9505    0.4731    0.6317      1503
          4     0.9807    0.6991    0.8163      4075
          5     0.9744    0.9835    0.9789       969
          6     0.9336    0.5657    0.7045       472
          7     0.9944    0.9502    0.9718       743

avg / total     0.9218    0.9227    0.9160     54924


             precision    recall  f1-score   support

          0     0.9340    0.9886    0.9605     42985
          1     0.7391    0.6179    0.6731      1586
          2     0.7400    0.6052    0.6658      2591
          3     0.9022    0.5276    0.6658      1503
          4     0.9452    0.7286    0.8229      4075
          5     0.9716    0.9876    0.9795       969
          6     0.9745    0.5678    0.7175       472
          7     0.9986    0.9408    0.9688       743

avg / total     0.9211    0.9236    0.9184     54924


             precision    recall  f1-score   support

          0     0.9288    0.9896    0.9582     42985
          1     0.7752    0.5328    0.6315      1586
          2     0.6759    0.6689    0.6724      2591
          3     0.9489    0.4079    0.5705      1503
          4     0.9764    0.6893    0.8081      4075
          5     0.9735    0.9866    0.9800       969
          6     0.9846    0.5424    0.6995       472
          7     0.9986    0.9475    0.9724       743

avg / total     0.9187    0.9186    0.9119     54924


             precision    recall  f1-score   support

          0     0.9290    0.9930    0.9599     42985
          1     0.7967    0.5189    0.6285      1586
          2     0.7605    0.6631    0.7085      2591
          3     0.9069    0.4797    0.6275      1503
          4     0.9680    0.6984    0.8114      4075
          5     0.9725    0.9845    0.9785       969
          6     0.9963    0.5657    0.7216       472
          7     0.9957    0.9448    0.9696       743

avg / total     0.9218    0.9233    0.9168     54924


             precision    recall  f1-score   support

          0     0.9303    0.9914    0.9599     42985
          1     0.7286    0.6652    0.6955      1586
          2     0.8066    0.6214    0.7020      2591
          3     0.8802    0.5183    0.6524      1503
          4     0.9778    0.6805    0.8025      4075
          5     0.9695    0.9856    0.9775       969
          6     0.9811    0.5508    0.7056       472
          7     0.9971    0.9408    0.9681       743

avg / total     0.9228    0.9239    0.9182     54924


             precision    recall  f1-score   support

          0     0.9406    0.9856    0.9626     42985
          1     0.7321    0.6564    0.6922      1586
          2     0.8102    0.6457    0.7186      2591
          3     0.8753    0.5462    0.6727      1503
          4     0.9007    0.7706    0.8306      4075
          5     0.9645    0.9825    0.9734       969
          6     0.9746    0.5699    0.7193       472
          7     0.9901    0.9421    0.9655       743

avg / total     0.9250    0.9279    0.9237     54924


             precision    recall  f1-score   support

          0     0.9384    0.9889    0.9630     42985
          1     0.7441    0.6507    0.6942      1586
          2     0.8143    0.6380    0.7154      2591
          3     0.8672    0.5429    0.6678      1503
          4     0.9234    0.7517    0.8287      4075
          5     0.9725    0.9845    0.9785       969
          6     0.9813    0.5572    0.7108       472
          7     0.9972    0.9421    0.9689       743

avg / total     0.9256    0.9284    0.9237     54924


             precision    recall  f1-score   support

          0     0.9350    0.9888    0.9612     42985
          1     0.7295    0.6683    0.6976      1586
          2     0.7841    0.6604    0.7169      2591
          3     0.9053    0.5023    0.6461      1503
          4     0.9466    0.7050    0.8082      4075
          5     0.9754    0.9814    0.9784       969
          6     0.9466    0.5636    0.7065       472
          7     0.9958    0.9489    0.9717       743

avg / total     0.9237    0.9254    0.9203     54924


             precision    recall  f1-score   support

          0     0.9359    0.9931    0.9636     42985
          1     0.7606    0.5769    0.6561      1586
          2     0.7909    0.6611    0.7202      2591
          3     0.9110    0.5449    0.6819      1503
          4     0.9696    0.7286    0.8320      4075
          5     0.9754    0.9825    0.9789       969
          6     0.9630    0.6059    0.7438       472
          7     0.9958    0.9489    0.9717       743

avg / total     0.9275    0.9294    0.9243     54924


             precision    recall  f1-score   support

          0     0.9397    0.9892    0.9638     42985
          1     0.7392    0.6683    0.7020      1586
          2     0.8015    0.6762    0.7335      2591
          3     0.8823    0.5037    0.6413      1503
          4     0.9523    0.7548    0.8422      4075
          5     0.9694    0.9804    0.9749       969
          6     0.9891    0.5763    0.7282       472
          7     0.9887    0.9421    0.9649       743

avg / total     0.9283    0.9302    0.9257     54924


             precision    recall  f1-score   support

          0     0.9437    0.9889    0.9658     42985
          1     0.7433    0.6608    0.6996      1586
          2     0.7696    0.7221    0.7451      2591
          3     0.9192    0.5449    0.6842      1503
          4     0.9690    0.7509    0.8461      4075
          5     0.9745    0.9845    0.9795       969
          6     0.9435    0.6017    0.7348       472
          7     0.9944    0.9475    0.9704       743

avg / total     0.9321    0.9331    0.9294     54924


             precision    recall  f1-score   support

          0     0.9439    0.9860    0.9645     42985
          1     0.7955    0.5984    0.6830      1586
          2     0.7618    0.7406    0.7511      2591
          3     0.8219    0.5742    0.6761      1503
          4     0.9413    0.7598    0.8408      4075
          5     0.9743    0.9783    0.9763       969
          6     0.9644    0.5742    0.7198       472
          7     0.9833    0.9489    0.9658       743

avg / total     0.9287    0.9310    0.9273     54924


             precision    recall  f1-score   support

          0     0.9440    0.9863    0.9647     42985
          1     0.8036    0.5933    0.6826      1586
          2     0.7782    0.7503    0.7640      2591
          3     0.8283    0.5842    0.6851      1503
          4     0.9413    0.7595    0.8407      4075
          5     0.9713    0.9783    0.9748       969
          6     0.9568    0.6102    0.7451       472
          7     0.9833    0.9502    0.9665       743

avg / total     0.9298    0.9321    0.9285     54924


             precision    recall  f1-score   support

          0     0.9422    0.9893    0.9652     42985
          1     0.7877    0.6620    0.7194      1586
          2     0.8196    0.7102    0.7610      2591
          3     0.8903    0.5615    0.6887      1503
          4     0.9420    0.7607    0.8417      4075
          5     0.9734    0.9804    0.9769       969
          6     0.9684    0.5847    0.7292       472
          7     0.9902    0.9475    0.9684       743

avg / total     0.9320    0.9339    0.9300     54924


             precision    recall  f1-score   support

          0     0.9439    0.9896    0.9662     42985
          1     0.7992    0.6248    0.7013      1586
          2     0.7897    0.7318    0.7596      2591
          3     0.8794    0.5629    0.6864      1503
          4     0.9594    0.7664    0.8521      4075
          5     0.9744    0.9825    0.9784       969
          6     0.9452    0.6208    0.7494       472
          7     0.9916    0.9489    0.9697       743

avg / total     0.9330    0.9349    0.9311     54924


             precision    recall  f1-score   support

          0     0.9479    0.9828    0.9651     42985
          1     0.8055    0.6110    0.6949      1586
          2     0.7714    0.7711    0.7713      2591
          3     0.8280    0.5735    0.6777      1503
          4     0.9128    0.7887    0.8462      4075
          5     0.9744    0.9825    0.9784       969
          6     0.9175    0.6123    0.7344       472
          7     0.9958    0.9489    0.9717       743

avg / total     0.9304    0.9329    0.9298     54924


             precision    recall  f1-score   support

          0     0.9434    0.9901    0.9662     42985
          1     0.7943    0.6646    0.7237      1586
          2     0.8162    0.7302    0.7708      2591
          3     0.9040    0.5389    0.6753      1503
          4     0.9570    0.7708    0.8539      4075
          5     0.9783    0.9763    0.9773       969
          6     0.9406    0.6038    0.7355       472
          7     0.9875    0.9542    0.9706       743

avg / total     0.9342    0.9358    0.9319     54924


             precision    recall  f1-score   support

          0     0.9471    0.9871    0.9667     42985
          1     0.7794    0.6728    0.7222      1586
          2     0.8070    0.7650    0.7854      2591
          3     0.8320    0.6028    0.6991      1503
          4     0.9624    0.7541    0.8456      4075
          5     0.9734    0.9835    0.9784       969
          6     0.8815    0.6144    0.7241       472
          7     0.9915    0.9435    0.9669       743

avg / total     0.9341    0.9359    0.9329     54924


             precision    recall  f1-score   support

          0     0.9465    0.9873    0.9665     42985
          1     0.7444    0.6646    0.7022      1586
          2     0.8033    0.7298    0.7648      2591
          3     0.8845    0.5862    0.7051      1503
          4     0.9410    0.7715    0.8479      4075
          5     0.9744    0.9825    0.9784       969
          6     0.9765    0.6165    0.7558       472
          7     0.9958    0.9489    0.9717       743

avg / total     0.9333    0.9350    0.9318     54924


             precision    recall  f1-score   support

          0     0.9394    0.9920    0.9649     42985
          1     0.7799    0.6456    0.7065      1586
          2     0.8406    0.6963    0.7617      2591
          3     0.8720    0.5848    0.7001      1503
          4     0.9692    0.7342    0.8355      4075
          5     0.9765    0.9845    0.9805       969
          6     0.9588    0.5911    0.7313       472
          7     0.9944    0.9502    0.9718       743

avg / total     0.9320    0.9336    0.9294     54924


             precision    recall  f1-score   support

          0     0.9474    0.9869    0.9667     42985
          1     0.7871    0.6690    0.7232      1586
          2     0.7964    0.7549    0.7751      2591
          3     0.8585    0.6094    0.7128      1503
          4     0.9568    0.7671    0.8515      4075
          5     0.9744    0.9804    0.9774       969
          6     0.9125    0.6186    0.7374       472
          7     0.9846    0.9475    0.9657       743

avg / total     0.9346    0.9363    0.9334     54924


             precision    recall  f1-score   support

          0     0.9483    0.9841    0.9659     42985
          1     0.8037    0.6633    0.7268      1586
          2     0.8096    0.7565    0.7821      2591
          3     0.8781    0.5848    0.7021      1503
          4     0.8908    0.7909    0.8379      4075
          5     0.9713    0.9783    0.9748       969
          6     0.9755    0.5911    0.7361       472
          7     0.9915    0.9408    0.9655       743

avg / total     0.9326    0.9348    0.9318     54924


             precision    recall  f1-score   support

          0     0.9528    0.9829    0.9677     42985
          1     0.7850    0.7068    0.7439      1586
          2     0.7881    0.7538    0.7706      2591
          3     0.7891    0.6274    0.6990      1503
          4     0.9372    0.7978    0.8619      4075
          5     0.9696    0.9866    0.9780       969
          6     0.9076    0.6038    0.7252       472
          7     0.9789    0.9381    0.9581       743

avg / total     0.9348    0.9369    0.9347     54924


             precision    recall  f1-score   support

          0     0.9528    0.9786    0.9655     42985
          1     0.7700    0.6923    0.7291      1586
          2     0.8111    0.7457    0.7770      2591
          3     0.9208    0.5496    0.6883      1503
          4     0.8340    0.8164    0.8251      4075
          5     0.9618    0.9866    0.9740       969
          6     0.7745    0.6186    0.6879       472
          7     0.9860    0.9448    0.9649       743

avg / total     0.9302    0.9321    0.9295     54924


             precision    recall  f1-score   support

          0     0.9560    0.9802    0.9679     42985
          1     0.8185    0.6513    0.7254      1586
          2     0.7769    0.8132    0.7946      2591
          3     0.7746    0.6494    0.7065      1503
          4     0.9126    0.8069    0.8565      4075
          5     0.9753    0.9773    0.9763       969
          6     0.9470    0.6441    0.7667       472
          7     0.9819    0.9515    0.9665       743

avg / total     0.9360    0.9376    0.9357     54924


             precision    recall  f1-score   support

          0     0.9494    0.9862    0.9674     42985
          1     0.8091    0.6602    0.7271      1586
          2     0.8024    0.7854    0.7938      2591
          3     0.8571    0.5908    0.6995      1503
          4     0.9416    0.7875    0.8577      4075
          5     0.9754    0.9825    0.9789       969
          6     0.9427    0.6271    0.7532       472
          7     0.9901    0.9462    0.9677       743

avg / total     0.9363    0.9380    0.9352     54924


             precision    recall  f1-score   support

          0     0.9463    0.9884    0.9669     42985
          1     0.7977    0.6589    0.7217      1586
          2     0.8146    0.7511    0.7815      2591
          3     0.8732    0.5729    0.6918      1503
          4     0.9474    0.7782    0.8545      4075
          5     0.9745    0.9845    0.9795       969
          6     0.9441    0.6081    0.7397       472
          7     0.9915    0.9475    0.9690       743

avg / total     0.9349    0.9368    0.9335     54924


             precision    recall  f1-score   support

          0     0.9535    0.9820    0.9676     42985
          1     0.8031    0.6532    0.7204      1586
          2     0.7943    0.7692    0.7816      2591
          3     0.8028    0.6933    0.7440      1503
          4     0.9163    0.7983    0.8532      4075
          5     0.9754    0.9814    0.9784       969
          6     0.9274    0.6229    0.7452       472
          7     0.9861    0.9515    0.9685       743

avg / total     0.9354    0.9374    0.9353     54924


             precision    recall  f1-score   support

          0     0.9502    0.9817    0.9657     42985
          1     0.7321    0.6910    0.7110      1586
          2     0.8594    0.6866    0.7634      2591
          3     0.8890    0.5808    0.7026      1503
          4     0.8224    0.7907    0.8062      4075
          5     0.9742    0.9752    0.9747       969
          6     0.8370    0.6525    0.7333       472
          7     0.9873    0.9448    0.9656       743

avg / total     0.9284    0.9308    0.9279     54924


             precision    recall  f1-score   support

          0     0.9518    0.9828    0.9670     42985
          1     0.8155    0.6381    0.7160      1586
          2     0.8024    0.7870    0.7946      2591
          3     0.8052    0.6600    0.7254      1503
          4     0.9161    0.7877    0.8471      4075
          5     0.9772    0.9721    0.9747       969
          6     0.9226    0.6568    0.7673       472
          7     0.9779    0.9515    0.9645       743

avg / total     0.9347    0.9369    0.9345     54924


             precision    recall  f1-score   support

          0     0.9559    0.9885    0.9719     42985
          1     0.8123    0.7232    0.7652      1586
          2     0.8705    0.7939    0.8304      2591
          3     0.8918    0.6693    0.7647      1503
          4     0.9360    0.8142    0.8709      4075
          5     0.9754    0.9814    0.9784       969
          6     0.9067    0.6589    0.7632       472
          7     0.9915    0.9475    0.9690       743

avg / total     0.9449    0.9465    0.9444     54924


             precision    recall  f1-score   support

          0     0.9573    0.9891    0.9730     42985
          1     0.8084    0.7371    0.7711      1586
          2     0.8736    0.8059    0.8384      2591
          3     0.8842    0.6959    0.7789      1503
          4     0.9477    0.8088    0.8728      4075
          5     0.9744    0.9804    0.9774       969
          6     0.9517    0.6674    0.7846       472
          7     0.9901    0.9462    0.9677       743

avg / total     0.9471    0.9483    0.9464     54924


             precision    recall  f1-score   support

          0     0.9555    0.9900    0.9724     42985
          1     0.8397    0.7037    0.7657      1586
          2     0.8637    0.8194    0.8410      2591
          3     0.8751    0.6946    0.7745      1503
          4     0.9613    0.7993    0.8728      4075
          5     0.9764    0.9835    0.9799       969
          6     0.9426    0.6610    0.7771       472
          7     0.9902    0.9502    0.9698       743

avg / total     0.9468    0.9479    0.9459     54924


             precision    recall  f1-score   support

          0     0.9571    0.9903    0.9734     42985
          1     0.8233    0.7314    0.7746      1586
          2     0.8792    0.8120    0.8443      2591
          3     0.8966    0.6979    0.7849      1503
          4     0.9521    0.8098    0.8752      4075
          5     0.9735    0.9845    0.9790       969
          6     0.9630    0.6610    0.7839       472
          7     0.9943    0.9462    0.9697       743

avg / total     0.9484    0.9495    0.9475     54924


             precision    recall  f1-score   support

          0     0.9577    0.9893    0.9733     42985
          1     0.8381    0.7276    0.7789      1586
          2     0.8755    0.8194    0.8465      2591
          3     0.8835    0.7112    0.7881      1503
          4     0.9461    0.8137    0.8749      4075
          5     0.9764    0.9825    0.9794       969
          6     0.9657    0.6568    0.7818       472
          7     0.9930    0.9502    0.9711       743

avg / total     0.9484    0.9496    0.9477     54924


             precision    recall  f1-score   support

          0     0.9599    0.9883    0.9739     42985
          1     0.8327    0.7346    0.7806      1586
          2     0.8748    0.8255    0.8495      2591
          3     0.8827    0.7159    0.7906      1503
          4     0.9377    0.8231    0.8766      4075
          5     0.9765    0.9845    0.9805       969
          6     0.9351    0.6716    0.7818       472
          7     0.9958    0.9502    0.9725       743

avg / total     0.9490    0.9503    0.9487     54924

val_loss:0.418956127025,0.379141604702,0.36169895602,0.346412096322,0.342718343782,0.317924888335,0.303657814746,0.29679601207,0.280233176711,0.276765285314,0.275397146786,0.262038083431,0.264817006464,0.254302914926,0.252325197554,0.240303141066,0.25183718904,0.243075798013,0.239329596547,0.23041010336,0.2283258831,0.237797515841,0.223894635891,0.221433938126,0.217808966908,0.21579321321,0.222998686892,0.212648455655,0.210541785187,0.214199774851,0.208259421052,0.204317514959,0.209616709972,0.222022136493,0.204193597486,0.210251795118,0.200760021418,0.208681820752,0.204541762606,0.196744615904,0.202372494488,0.201344635911,0.22530190547,0.198819978173,0.175014604305,0.172981485295,0.171967554404,0.169564569133,0.167447335154,0.167890260551
val_acc:0.879160292484,0.885387073887,0.890958408849,0.891886964398,0.896274843942,0.902720118626,0.907235454062,0.910476296365,0.912388033382,0.914827770975,0.913972040087,0.917777303319,0.917140057117,0.920107792006,0.922656769989,0.923639948878,0.918614822833,0.923348636588,0.92394946568,0.927863964418,0.928355553837,0.925351403857,0.929411557061,0.930176250274,0.93310757149,0.930995562385,0.932106188272,0.933854056702,0.934855439477,0.932852674057,0.935765787298,0.935893235885,0.935019302256,0.933599158968,0.936311996098,0.934782611482,0.936876411844,0.932124395258,0.93758648298,0.938041657541,0.936821791265,0.937422620474,0.930795287198,0.936858204715,0.94645327301,0.948273968392,0.947946243263,0.949475627579,0.949566662663,0.950294940746
acc:0.838107492608,0.877627808116,0.88909184957,0.89682962858,0.900944308302,0.906011800393,0.909167601381,0.909786625172,0.913434004306,0.916419875953,0.918968791961,0.919879120126,0.922695062094,0.923405117457,0.92580230958,0.926761187309,0.926239267781,0.928903488483,0.929146242757,0.93130068071,0.933157745169,0.93286644118,0.934577853982,0.935864447879,0.936744429538,0.936780842148,0.937181385885,0.938103849236,0.938959555458,0.941192888653,0.941611638499,0.94181191025,0.942989265088,0.9414902619,0.941247508177,0.943189536717,0.942989265145,0.944718884893,0.943492978775,0.945562453295,0.945246873174,0.947116076191,0.946436365823,0.944148413596,0.954052762542,0.957002218284,0.958519429196,0.959648235053,0.960564631912,0.960588907613
loss:0.536659495584,0.398322160058,0.363302336057,0.338901390938,0.323837183189,0.309621685007,0.293521427262,0.291396363176,0.278550342585,0.266392636089,0.25813717303,0.251399835912,0.242907605313,0.238234537963,0.231149195774,0.22658141896,0.227328720303,0.218871747246,0.21731634718,0.210848301917,0.205304914991,0.206187649718,0.199825349434,0.195290280874,0.192747575732,0.190910455099,0.190805557711,0.188746688591,0.185970388682,0.179741869092,0.178356969021,0.17646167131,0.174209310601,0.176198864977,0.178019127904,0.172374302437,0.171032654793,0.166657328227,0.169535592127,0.164808749711,0.164398399873,0.160408353628,0.161376761691,0.167849552405,0.137755231404,0.127716827396,0.124222858537,0.120751935944,0.118600596354,0.116727487
lr:0.0185287,0.0185287,0.0185287,0.0185287,0.0185287,0.0185287,0.0185287,0.0185287,0.0185287,0.0185287,0.0185287,0.0185287,0.0185287,0.0185287,0.0185287,0.0185287,0.0185287,0.0185287,0.0185287,0.0185287,0.0185287,0.0185287,0.0185287,0.0185287,0.0185287,0.0185287,0.0185287,0.0185287,0.0185287,0.0185287,0.0185287,0.0185287,0.0185287,0.0185287,0.0185287,0.0185287,0.0185287,0.0185287,0.0185287,0.0185287,0.0185287,0.0185287,0.0185287,0.0185287,0.00370573,0.00370573,0.00370573,0.00370573,0.00370573,0.00370573
