
             precision    recall  f1-score   support

          0     0.8885    0.9949    0.9387     42985
          1     0.6171    0.6015    0.6092      1586
          2     0.7681    0.3350    0.4665      2591
          3     0.8794    0.3639    0.5148      1503
          4     0.9633    0.4321    0.5966      4075
          5     0.9684    0.9804    0.9744       969
          6     0.0000    0.0000    0.0000       472
          7     0.9956    0.9219    0.9574       743

avg / total     0.8755    0.8836    0.8627     54924


             precision    recall  f1-score   support

          0     0.8919    0.9950    0.9406     42985
          1     0.6442    0.4704    0.5437      1586
          2     0.6856    0.4184    0.5197      2591
          3     0.9481    0.3280    0.4874      1503
          4     0.9597    0.4501    0.6128      4075
          5     0.9731    0.9711    0.9721       969
          6     0.7881    0.1970    0.3153       472
          7     0.9817    0.9408    0.9608       743

avg / total     0.8833    0.8860    0.8680     54924


             precision    recall  f1-score   support

          0     0.9079    0.9863    0.9454     42985
          1     0.6259    0.5706    0.5970      1586
          2     0.7705    0.4018    0.5282      2591
          3     0.8705    0.4385    0.5832      1503
          4     0.8367    0.5848    0.6884      4075
          5     0.9742    0.9752    0.9747       969
          6     1.0000    0.3072    0.4700       472
          7     0.9845    0.9421    0.9629       743

avg / total     0.8899    0.8953    0.8834     54924


             precision    recall  f1-score   support

          0     0.9111    0.9922    0.9499     42985
          1     0.6614    0.5284    0.5875      1586
          2     0.7410    0.4373    0.5500      2591
          3     0.9411    0.3932    0.5547      1503
          4     0.9237    0.6358    0.7532      4075
          5     0.9715    0.9845    0.9780       969
          6     1.0000    0.4280    0.5994       472
          7     0.9971    0.9367    0.9660       743

avg / total     0.9006    0.9041    0.8929     54924


             precision    recall  f1-score   support

          0     0.9124    0.9941    0.9515     42985
          1     0.6616    0.4943    0.5659      1586
          2     0.7139    0.4662    0.5641      2591
          3     0.9379    0.4218    0.5819      1503
          4     0.9612    0.6196    0.7535      4075
          5     0.9598    0.9856    0.9725       969
          6     1.0000    0.4513    0.6219       472
          7     0.9971    0.9381    0.9667       743

avg / total     0.9028    0.9058    0.8950     54924


             precision    recall  f1-score   support

          0     0.9168    0.9921    0.9529     42985
          1     0.6776    0.5750    0.6221      1586
          2     0.7821    0.4724    0.5890      2591
          3     0.8794    0.4464    0.5922      1503
          4     0.9497    0.6623    0.7804      4075
          5     0.9745    0.9856    0.9800       969
          6     1.0000    0.4322    0.6036       472
          7     0.9986    0.9502    0.9738       743

avg / total     0.9078    0.9106    0.9013     54924


             precision    recall  f1-score   support

          0     0.9225    0.9907    0.9553     42985
          1     0.7105    0.5076    0.5921      1586
          2     0.7578    0.5519    0.6387      2591
          3     0.9015    0.4385    0.5900      1503
          4     0.9165    0.7001    0.7938      4075
          5     0.9753    0.9783    0.9768       969
          6     1.0000    0.4449    0.6158       472
          7     0.9874    0.9489    0.9677       743

avg / total     0.9100    0.9139    0.9056     54924


             precision    recall  f1-score   support

          0     0.9241    0.9896    0.9557     42985
          1     0.6927    0.5586    0.6185      1586
          2     0.7841    0.5342    0.6354      2591
          3     0.9197    0.4418    0.5969      1503
          4     0.9070    0.7136    0.7988      4075
          5     0.9784    0.9835    0.9810       969
          6     1.0000    0.4936    0.6610       472
          7     0.9972    0.9556    0.9759       743

avg / total     0.9120    0.9154    0.9076     54924


             precision    recall  f1-score   support

          0     0.9223    0.9912    0.9555     42985
          1     0.7649    0.4451    0.5628      1586
          2     0.6925    0.6102    0.6487      2591
          3     0.9250    0.4511    0.6064      1503
          4     0.9542    0.6697    0.7870      4075
          5     0.9765    0.9866    0.9815       969
          6     1.0000    0.5169    0.6816       472
          7     1.0000    0.9502    0.9745       743

avg / total     0.9120    0.9141    0.9060     54924


             precision    recall  f1-score   support

          0     0.9263    0.9896    0.9569     42985
          1     0.7119    0.6091    0.6565      1586
          2     0.6957    0.5496    0.6141      2591
          3     0.9034    0.4604    0.6100      1503
          4     0.9687    0.6910    0.8066      4075
          5     0.9775    0.9845    0.9810       969
          6     1.0000    0.5042    0.6704       472
          7     0.9986    0.9529    0.9752       743

avg / total     0.9143    0.9165    0.9096     54924


             precision    recall  f1-score   support

          0     0.9234    0.9913    0.9562     42985
          1     0.7238    0.5303    0.6121      1586
          2     0.7472    0.5716    0.6477      2591
          3     0.8369    0.4950    0.6221      1503
          4     0.9775    0.6621    0.7895      4075
          5     0.9743    0.9773    0.9758       969
          6     0.8878    0.5699    0.6942       472
          7     0.9986    0.9515    0.9745       743

avg / total     0.9126    0.9158    0.9085     54924


             precision    recall  f1-score   support

          0     0.9285    0.9850    0.9559     42985
          1     0.6784    0.5958    0.6344      1586
          2     0.7849    0.5141    0.6213      2591
          3     0.8335    0.4864    0.6143      1503
          4     0.8859    0.7433    0.8084      4075
          5     0.9804    0.9814    0.9809       969
          6     1.0000    0.5085    0.6742       472
          7     0.9780    0.9583    0.9680       743

avg / total     0.9109    0.9154    0.9087     54924


             precision    recall  f1-score   support

          0     0.9284    0.9912    0.9588     42985
          1     0.7229    0.5757    0.6409      1586
          2     0.7911    0.5743    0.6655      2591
          3     0.8513    0.4950    0.6260      1503
          4     0.9580    0.7173    0.8204      4075
          5     0.9845    0.9825    0.9835       969
          6     0.9712    0.5720    0.7200       472
          7     0.9944    0.9610    0.9774       743

avg / total     0.9183    0.9215    0.9150     54924


             precision    recall  f1-score   support

          0     0.9330    0.9810    0.9564     42985
          1     0.7476    0.5511    0.6345      1586
          2     0.7387    0.6218    0.6752      2591
          3     0.8624    0.5003    0.6333      1503
          4     0.8464    0.7450    0.7925      4075
          5     0.9854    0.9742    0.9798       969
          6     1.0000    0.5233    0.6871       472
          7     1.0000    0.9596    0.9794       743

avg / total     0.9125    0.9166    0.9112     54924


             precision    recall  f1-score   support

          0     0.9271    0.9921    0.9585     42985
          1     0.7704    0.5183    0.6197      1586
          2     0.7757    0.6021    0.6780      2591
          3     0.8865    0.4884    0.6298      1503
          4     0.9486    0.7151    0.8154      4075
          5     0.9855    0.9794    0.9824       969
          6     0.9850    0.5572    0.7118       472
          7     0.9958    0.9623    0.9788       743

avg / total     0.9184    0.9213    0.9145     54924


             precision    recall  f1-score   support

          0     0.9327    0.9912    0.9611     42985
          1     0.8170    0.4420    0.5736      1586
          2     0.7046    0.6932    0.6988      2591
          3     0.9113    0.4578    0.6094      1503
          4     0.9534    0.7283    0.8258      4075
          5     0.9815    0.9845    0.9830       969
          6     0.9720    0.5890    0.7335       472
          7     1.0000    0.9596    0.9794       743

avg / total     0.9217    0.9231    0.9165     54924


             precision    recall  f1-score   support

          0     0.9275    0.9947    0.9599     42985
          1     0.7170    0.5895    0.6471      1586
          2     0.8231    0.5423    0.6538      2591
          3     0.9101    0.4784    0.6271      1503
          4     0.9614    0.7271    0.8280      4075
          5     0.9795    0.9866    0.9830       969
          6     1.0000    0.5487    0.7086       472
          7     1.0000    0.9515    0.9752       743

avg / total     0.9210    0.9231    0.9160     54924


             precision    recall  f1-score   support

          0     0.9298    0.9941    0.9609     42985
          1     0.7357    0.6072    0.6653      1586
          2     0.8150    0.6017    0.6923      2591
          3     0.9060    0.4810    0.6284      1503
          4     0.9706    0.7217    0.8279      4075
          5     0.9844    0.9742    0.9793       969
          6     1.0000    0.5064    0.6723       472
          7     0.9944    0.9610    0.9774       743

avg / total     0.9236    0.9252    0.9188     54924


             precision    recall  f1-score   support

          0     0.9362    0.9901    0.9624     42985
          1     0.8019    0.5259    0.6352      1586
          2     0.7683    0.6986    0.7318      2591
          3     0.8824    0.5043    0.6418      1503
          4     0.9364    0.7519    0.8341      4075
          5     0.9865    0.9825    0.9845       969
          6     1.0000    0.5487    0.7086       472
          7     0.9958    0.9596    0.9774       743

avg / total     0.9252    0.9276    0.9222     54924


             precision    recall  f1-score   support

          0     0.9280    0.9945    0.9601     42985
          1     0.8137    0.5315    0.6430      1586
          2     0.7923    0.6314    0.7027      2591
          3     0.8909    0.4890    0.6314      1503
          4     0.9718    0.7117    0.8216      4075
          5     0.9824    0.9804    0.9814       969
          6     0.9845    0.5381    0.6959       472
          7     0.9876    0.9610    0.9741       743

avg / total     0.9228    0.9246    0.9178     54924


             precision    recall  f1-score   support

          0     0.9406    0.9811    0.9604     42985
          1     0.8223    0.4874    0.6120      1586
          2     0.6444    0.7406    0.6892      2591
          3     0.9177    0.4897    0.6386      1503
          4     0.9132    0.7639    0.8319      4075
          5     0.9824    0.9794    0.9809       969
          6     0.9890    0.5720    0.7248       472
          7     0.9876    0.9610    0.9741       743

avg / total     0.9224    0.9221    0.9178     54924


             precision    recall  f1-score   support

          0     0.9339    0.9892    0.9608     42985
          1     0.7983    0.5441    0.6472      1586
          2     0.7602    0.6827    0.7194      2591
          3     0.8781    0.4890    0.6282      1503
          4     0.9479    0.7418    0.8323      4075
          5     0.9825    0.9825    0.9825       969
          6     0.9364    0.5614    0.7020       472
          7     1.0000    0.9569    0.9780       743

avg / total     0.9231    0.9256    0.9201     54924


             precision    recall  f1-score   support

          0     0.9342    0.9918    0.9621     42985
          1     0.8229    0.5448    0.6555      1586
          2     0.7704    0.7020    0.7347      2591
          3     0.8911    0.5010    0.6414      1503
          4     0.9630    0.7276    0.8289      4075
          5     0.9815    0.9856    0.9835       969
          6     1.0000    0.5742    0.7295       472
          7     1.0000    0.9556    0.9773       743

avg / total     0.9265    0.9280    0.9225     54924


             precision    recall  f1-score   support

          0     0.9409    0.9868    0.9633     42985
          1     0.8155    0.5101    0.6276      1586
          2     0.7565    0.7206    0.7381      2591
          3     0.8098    0.5522    0.6566      1503
          4     0.9318    0.7740    0.8456      4075
          5     0.9866    0.9866    0.9866       969
          6     0.9896    0.6059    0.7516       472
          7     0.9972    0.9610    0.9788       743

avg / total     0.9263    0.9291    0.9246     54924


             precision    recall  f1-score   support

          0     0.9371    0.9912    0.9634     42985
          1     0.7693    0.5908    0.6683      1586
          2     0.8079    0.6835    0.7405      2591
          3     0.9154    0.5037    0.6498      1503
          4     0.9492    0.7526    0.8396      4075
          5     0.9896    0.9866    0.9881       969
          6     0.9444    0.6123    0.7429       472
          7     1.0000    0.9664    0.9829       743

avg / total     0.9283    0.9304    0.9254     54924


             precision    recall  f1-score   support

          0     0.9363    0.9900    0.9624     42985
          1     0.7890    0.5776    0.6669      1586
          2     0.8092    0.6662    0.7307      2591
          3     0.9021    0.5269    0.6653      1503
          4     0.9207    0.7551    0.8297      4075
          5     0.9805    0.9835    0.9820       969
          6     1.0000    0.5932    0.7447       472
          7     1.0000    0.9529    0.9759       743

avg / total     0.9261    0.9287    0.9236     54924


             precision    recall  f1-score   support

          0     0.9342    0.9905    0.9615     42985
          1     0.7922    0.5744    0.6659      1586
          2     0.7929    0.6754    0.7295      2591
          3     0.8641    0.5456    0.6688      1503
          4     0.9621    0.7222    0.8251      4075
          5     0.9825    0.9845    0.9835       969
          6     0.9673    0.6271    0.7609       472
          7     1.0000    0.9542    0.9766       743

avg / total     0.9256    0.9278    0.9228     54924


             precision    recall  f1-score   support

          0     0.9353    0.9916    0.9627     42985
          1     0.7373    0.6406    0.6856      1586
          2     0.8212    0.6241    0.7092      2591
          3     0.8339    0.5343    0.6513      1503
          4     0.9737    0.7274    0.8327      4075
          5     0.9785    0.9876    0.9831       969
          6     0.9901    0.6356    0.7742       472
          7     0.9958    0.9583    0.9767       743

avg / total     0.9263    0.9285    0.9235     54924


             precision    recall  f1-score   support

          0     0.9357    0.9923    0.9631     42985
          1     0.7911    0.6255    0.6986      1586
          2     0.8004    0.6920    0.7423      2591
          3     0.9216    0.4930    0.6424      1503
          4     0.9672    0.7303    0.8322      4075
          5     0.9765    0.9845    0.9805       969
          6     0.9895    0.5996    0.7467       472
          7     1.0000    0.9462    0.9723       743

avg / total     0.9291    0.9303    0.9252     54924


             precision    recall  f1-score   support

          0     0.9349    0.9925    0.9628     42985
          1     0.8176    0.5794    0.6782      1586
          2     0.8104    0.6993    0.7508      2591
          3     0.9135    0.5196    0.6624      1503
          4     0.9674    0.7276    0.8305      4075
          5     0.9850    0.9484    0.9664       969
          6     0.8738    0.5869    0.7022       472
          7     0.9446    0.9637    0.9540       743

avg / total     0.9279    0.9295    0.9243     54924


             precision    recall  f1-score   support

          0     0.9324    0.9920    0.9613     42985
          1     0.7788    0.5883    0.6703      1586
          2     0.7990    0.6689    0.7282      2591
          3     0.8610    0.5276    0.6543      1503
          4     0.9731    0.7023    0.8158      4075
          5     0.9755    0.9866    0.9810       969
          6     0.9745    0.5657    0.7158       472
          7     0.9986    0.9489    0.9731       743

avg / total     0.9248    0.9266    0.9211     54924


             precision    recall  f1-score   support

          0     0.9361    0.9907    0.9627     42985
          1     0.7913    0.6192    0.6947      1586
          2     0.7870    0.7017    0.7419      2591
          3     0.8811    0.5176    0.6521      1503
          4     0.9708    0.7183    0.8257      4075
          5     0.9835    0.9856    0.9845       969
          6     0.9832    0.6208    0.7610       472
          7     0.9972    0.9583    0.9774       743

avg / total     0.9281    0.9295    0.9247     54924


             precision    recall  f1-score   support

          0     0.9463    0.9910    0.9682     42985
          1     0.8382    0.6564    0.7362      1586
          2     0.8185    0.7677    0.7923      2591
          3     0.9049    0.5822    0.7085      1503
          4     0.9666    0.7740    0.8596      4075
          5     0.9835    0.9866    0.9851       969
          6     0.9692    0.6674    0.7905       472
          7     1.0000    0.9583    0.9787       743

avg / total     0.9391    0.9402    0.9369     54924


             precision    recall  f1-score   support

          0     0.9441    0.9929    0.9679     42985
          1     0.8232    0.6810    0.7453      1586
          2     0.8591    0.7321    0.7906      2591
          3     0.9099    0.5775    0.7066      1503
          4     0.9682    0.7703    0.8580      4075
          5     0.9846    0.9866    0.9856       969
          6     0.9872    0.6547    0.7873       472
          7     1.0000    0.9637    0.9815       743

avg / total     0.9393    0.9403    0.9367     54924


             precision    recall  f1-score   support

          0     0.9484    0.9910    0.9692     42985
          1     0.8726    0.6520    0.7463      1586
          2     0.8435    0.7885    0.8151      2591
          3     0.8963    0.6094    0.7255      1503
          4     0.9545    0.7870    0.8627      4075
          5     0.9866    0.9876    0.9871       969
          6     0.9407    0.6716    0.7837       472
          7     1.0000    0.9637    0.9815       743

avg / total     0.9416    0.9429    0.9398     54924


             precision    recall  f1-score   support

          0     0.9541    0.9839    0.9688     42985
          1     0.8488    0.6620    0.7439      1586
          2     0.7517    0.8086    0.7791      2591
          3     0.8851    0.5995    0.7148      1503
          4     0.9297    0.8049    0.8628      4075
          5     0.9846    0.9876    0.9861       969
          6     0.9873    0.6568    0.7888       472
          7     0.9650    0.9637    0.9643       743

avg / total     0.9388    0.9395    0.9372     54924


             precision    recall  f1-score   support

          0     0.9504    0.9901    0.9699     42985
          1     0.8481    0.6828    0.7565      1586
          2     0.8434    0.7939    0.8179      2591
          3     0.8990    0.5862    0.7096      1503
          4     0.9499    0.8002    0.8687      4075
          5     0.9866    0.9866    0.9866       969
          6     0.9697    0.6780    0.7980       472
          7     1.0000    0.9623    0.9808       743

avg / total     0.9424    0.9437    0.9409     54924


             precision    recall  f1-score   support

          0     0.9497    0.9917    0.9702     42985
          1     0.8539    0.6892    0.7627      1586
          2     0.8611    0.7773    0.8170      2591
          3     0.9024    0.6088    0.7271      1503
          4     0.9521    0.7953    0.8667      4075
          5     0.9876    0.9866    0.9871       969
          6     0.9777    0.6504    0.7812       472
          7     1.0000    0.9650    0.9822       743

avg / total     0.9432    0.9444    0.9415     54924


             precision    recall  f1-score   support

          0     0.9514    0.9903    0.9705     42985
          1     0.8551    0.6885    0.7628      1586
          2     0.8483    0.7943    0.8204      2591
          3     0.8869    0.6314    0.7377      1503
          4     0.9557    0.7990    0.8704      4075
          5     0.9876    0.9876    0.9876       969
          6     0.9906    0.6716    0.8005       472
          7     1.0000    0.9637    0.9815       743

avg / total     0.9440    0.9451    0.9426     54924


             precision    recall  f1-score   support

          0     0.9490    0.9925    0.9703     42985
          1     0.8458    0.6986    0.7652      1586
          2     0.8625    0.7796    0.8190      2591
          3     0.9149    0.6081    0.7306      1503
          4     0.9653    0.7843    0.8654      4075
          5     0.9886    0.9866    0.9876       969
          6     0.9874    0.6653    0.7949       472
          7     0.9958    0.9677    0.9816       743

avg / total     0.9439    0.9448    0.9418     54924


             precision    recall  f1-score   support

          0     0.9522    0.9909    0.9712     42985
          1     0.8409    0.6967    0.7621      1586
          2     0.8575    0.7781    0.8159      2591
          3     0.8974    0.6341    0.7431      1503
          4     0.9514    0.8074    0.8735      4075
          5     0.9886    0.9876    0.9881       969
          6     0.9846    0.6780    0.8030       472
          7     1.0000    0.9650    0.9822       743

avg / total     0.9446    0.9459    0.9433     54924


             precision    recall  f1-score   support

          0     0.9499    0.9928    0.9709     42985
          1     0.8566    0.7043    0.7730      1586
          2     0.8576    0.7900    0.8224      2591
          3     0.9268    0.6061    0.7329      1503
          4     0.9679    0.7848    0.8668      4075
          5     0.9907    0.9876    0.9891       969
          6     0.9697    0.6780    0.7980       472
          7     0.9972    0.9731    0.9850       743

avg / total     0.9451    0.9458    0.9429     54924


             precision    recall  f1-score   support

          0     0.9537    0.9904    0.9717     42985
          1     0.8649    0.7106    0.7802      1586
          2     0.8483    0.8113    0.8294      2591
          3     0.8786    0.6454    0.7442      1503
          4     0.9625    0.7990    0.8732      4075
          5     0.9907    0.9866    0.9886       969
          6     0.9698    0.6801    0.7995       472
          7     1.0000    0.9704    0.9850       743

avg / total     0.9462    0.9472    0.9449     54924


             precision    recall  f1-score   support

          0     0.9529    0.9908    0.9715     42985
          1     0.8594    0.6974    0.7699      1586
          2     0.8562    0.7951    0.8245      2591
          3     0.8857    0.6447    0.7462      1503
          4     0.9565    0.8042    0.8738      4075
          5     0.9907    0.9866    0.9886       969
          6     0.9819    0.6886    0.8095       472
          7     1.0000    0.9664    0.9829       743

avg / total     0.9456    0.9468    0.9444     54924


             precision    recall  f1-score   support

          0     0.9505    0.9923    0.9710     42985
          1     0.8565    0.6885    0.7634      1586
          2     0.8682    0.7731    0.8179      2591
          3     0.8871    0.6381    0.7423      1503
          4     0.9645    0.7995    0.8743      4075
          5     0.9907    0.9866    0.9886       969
          6     0.9815    0.6758    0.8005       472
          7     1.0000    0.9690    0.9843       743

avg / total     0.9449    0.9460    0.9433     54924


             precision    recall  f1-score   support

          0     0.9531    0.9913    0.9718     42985
          1     0.8636    0.6986    0.7724      1586
          2     0.8574    0.8008    0.8282      2591
          3     0.9011    0.6487    0.7544      1503
          4     0.9590    0.8037    0.8745      4075
          5     0.9886    0.9876    0.9881       969
          6     0.9818    0.6864    0.8080       472
          7     1.0000    0.9690    0.9843       743

avg / total     0.9465    0.9475    0.9451     54924


             precision    recall  f1-score   support

          0     0.9514    0.9923    0.9714     42985
          1     0.8802    0.6810    0.7679      1586
          2     0.8541    0.8020    0.8272      2591
          3     0.9115    0.6301    0.7451      1503
          4     0.9643    0.8012    0.8752      4075
          5     0.9896    0.9866    0.9881       969
          6     0.9877    0.6801    0.8055       472
          7     1.0000    0.9664    0.9829       743

avg / total     0.9463    0.9471    0.9444     54924


             precision    recall  f1-score   support

          0     0.9528    0.9914    0.9717     42985
          1     0.8762    0.6917    0.7731      1586
          2     0.8526    0.8101    0.8308      2591
          3     0.9238    0.6374    0.7543      1503
          4     0.9556    0.8020    0.8720      4075
          5     0.9876    0.9866    0.9871       969
          6     0.9532    0.6907    0.8010       472
          7     1.0000    0.9637    0.9815       743

avg / total     0.9465    0.9474    0.9449     54924


             precision    recall  f1-score   support

          0     0.9525    0.9921    0.9719     42985
          1     0.8665    0.6955    0.7716      1586
          2     0.8530    0.8063    0.8290      2591
          3     0.9025    0.6467    0.7535      1503
          4     0.9677    0.7931    0.8717      4075
          5     0.9896    0.9866    0.9881       969
          6     0.9755    0.6737    0.7970       472
          7     0.9972    0.9664    0.9815       743

avg / total     0.9465    0.9474    0.9449     54924


             precision    recall  f1-score   support

          0     0.9528    0.9920    0.9720     42985
          1     0.8752    0.6898    0.7715      1586
          2     0.8646    0.8036    0.8330      2591
          3     0.9007    0.6460    0.7524      1503
          4     0.9610    0.8039    0.8755      4075
          5     0.9886    0.9856    0.9871       969
          6     0.9615    0.6886    0.8025       472
          7     0.9986    0.9677    0.9829       743

avg / total     0.9469    0.9479    0.9455     54924

lr:0.0132585,0.0132585,0.0132585,0.0132585,0.0132585,0.0132585,0.0132585,0.0132585,0.0132585,0.0132585,0.0132585,0.0132585,0.0132585,0.0132585,0.0132585,0.0132585,0.0132585,0.0132585,0.0132585,0.0132585,0.0132585,0.0132585,0.0132585,0.0132585,0.0132585,0.0132585,0.0132585,0.0132585,0.0132585,0.0132585,0.0132585,0.0132585,0.0026517,0.0026517,0.0026517,0.0026517,0.0026517,0.0026517,0.0026517,0.0026517,0.0026517,0.0026517,0.0026517,0.0026517,0.0026517,0.0026517,0.0026517,0.0026517,0.0026517,0.0026517
val_loss:0.395583761669,0.367539325022,0.33407810571,0.315386595609,0.303881780864,0.293746554238,0.284542515339,0.280663094977,0.279746141484,0.265135280641,0.274262870703,0.267683245567,0.251179503616,0.255532494679,0.248059361015,0.248744771721,0.24132476589,0.239141840486,0.229299993743,0.234953305817,0.242822966706,0.228688400366,0.234040618871,0.218979872049,0.223667108742,0.227307239298,0.226500826958,0.216534667209,0.226120334251,0.221239963275,0.233139902143,0.220930387983,0.193557694185,0.186254084624,0.186859711565,0.188999901923,0.180702332502,0.179269558414,0.175389970788,0.181405530552,0.174972018805,0.175632649885,0.1731280612,0.174181544399,0.175229449049,0.172015985879,0.173550697808,0.171171180402,0.172868839704,0.170856723421
acc:0.849207409529,0.883423557219,0.893491772708,0.900580183445,0.905156092229,0.908360443454,0.910563434852,0.913294413955,0.915151480307,0.917008546369,0.917755015285,0.919108366273,0.9199580045,0.921335633388,0.921991068349,0.923696414486,0.924072682613,0.925699133913,0.925177211813,0.925826578557,0.927938535885,0.927889984966,0.929000584221,0.928490801275,0.931197505939,0.93093047583,0.930627034468,0.932113900234,0.932490168154,0.932993884076,0.932666165774,0.933157742267,0.943511191161,0.946333205265,0.947783658143,0.947777591064,0.948141720428,0.949695344649,0.950356850047,0.951437104664,0.951698065124,0.952256397523,0.952602321401,0.952656941337,0.953458028963,0.953251690044,0.953846435352,0.953603680871,0.954708210321,0.954544352592
val_acc:0.883566383094,0.885987910502,0.895273470304,0.904067440058,0.905778894885,0.910640156588,0.913880998721,0.915392179611,0.914081278767,0.91648460054,0.915810942628,0.915428593035,0.921473311359,0.916630254575,0.921345863428,0.9231483503,0.923093731054,0.925169326626,0.927609061606,0.924568495498,0.922110553667,0.925588089114,0.927973202321,0.929138447571,0.930431143653,0.928683271629,0.927809338378,0.928464789408,0.930267278182,0.929520795606,0.926589470795,0.929502585729,0.940208287456,0.940281116639,0.942866507274,0.939516424373,0.943722234859,0.944432308752,0.945142379901,0.944778239559,0.945870661143,0.945797830588,0.947199769681,0.946781008505,0.946034523901,0.947545699959,0.947090527885,0.947381838573,0.94736363431,0.947946253942
loss:0.496071964215,0.382281279717,0.347020156413,0.325912715163,0.311217551351,0.296569029238,0.287518104945,0.279228533022,0.271229801482,0.26261989835,0.25886012532,0.254255837446,0.247975977821,0.245950657244,0.245963757393,0.237208588781,0.235991061558,0.230311037585,0.231093723229,0.226339423062,0.222333306069,0.221234930233,0.215898776946,0.219859715133,0.214077938472,0.212726278527,0.211149780807,0.208605830532,0.205230354949,0.204218239428,0.204166234936,0.201133489815,0.171232635405,0.162908301173,0.158211336596,0.157178619177,0.156162859137,0.151471789011,0.148944944014,0.145311950918,0.144163289795,0.143709787404,0.141416962129,0.143987456572,0.140438643344,0.139653155755,0.137992216418,0.138045971847,0.135935470268,0.135285709826
