
             precision    recall  f1-score   support

          0     0.8877    0.9884    0.9354     42985
          1     0.6637    0.4180    0.5130      1586
          2     0.6731    0.4712    0.5544      2591
          3     0.9216    0.3287    0.4846      1503
          4     0.8201    0.4096    0.5463      4075
          5     0.9666    0.9866    0.9765       969
          6     0.0000    0.0000    0.0000       472
          7     1.0000    0.9341    0.9659       743

avg / total     0.8623    0.8772    0.8571     54924


             precision    recall  f1-score   support

          0     0.9010    0.9878    0.9424     42985
          1     0.6197    0.5631    0.5900      1586
          2     0.7621    0.3883    0.5144      2591
          3     0.8754    0.3832    0.5331      1503
          4     0.8529    0.5323    0.6555      4075
          5     0.9684    0.9804    0.9744       969
          6     1.0000    0.3199    0.4848       472
          7     0.9900    0.9367    0.9627       743

avg / total     0.8853    0.8903    0.8764     54924


             precision    recall  f1-score   support

          0     0.9071    0.9870    0.9454     42985
          1     0.7136    0.4023    0.5145      1586
          2     0.7040    0.5141    0.5942      2591
          3     0.7840    0.4371    0.5613      1503
          4     0.8670    0.5632    0.6828      4075
          5     0.9725    0.9866    0.9795       969
          6     1.0000    0.4216    0.5931       472
          7     1.0000    0.9421    0.9702       743

avg / total     0.8888    0.8958    0.8843     54924


             precision    recall  f1-score   support

          0     0.9055    0.9943    0.9478     42985
          1     0.5986    0.5952    0.5969      1586
          2     0.7942    0.3917    0.5247      2591
          3     0.8970    0.4232    0.5750      1503
          4     0.9630    0.5426    0.6941      4075
          5     0.9714    0.9804    0.9759       969
          6     1.0000    0.3877    0.5588       472
          7     0.9915    0.9367    0.9633       743

avg / total     0.8985    0.8990    0.8861     54924


             precision    recall  f1-score   support

          0     0.9059    0.9929    0.9474     42985
          1     0.6528    0.5858    0.6175      1586
          2     0.7807    0.4423    0.5647      2591
          3     0.8399    0.4118    0.5527      1503
          4     0.9659    0.5423    0.6946      4075
          5     0.9695    0.9825    0.9759       969
          6     1.0000    0.4534    0.6239       472
          7     0.9957    0.9408    0.9675       743

avg / total     0.8985    0.9003    0.8883     54924


             precision    recall  f1-score   support

          0     0.9212    0.9900    0.9544     42985
          1     0.7497    0.4155    0.5347      1586
          2     0.7024    0.5940    0.6437      2591
          3     0.9243    0.4225    0.5799      1503
          4     0.9149    0.6883    0.7856      4075
          5     0.9706    0.9876    0.9790       969
          6     1.0000    0.4597    0.6299       472
          7     1.0000    0.9435    0.9709       743

avg / total     0.9082    0.9116    0.9027     54924


             precision    recall  f1-score   support

          0     0.9181    0.9952    0.9551     42985
          1     0.7601    0.4376    0.5554      1586
          2     0.7328    0.5716    0.6422      2591
          3     0.9340    0.4424    0.6005      1503
          4     0.9705    0.6626    0.7875      4075
          5     0.9696    0.9866    0.9780       969
          6     0.9906    0.4449    0.6140       472
          7     0.9972    0.9448    0.9703       743

avg / total     0.9117    0.9137    0.9043     54924


             precision    recall  f1-score   support

          0     0.9229    0.9881    0.9544     42985
          1     0.6790    0.5763    0.6235      1586
          2     0.6299    0.5504    0.5874      2591
          3     0.9223    0.4185    0.5757      1503
          4     0.9845    0.6564    0.7877      4075
          5     0.9744    0.9825    0.9784       969
          6     0.9954    0.4576    0.6270       472
          7     1.0000    0.9435    0.9709       743

avg / total     0.9092    0.9101    0.9026     54924


             precision    recall  f1-score   support

          0     0.9266    0.9902    0.9573     42985
          1     0.7092    0.5643    0.6285      1586
          2     0.7661    0.5372    0.6316      2591
          3     0.8413    0.4797    0.6110      1503
          4     0.9390    0.7180    0.8138      4075
          5     0.9754    0.9814    0.9784       969
          6     0.9760    0.5169    0.6759       472
          7     0.9902    0.9502    0.9698       743

avg / total     0.9135    0.9176    0.9105     54924


             precision    recall  f1-score   support

          0     0.9215    0.9939    0.9564     42985
          1     0.6925    0.5240    0.5966      1586
          2     0.7722    0.5272    0.6266      2591
          3     0.8409    0.4817    0.6125      1503
          4     0.9806    0.6810    0.8038      4075
          5     0.9765    0.9866    0.9815       969
          6     1.0000    0.4576    0.6279       472
          7     1.0000    0.9502    0.9745       743

avg / total     0.9127    0.9158    0.9075     54924


             precision    recall  f1-score   support

          0     0.9205    0.9940    0.9559     42985
          1     0.8272    0.3802    0.5210      1586
          2     0.7061    0.6353    0.6688      2591
          3     0.9488    0.4065    0.5692      1503
          4     0.9640    0.6834    0.7998      4075
          5     0.9755    0.9856    0.9805       969
          6     0.9912    0.4767    0.6438       472
          7     1.0000    0.9489    0.9738       743

avg / total     0.9143    0.9151    0.9056     54924


             precision    recall  f1-score   support

          0     0.9310    0.9896    0.9594     42985
          1     0.7337    0.5662    0.6391      1586
          2     0.7102    0.6461    0.6766      2591
          3     0.9407    0.4431    0.6024      1503
          4     0.9787    0.7222    0.8311      4075
          5     0.9753    0.9773    0.9763       969
          6     0.9531    0.5169    0.6703       472
          7     0.9902    0.9502    0.9698       743

avg / total     0.9205    0.9215    0.9155     54924


             precision    recall  f1-score   support

          0     0.9321    0.9891    0.9597     42985
          1     0.7365    0.5656    0.6398      1586
          2     0.7596    0.6291    0.6882      2591
          3     0.8707    0.5017    0.6366      1503
          4     0.9408    0.7325    0.8237      4075
          5     0.9695    0.9845    0.9770       969
          6     0.9820    0.4619    0.6282       472
          7     0.9986    0.9421    0.9695       743

avg / total     0.9192    0.9223    0.9163     54924


             precision    recall  f1-score   support

          0     0.9315    0.9897    0.9597     42985
          1     0.7513    0.5315    0.6226      1586
          2     0.7467    0.6418    0.6903      2591
          3     0.8759    0.4930    0.6309      1503
          4     0.9504    0.7286    0.8248      4075
          5     0.9676    0.9856    0.9765       969
          6     0.9752    0.5000    0.6611       472
          7     0.9972    0.9475    0.9717       743

avg / total     0.9194    0.9222    0.9162     54924


             precision    recall  f1-score   support

          0     0.9366    0.9774    0.9565     42985
          1     0.8574    0.3714    0.5183      1586
          2     0.6124    0.7086    0.6570      2591
          3     0.8717    0.4837    0.6222      1503
          4     0.8647    0.7529    0.8049      4075
          5     0.9755    0.9845    0.9800       969
          6     0.8409    0.5487    0.6641       472
          7     0.9944    0.9515    0.9725       743

avg / total     0.9125    0.9132    0.9075     54924


             precision    recall  f1-score   support

          0     0.9325    0.9924    0.9615     42985
          1     0.7539    0.6160    0.6780      1586
          2     0.8033    0.6480    0.7174      2591
          3     0.9026    0.4810    0.6276      1503
          4     0.9753    0.7281    0.8338      4075
          5     0.9774    0.9825    0.9799       969
          6     0.9809    0.5445    0.7003       472
          7     0.9944    0.9529    0.9732       743

avg / total     0.9257    0.9272    0.9215     54924


             precision    recall  f1-score   support

          0     0.9354    0.9862    0.9601     42985
          1     0.7467    0.6003    0.6655      1586
          2     0.6836    0.6839    0.6838      2591
          3     0.8972    0.4764    0.6223      1503
          4     0.9728    0.7188    0.8267      4075
          5     0.9755    0.9856    0.9805       969
          6     0.9876    0.5042    0.6676       472
          7     0.9986    0.9502    0.9738       743

avg / total     0.9218    0.9224    0.9175     54924


             precision    recall  f1-score   support

          0     0.9313    0.9927    0.9610     42985
          1     0.7439    0.5807    0.6523      1586
          2     0.8006    0.5998    0.6858      2591
          3     0.8815    0.5296    0.6617      1503
          4     0.9735    0.7288    0.8336      4075
          5     0.9744    0.9825    0.9784       969
          6     0.9435    0.5657    0.7073       472
          7     0.9930    0.9489    0.9704       743

avg / total     0.9232    0.9256    0.9197     54924


             precision    recall  f1-score   support

          0     0.9361    0.9899    0.9622     42985
          1     0.7342    0.6166    0.6703      1586
          2     0.8101    0.6125    0.6976      2591
          3     0.8358    0.5722    0.6793      1503
          4     0.9476    0.7450    0.8342      4075
          5     0.9794    0.9804    0.9799       969
          6     0.9961    0.5445    0.7041       472
          7     0.9916    0.9515    0.9712       743

avg / total     0.9244    0.9272    0.9223     54924


             precision    recall  f1-score   support

          0     0.9332    0.9911    0.9613     42985
          1     0.6986    0.6387    0.6673      1586
          2     0.8190    0.5886    0.6849      2591
          3     0.8903    0.4970    0.6379      1503
          4     0.9489    0.7384    0.8305      4075
          5     0.9784    0.9835    0.9810       969
          6     0.9813    0.5551    0.7091       472
          7     0.9986    0.9542    0.9759       743

avg / total     0.9231    0.9253    0.9196     54924


             precision    recall  f1-score   support

          0     0.9333    0.9921    0.9618     42985
          1     0.7635    0.6047    0.6749      1586
          2     0.8028    0.6364    0.7100      2591
          3     0.8881    0.5176    0.6541      1503
          4     0.9616    0.7310    0.8306      4075
          5     0.9783    0.9773    0.9778       969
          6     0.9962    0.5530    0.7112       472
          7     0.9860    0.9502    0.9678       743

avg / total     0.9252    0.9272    0.9217     54924


             precision    recall  f1-score   support

          0     0.9366    0.9873    0.9613     42985
          1     0.8117    0.5271    0.6391      1586
          2     0.7392    0.6662    0.7008      2591
          3     0.8619    0.5522    0.6732      1503
          4     0.9317    0.7561    0.8347      4075
          5     0.9695    0.9856    0.9775       969
          6     0.9308    0.5699    0.7070       472
          7     0.9986    0.9408    0.9688       743

avg / total     0.9226    0.9256    0.9206     54924


             precision    recall  f1-score   support

          0     0.9357    0.9918    0.9629     42985
          1     0.7768    0.6122    0.6848      1586
          2     0.8023    0.6658    0.7277      2591
          3     0.9102    0.5329    0.6723      1503
          4     0.9690    0.7372    0.8374      4075
          5     0.9725    0.9866    0.9795       969
          6     0.9322    0.5826    0.7171       472
          7     1.0000    0.9462    0.9723       743

avg / total     0.9281    0.9298    0.9248     54924


             precision    recall  f1-score   support

          0     0.9348    0.9907    0.9619     42985
          1     0.7738    0.6192    0.6879      1586
          2     0.7977    0.6499    0.7163      2591
          3     0.8847    0.5462    0.6754      1503
          4     0.9602    0.7283    0.8284      4075
          5     0.9745    0.9856    0.9800       969
          6     0.9688    0.5911    0.7342       472
          7     1.0000    0.9462    0.9723       743

avg / total     0.9261    0.9281    0.9232     54924


             precision    recall  f1-score   support

          0     0.9379    0.9910    0.9637     42985
          1     0.7045    0.6646    0.6840      1586
          2     0.8152    0.6229    0.7062      2591
          3     0.9059    0.5576    0.6903      1503
          4     0.9553    0.7440    0.8365      4075
          5     0.9755    0.9845    0.9800       969
          6     0.9919    0.5212    0.6833       472
          7     0.9986    0.9475    0.9724       743

avg / total     0.9277    0.9293    0.9246     54924


             precision    recall  f1-score   support

          0     0.9355    0.9916    0.9627     42985
          1     0.7487    0.6217    0.6793      1586
          2     0.7814    0.6623    0.7169      2591
          3     0.8548    0.5522    0.6710      1503
          4     0.9812    0.7050    0.8205      4075
          5     0.9805    0.9835    0.9820       969
          6     1.0000    0.5763    0.7312       472
          7     0.9986    0.9515    0.9745       743

avg / total     0.9262    0.9278    0.9229     54924


             precision    recall  f1-score   support

          0     0.9428    0.9870    0.9644     42985
          1     0.7930    0.6280    0.7009      1586
          2     0.7699    0.7179    0.7430      2591
          3     0.8828    0.5615    0.6865      1503
          4     0.9419    0.7676    0.8459      4075
          5     0.9745    0.9866    0.9805       969
          6     0.9794    0.6038    0.7471       472
          7     1.0000    0.9462    0.9723       743

avg / total     0.9303    0.9322    0.9285     54924


             precision    recall  f1-score   support

          0     0.9394    0.9896    0.9639     42985
          1     0.7780    0.6318    0.6973      1586
          2     0.8180    0.6557    0.7279      2591
          3     0.8850    0.5582    0.6846      1503
          4     0.9318    0.7745    0.8459      4075
          5     0.9876    0.9835    0.9855       969
          6     1.0000    0.5445    0.7051       472
          7     0.9986    0.9637    0.9808       743

avg / total     0.9291    0.9315    0.9270     54924


             precision    recall  f1-score   support

          0     0.9413    0.9916    0.9658     42985
          1     0.7624    0.6494    0.7014      1586
          2     0.8116    0.7001    0.7518      2591
          3     0.9339    0.5356    0.6808      1503
          4     0.9656    0.7642    0.8532      4075
          5     0.9735    0.9866    0.9800       969
          6     0.9893    0.5869    0.7367       472
          7     0.9986    0.9475    0.9724       743

avg / total     0.9333    0.9345    0.9303     54924


             precision    recall  f1-score   support

          0     0.9349    0.9922    0.9627     42985
          1     0.7935    0.6009    0.6839      1586
          2     0.7862    0.6770    0.7275      2591
          3     0.8856    0.5303    0.6633      1503
          4     0.9747    0.7183    0.8271      4075
          5     0.9705    0.9856    0.9780       969
          6     0.9792    0.5975    0.7421       472
          7     1.0000    0.9421    0.9702       743

avg / total     0.9273    0.9288    0.9238     54924


             precision    recall  f1-score   support

          0     0.9398    0.9914    0.9649     42985
          1     0.7977    0.6066    0.6891      1586
          2     0.8010    0.7163    0.7563      2591
          3     0.8819    0.5715    0.6936      1503
          4     0.9722    0.7377    0.8388      4075
          5     0.9774    0.9835    0.9805       969
          6     0.9519    0.6292    0.7577       472
          7     0.9986    0.9489    0.9731       743

avg / total     0.9316    0.9331    0.9289     54924


             precision    recall  f1-score   support

          0     0.9380    0.9899    0.9633     42985
          1     0.7875    0.6261    0.6976      1586
          2     0.7940    0.6963    0.7419      2591
          3     0.9301    0.5223    0.6689      1503
          4     0.9543    0.7526    0.8415      4075
          5     0.9677    0.9886    0.9781       969
          6     0.8830    0.5275    0.6605       472
          7     1.0000    0.9394    0.9688       743

avg / total     0.9288    0.9305    0.9258     54924


             precision    recall  f1-score   support

          0     0.9393    0.9920    0.9649     42985
          1     0.7972    0.6173    0.6958      1586
          2     0.8150    0.6970    0.7514      2591
          3     0.9193    0.5609    0.6967      1503
          4     0.9621    0.7598    0.8490      4075
          5     0.9725    0.9856    0.9790       969
          6     0.9810    0.5466    0.7020       472
          7     0.9986    0.9435    0.9702       743

avg / total     0.9322    0.9336    0.9292     54924


             precision    recall  f1-score   support

          0     0.9420    0.9904    0.9656     42985
          1     0.8663    0.5309    0.6583      1586
          2     0.7885    0.7410    0.7640      2591
          3     0.8692    0.6148    0.7202      1503
          4     0.9466    0.7693    0.8488      4075
          5     0.9743    0.9794    0.9768       969
          6     0.9808    0.5403    0.6967       472
          7     0.9860    0.9462    0.9657       743

avg / total     0.9324    0.9341    0.9297     54924


             precision    recall  f1-score   support

          0     0.9441    0.9868    0.9650     42985
          1     0.7665    0.6456    0.7009      1586
          2     0.8224    0.7044    0.7588      2591
          3     0.8575    0.6008    0.7066      1503
          4     0.9297    0.7848    0.8511      4075
          5     0.9754    0.9835    0.9794       969
          6     0.9620    0.5360    0.6884       472
          7     0.9972    0.9489    0.9724       743

avg / total     0.9312    0.9336    0.9301     54924


             precision    recall  f1-score   support

          0     0.9503    0.9920    0.9707     42985
          1     0.8299    0.6892    0.7530      1586
          2     0.8608    0.7711    0.8135      2591
          3     0.9182    0.6494    0.7607      1503
          4     0.9545    0.7919    0.8656      4075
          5     0.9765    0.9876    0.9820       969
          6     0.9930    0.5996    0.7477       472
          7     1.0000    0.9502    0.9745       743

avg / total     0.9435    0.9446    0.9418     54924


             precision    recall  f1-score   support

          0     0.9508    0.9923    0.9711     42985
          1     0.8483    0.6734    0.7508      1586
          2     0.8517    0.7916    0.8206      2591
          3     0.9234    0.6414    0.7570      1503
          4     0.9588    0.7944    0.8689      4075
          5     0.9755    0.9866    0.9810       969
          6     0.9862    0.6038    0.7490       472
          7     0.9986    0.9489    0.9731       743

avg / total     0.9444    0.9453    0.9425     54924


             precision    recall  f1-score   support

          0     0.9524    0.9917    0.9717     42985
          1     0.8422    0.6967    0.7626      1586
          2     0.8556    0.8051    0.8296      2591
          3     0.9024    0.6647    0.7655      1503
          4     0.9667    0.7904    0.8697      4075
          5     0.9765    0.9876    0.9820       969
          6     0.9795    0.6059    0.7487       472
          7     1.0000    0.9502    0.9745       743

avg / total     0.9457    0.9465    0.9440     54924


             precision    recall  f1-score   support

          0     0.9523    0.9919    0.9717     42985
          1     0.8661    0.6690    0.7549      1586
          2     0.8348    0.8213    0.8280      2591
          3     0.9190    0.6567    0.7660      1503
          4     0.9686    0.7872    0.8686      4075
          5     0.9755    0.9876    0.9815       969
          6     0.9699    0.6144    0.7523       472
          7     0.9986    0.9515    0.9745       743

avg / total     0.9457    0.9463    0.9437     54924


             precision    recall  f1-score   support

          0     0.9547    0.9897    0.9719     42985
          1     0.8581    0.6784    0.7577      1586
          2     0.8399    0.8198    0.8297      2591
          3     0.9291    0.6447    0.7612      1503
          4     0.9206    0.8047    0.8587      4075
          5     0.9765    0.9876    0.9820       969
          6     0.9895    0.5996    0.7467       472
          7     1.0000    0.9502    0.9745       743

avg / total     0.9445    0.9456    0.9431     54924


             precision    recall  f1-score   support

          0     0.9519    0.9930    0.9720     42985
          1     0.8708    0.6929    0.7718      1586
          2     0.8640    0.8190    0.8409      2591
          3     0.9259    0.6401    0.7569      1503
          4     0.9636    0.7934    0.8703      4075
          5     0.9764    0.9814    0.9789       969
          6     0.9930    0.5996    0.7477       472
          7     0.9930    0.9502    0.9711       743

avg / total     0.9469    0.9475    0.9448     54924


             precision    recall  f1-score   support

          0     0.9538    0.9925    0.9727     42985
          1     0.8523    0.7131    0.7765      1586
          2     0.8704    0.8036    0.8356      2591
          3     0.9139    0.6780    0.7785      1503
          4     0.9643    0.8012    0.8752      4075
          5     0.9775    0.9866    0.9820       969
          6     0.9826    0.5975    0.7431       472
          7     0.9972    0.9529    0.9745       743

avg / total     0.9478    0.9487    0.9463     54924


             precision    recall  f1-score   support

          0     0.9553    0.9909    0.9728     42985
          1     0.8451    0.7156    0.7750      1586
          2     0.8611    0.8186    0.8393      2591
          3     0.9146    0.6700    0.7734      1503
          4     0.9543    0.8093    0.8758      4075
          5     0.9755    0.9866    0.9810       969
          6     0.9897    0.6123    0.7565       472
          7     0.9986    0.9489    0.9731       743

avg / total     0.9478    0.9486    0.9464     54924


             precision    recall  f1-score   support

          0     0.9554    0.9919    0.9733     42985
          1     0.8457    0.7087    0.7712      1586
          2     0.8662    0.8217    0.8433      2591
          3     0.9171    0.6700    0.7743      1503
          4     0.9637    0.8086    0.8794      4075
          5     0.9765    0.9845    0.9805       969
          6     0.9607    0.6208    0.7542       472
          7     0.9972    0.9515    0.9738       743

avg / total     0.9486    0.9494    0.9472     54924


             precision    recall  f1-score   support

          0     0.9542    0.9926    0.9730     42985
          1     0.8681    0.6929    0.7707      1586
          2     0.8668    0.8236    0.8446      2591
          3     0.9161    0.6680    0.7726      1503
          4     0.9626    0.8012    0.8745      4075
          5     0.9775    0.9866    0.9820       969
          6     0.9768    0.6250    0.7623       472
          7     0.9958    0.9529    0.9739       743

avg / total     0.9483    0.9491    0.9467     54924


             precision    recall  f1-score   support

          0     0.9559    0.9911    0.9732     42985
          1     0.8654    0.7055    0.7774      1586
          2     0.8651    0.8171    0.8404      2591
          3     0.9169    0.6826    0.7826      1503
          4     0.9456    0.8152    0.8756      4075
          5     0.9775    0.9845    0.9810       969
          6     0.9899    0.6229    0.7646       472
          7     0.9958    0.9515    0.9732       743

avg / total     0.9484    0.9493    0.9471     54924


             precision    recall  f1-score   support

          0     0.9551    0.9922    0.9733     42985
          1     0.8582    0.7175    0.7816      1586
          2     0.8713    0.8205    0.8452      2591
          3     0.9186    0.6753    0.7784      1503
          4     0.9628    0.8012    0.8746      4075
          5     0.9765    0.9866    0.9815       969
          6     0.9685    0.6504    0.7782       472
          7     0.9972    0.9529    0.9745       743

avg / total     0.9490    0.9497    0.9475     54924


             precision    recall  f1-score   support

          0     0.9555    0.9921    0.9735     42985
          1     0.8591    0.7226    0.7849      1586
          2     0.8744    0.8167    0.8445      2591
          3     0.9350    0.6700    0.7806      1503
          4     0.9539    0.8079    0.8748      4075
          5     0.9775    0.9856    0.9815       969
          6     0.9474    0.6483    0.7698       472
          7     0.9972    0.9515    0.9738       743

avg / total     0.9491    0.9500    0.9477     54924


             precision    recall  f1-score   support

          0     0.9558    0.9920    0.9735     42985
          1     0.8786    0.6936    0.7752      1586
          2     0.8560    0.8236    0.8395      2591
          3     0.9081    0.6906    0.7846      1503
          4     0.9648    0.8071    0.8789      4075
          5     0.9765    0.9856    0.9810       969
          6     0.9448    0.6525    0.7719       472
          7     0.9972    0.9515    0.9738       743

avg / total     0.9490    0.9499    0.9477     54924


             precision    recall  f1-score   support

          0     0.9560    0.9921    0.9737     42985
          1     0.8762    0.7232    0.7924      1586
          2     0.8725    0.8321    0.8518      2591
          3     0.8986    0.7013    0.7877      1503
          4     0.9680    0.8025    0.8775      4075
          5     0.9765    0.9856    0.9810       969
          6     0.9933    0.6314    0.7720       472
          7     0.9972    0.9515    0.9738       743

avg / total     0.9503    0.9510    0.9489     54924

lr:0.0119961,0.0119961,0.0119961,0.0119961,0.0119961,0.0119961,0.0119961,0.0119961,0.0119961,0.0119961,0.0119961,0.0119961,0.0119961,0.0119961,0.0119961,0.0119961,0.0119961,0.0119961,0.0119961,0.0119961,0.0119961,0.0119961,0.0119961,0.0119961,0.0119961,0.0119961,0.0119961,0.0119961,0.0119961,0.0119961,0.0119961,0.0119961,0.0119961,0.0119961,0.0119961,0.00239922,0.00239922,0.00239922,0.00239922,0.00239922,0.00239922,0.00239922,0.00239922,0.00239922,0.00239922,0.00239922,0.00239922,0.00239922,0.00239922,0.00239922
val_loss:0.400135781517,0.354280265799,0.339499692219,0.324615122786,0.317701217575,0.289446618944,0.282049944886,0.28464011318,0.26514416729,0.270931313832,0.270911096825,0.251163085475,0.246716239547,0.248277676586,0.270018673192,0.22966035257,0.237903353385,0.233679353838,0.228945867159,0.228556160713,0.233429687512,0.231349506936,0.217926988626,0.221713412725,0.218268806352,0.223285084696,0.211628697709,0.215601007062,0.208396435948,0.224693007119,0.207290337216,0.223326195896,0.210092638821,0.210533325154,0.213962716133,0.179343403425,0.175703346829,0.173543129462,0.174431772676,0.175840220953,0.18188976288,0.171079681345,0.169871905458,0.168923971485,0.169995142993,0.168367119683,0.167164608142,0.168185053762,0.167877084645,0.167374373283
acc:0.85017235528,0.883356798828,0.891349469143,0.900155364615,0.905180367149,0.908572850697,0.911328106809,0.913257999438,0.915260716961,0.917991698081,0.917991697887,0.920765159936,0.920910812664,0.922773947847,0.92396344017,0.924855560776,0.925632373033,0.926208913095,0.927938533918,0.928976306134,0.928454386079,0.928909549419,0.930086904995,0.930675583753,0.932769333925,0.932799677066,0.932908918336,0.935051219276,0.934341165129,0.934996600865,0.934268338316,0.934948049635,0.933151671653,0.934498953123,0.935409281877,0.946157206067,0.949853132678,0.951091176028,0.951673784525,0.952256393494,0.951758749457,0.952778315762,0.95342768192,0.953992084286,0.95408311737,0.954592899953,0.955715637572,0.955084474622,0.956037284314,0.9566623757
val_acc:0.877248563394,0.890339379291,0.895837885308,0.898969484963,0.900280386255,0.9116233346,0.913735345689,0.910075741823,0.917577017105,0.915774526673,0.915064452151,0.921546137886,0.922256209178,0.92223800132,0.913152720847,0.927153887565,0.92236545189,0.925606291242,0.927226713294,0.925260358416,0.92720850702,0.925569878694,0.92977568826,0.928118855501,0.929265895108,0.92782754124,0.932160803278,0.931505353342,0.934454881162,0.928847131483,0.933143980022,0.930485759236,0.933635568803,0.934054328308,0.933635566902,0.94457796043,0.945288033307,0.946544313724,0.946325831152,0.945633963915,0.947472867589,0.948656321961,0.948638116955,0.949439224686,0.94911149845,0.949329980706,0.949748742429,0.949967225953,0.949876191415,0.950986815622
loss:0.489154864067,0.377787162432,0.351766823934,0.325387568531,0.308818269214,0.297218075866,0.285554860782,0.278071534844,0.268859287986,0.258483060472,0.256846272711,0.248123595105,0.244106079234,0.237159230955,0.235529122377,0.230391834086,0.226859986048,0.226183076181,0.219304421884,0.214785363751,0.215490159981,0.215448471729,0.210263928016,0.209349458605,0.202439585791,0.202202609458,0.201470229683,0.197573637698,0.197808906522,0.195554405035,0.198885300568,0.196664631119,0.201011166521,0.197564278537,0.194196725559,0.164260468745,0.15185116886,0.147180968987,0.145055645782,0.14341568203,0.14455580244,0.143178277238,0.13896651124,0.137395586374,0.138508356349,0.135357982106,0.134157648351,0.134603225638,0.131599929681,0.129613972263
