
             precision    recall  f1-score   support

          0     0.8743    0.9959    0.9311     42985
          1     0.6316    0.6053    0.6182      1586
          2     0.8447    0.3632    0.5080      2591
          3     0.8098    0.3626    0.5009      1503
          4     0.9735    0.2344    0.3778      4075
          5     0.9656    0.9835    0.9744       969
          6     0.0000    0.0000    0.0000       472
          7     0.9985    0.9206    0.9580       743

avg / total     0.8672    0.8711    0.8424     54924


             precision    recall  f1-score   support

          0     0.8882    0.9951    0.9386     42985
          1     0.6540    0.5006    0.5671      1586
          2     0.7495    0.4134    0.5328      2591
          3     0.8921    0.3739    0.5270      1503
          4     0.9408    0.4172    0.5780      4075
          5     0.9667    0.9876    0.9770       969
          6     0.0000    0.0000    0.0000       472
          7     1.0000    0.9341    0.9659       743

avg / total     0.8741    0.8840    0.8637     54924


             precision    recall  f1-score   support

          0     0.8965    0.9950    0.9432     42985
          1     0.6552    0.5643    0.6064      1586
          2     0.7596    0.4512    0.5661      2591
          3     0.9217    0.3679    0.5259      1503
          4     0.9780    0.4793    0.6433      4075
          5     0.9692    0.9752    0.9722       969
          6     1.0000    0.0847    0.1562       472
          7     1.0000    0.9354    0.9666       743

avg / total     0.8933    0.8925    0.8761     54924


             precision    recall  f1-score   support

          0     0.9018    0.9956    0.9464     42985
          1     0.6490    0.5315    0.5844      1586
          2     0.7493    0.4431    0.5569      2591
          3     0.9144    0.4192    0.5748      1503
          4     0.9814    0.5040    0.6660      4075
          5     0.9694    0.9814    0.9754       969
          6     0.9775    0.3686    0.5354       472
          7     0.9971    0.9354    0.9653       743

avg / total     0.8967    0.8975    0.8838     54924


             precision    recall  f1-score   support

          0     0.9093    0.9958    0.9505     42985
          1     0.7029    0.3222    0.4419      1586
          2     0.6638    0.5426    0.5972      2591
          3     0.9334    0.3919    0.5520      1503
          4     0.9765    0.6022    0.7450      4075
          5     0.9706    0.9876    0.9790       969
          6     1.0000    0.3750    0.5455       472
          7     1.0000    0.9381    0.9681       743

avg / total     0.9005    0.9030    0.8903     54924


             precision    recall  f1-score   support

          0     0.9090    0.9942    0.9497     42985
          1     0.6715    0.5542    0.6073      1586
          2     0.7645    0.4585    0.5732      2591
          3     0.9371    0.4165    0.5767      1503
          4     0.9562    0.5845    0.7256      4075
          5     0.9656    0.9845    0.9750       969
          6     1.0000    0.4195    0.5910       472
          7     0.9957    0.9381    0.9660       743

avg / total     0.9025    0.9042    0.8928     54924


             precision    recall  f1-score   support

          0     0.9262    0.9707    0.9479     42985
          1     0.6897    0.5284    0.5984      1586
          2     0.7516    0.5068    0.6053      2591
          3     0.8577    0.4251    0.5685      1503
          4     0.6965    0.7293    0.7125      4075
          5     0.9666    0.9856    0.9760       969
          6     1.0000    0.4428    0.6138       472
          7     0.9972    0.9421    0.9689       743

avg / total     0.8945    0.8985    0.8917     54924


             precision    recall  f1-score   support

          0     0.9188    0.9906    0.9534     42985
          1     0.6613    0.5921    0.6248      1586
          2     0.7721    0.4747    0.5880      2591
          3     0.8898    0.4405    0.5892      1503
          4     0.9343    0.6731    0.7825      4075
          5     0.9745    0.9845    0.9795       969
          6     1.0000    0.4322    0.6036       472
          7     1.0000    0.9421    0.9702       743

avg / total     0.9075    0.9106    0.9017     54924


             precision    recall  f1-score   support

          0     0.9210    0.9920    0.9552     42985
          1     0.6861    0.5927    0.6360      1586
          2     0.8134    0.5014    0.6203      2591
          3     0.9257    0.4311    0.5883      1503
          4     0.9277    0.6893    0.7909      4075
          5     0.9686    0.9866    0.9775       969
          6     0.9463    0.4852    0.6415       472
          7     0.9986    0.9435    0.9702       743

avg / total     0.9119    0.9144    0.9058     54924


             precision    recall  f1-score   support

          0     0.9178    0.9932    0.9540     42985
          1     0.7049    0.5845    0.6391      1586
          2     0.7891    0.5214    0.6279      2591
          3     0.8431    0.4790    0.6109      1503
          4     0.9683    0.6216    0.7571      4075
          5     0.9706    0.9866    0.9785       969
          6     0.9909    0.4619    0.6301       472
          7     0.9986    0.9435    0.9702       743

avg / total     0.9099    0.9122    0.9034     54924


             precision    recall  f1-score   support

          0     0.9261    0.9844    0.9544     42985
          1     0.7218    0.5334    0.6135      1586
          2     0.7475    0.5666    0.6446      2591
          3     0.8982    0.4637    0.6117      1503
          4     0.8586    0.7242    0.7857      4075
          5     0.9706    0.9876    0.9790       969
          6     1.0000    0.4216    0.5931       472
          7     1.0000    0.9381    0.9681       743

avg / total     0.9084    0.9127    0.9055     54924


             precision    recall  f1-score   support

          0     0.9216    0.9934    0.9561     42985
          1     0.7287    0.5776    0.6444      1586
          2     0.7804    0.5816    0.6665      2591
          3     0.9056    0.4597    0.6099      1503
          4     0.9738    0.6560    0.7839      4075
          5     0.9735    0.9856    0.9795       969
          6     1.0000    0.4322    0.6036       472
          7     0.9972    0.9489    0.9724       743

avg / total     0.9154    0.9168    0.9088     54924


             precision    recall  f1-score   support

          0     0.9243    0.9893    0.9557     42985
          1     0.6890    0.6021    0.6427      1586
          2     0.7884    0.5492    0.6474      2591
          3     0.9101    0.4444    0.5972      1503
          4     0.9269    0.6903    0.7913      4075
          5     0.9731    0.9721    0.9726       969
          6     0.9405    0.5360    0.6829       472
          7     0.9805    0.9475    0.9637       743

avg / total     0.9127    0.9155    0.9082     54924


             precision    recall  f1-score   support

          0     0.9281    0.9929    0.9594     42985
          1     0.7092    0.6305    0.6676      1586
          2     0.8267    0.5376    0.6515      2591
          3     0.8941    0.4830    0.6272      1503
          4     0.9533    0.7259    0.8242      4075
          5     0.9696    0.9876    0.9785       969
          6     1.0000    0.4958    0.6629       472
          7     0.9845    0.9381    0.9607       743

avg / total     0.9200    0.9221    0.9151     54924


             precision    recall  f1-score   support

          0     0.9307    0.9856    0.9574     42985
          1     0.7566    0.5567    0.6415      1586
          2     0.6842    0.6580    0.6709      2591
          3     0.8284    0.4850    0.6118      1503
          4     0.9693    0.6815    0.8003      4075
          5     0.9714    0.9825    0.9769       969
          6     0.8567    0.5445    0.6658       472
          7     0.9832    0.9462    0.9643       743

avg / total     0.9149    0.9172    0.9115     54924


             precision    recall  f1-score   support

          0     0.9285    0.9920    0.9592     42985
          1     0.7242    0.6160    0.6658      1586
          2     0.7994    0.5890    0.6782      2591
          3     0.8968    0.4857    0.6301      1503
          4     0.9686    0.7124    0.8210      4075
          5     0.9686    0.9866    0.9775       969
          6     0.9357    0.4936    0.6463       472
          7     1.0000    0.9381    0.9681       743

avg / total     0.9204    0.9224    0.9160     54924


             precision    recall  f1-score   support

          0     0.9321    0.9855    0.9581     42985
          1     0.7785    0.5605    0.6518      1586
          2     0.7783    0.6519    0.7095      2591
          3     0.8873    0.4870    0.6289      1503
          4     0.8909    0.7453    0.8116      4075
          5     0.9724    0.9835    0.9779       969
          6     0.9585    0.4894    0.6480       472
          7     0.9943    0.9462    0.9697       743

avg / total     0.9179    0.9212    0.9155     54924


             precision    recall  f1-score   support

          0     0.9283    0.9913    0.9588     42985
          1     0.7838    0.5921    0.6746      1586
          2     0.7941    0.6222    0.6977      2591
          3     0.8842    0.4977    0.6369      1503
          4     0.9558    0.7161    0.8187      4075
          5     0.9682    0.9732    0.9707       969
          6     0.9651    0.4682    0.6305       472
          7     0.9985    0.9246    0.9602       743

avg / total     0.9206    0.9227    0.9165     54924


             precision    recall  f1-score   support

          0     0.9268    0.9910    0.9578     42985
          1     0.7547    0.5782    0.6548      1586
          2     0.7881    0.6102    0.6878      2591
          3     0.9120    0.4617    0.6131      1503
          4     0.9349    0.6942    0.7968      4075
          5     0.9735    0.9856    0.9795       969
          6     0.9655    0.5339    0.6876       472
          7     0.9930    0.9489    0.9704       743

avg / total     0.9175    0.9200    0.9132     54924


             precision    recall  f1-score   support

          0     0.9331    0.9907    0.9610     42985
          1     0.7180    0.6759    0.6963      1586
          2     0.8375    0.6005    0.6995      2591
          3     0.9186    0.5030    0.6500      1503
          4     0.9366    0.7328    0.8222      4075
          5     0.9713    0.9763    0.9738       969
          6     1.0000    0.5042    0.6704       472
          7     0.9859    0.9435    0.9642       743

avg / total     0.9242    0.9257    0.9200     54924


             precision    recall  f1-score   support

          0     0.9321    0.9923    0.9613     42985
          1     0.8132    0.5681    0.6689      1586
          2     0.7791    0.6820    0.7273      2591
          3     0.9117    0.5223    0.6641      1503
          4     0.9772    0.7141    0.8252      4075
          5     0.9666    0.9866    0.9765       969
          6     0.9774    0.5487    0.7028       472
          7     1.0000    0.9367    0.9673       743

avg / total     0.9262    0.9272    0.9217     54924


             precision    recall  f1-score   support

          0     0.9379    0.9883    0.9624     42985
          1     0.7543    0.6078    0.6732      1586
          2     0.8068    0.6754    0.7353      2591
          3     0.8857    0.5622    0.6878      1503
          4     0.9290    0.7421    0.8251      4075
          5     0.9706    0.9876    0.9790       969
          6     0.9541    0.5720    0.7152       472
          7     0.9929    0.9367    0.9640       743

avg / total     0.9258    0.9284    0.9238     54924


             precision    recall  f1-score   support

          0     0.9394    0.9845    0.9614     42985
          1     0.7819    0.5788    0.6652      1586
          2     0.8124    0.6534    0.7243      2591
          3     0.9292    0.5236    0.6698      1503
          4     0.8283    0.7693    0.7977      4075
          5     0.9736    0.9886    0.9811       969
          6     0.9303    0.5657    0.7036       472
          7     0.9818    0.9421    0.9615       743

avg / total     0.9214    0.9245    0.9197     54924


             precision    recall  f1-score   support

          0     0.9381    0.9888    0.9627     42985
          1     0.7613    0.6154    0.6806      1586
          2     0.7849    0.7055    0.7431      2591
          3     0.8963    0.5116    0.6514      1503
          4     0.9396    0.7364    0.8257      4075
          5     0.9743    0.9783    0.9763       969
          6     0.9700    0.5487    0.7009       472
          7     0.9874    0.9475    0.9670       743

avg / total     0.9263    0.9283    0.9236     54924


             precision    recall  f1-score   support

          0     0.9387    0.9882    0.9628     42985
          1     0.8141    0.5965    0.6885      1586
          2     0.7929    0.7271    0.7586      2591
          3     0.8699    0.5695    0.6884      1503
          4     0.9354    0.7360    0.8238      4075
          5     0.9731    0.9690    0.9710       969
          6     0.9805    0.5339    0.6914       472
          7     0.9737    0.9475    0.9604       743

avg / total     0.9275    0.9296    0.9252     54924


             precision    recall  f1-score   support

          0     0.9368    0.9900    0.9627     42985
          1     0.7678    0.5839    0.6633      1586
          2     0.7844    0.6966    0.7379      2591
          3     0.8856    0.5615    0.6873      1503
          4     0.9643    0.7296    0.8307      4075
          5     0.9696    0.9876    0.9785       969
          6     0.9700    0.5487    0.7009       472
          7     1.0000    0.9421    0.9702       743

avg / total     0.9271    0.9289    0.9242     54924


             precision    recall  f1-score   support

          0     0.9399    0.9895    0.9641     42985
          1     0.7544    0.6778    0.7140      1586
          2     0.8446    0.6546    0.7376      2591
          3     0.8909    0.5649    0.6914      1503
          4     0.9344    0.7580    0.8370      4075
          5     0.9783    0.9783    0.9783       969
          6     0.9249    0.5742    0.7085       472
          7     0.9875    0.9556    0.9713       743

avg / total     0.9295    0.9317    0.9274     54924


             precision    recall  f1-score   support

          0     0.9369    0.9922    0.9638     42985
          1     0.8315    0.6066    0.7014      1586
          2     0.8120    0.7117    0.7585      2591
          3     0.9056    0.5489    0.6835      1503
          4     0.9650    0.7379    0.8363      4075
          5     0.9744    0.9825    0.9784       969
          6     0.9773    0.5466    0.7011       472
          7     0.9929    0.9475    0.9697       743

avg / total     0.9310    0.9322    0.9275     54924


             precision    recall  f1-score   support

          0     0.9407    0.9904    0.9649     42985
          1     0.7832    0.6400    0.7044      1586
          2     0.8094    0.7129    0.7581      2591
          3     0.8415    0.6041    0.7033      1503
          4     0.9760    0.7271    0.8334      4075
          5     0.9744    0.9835    0.9789       969
          6     0.9512    0.5784    0.7194       472
          7     0.9943    0.9462    0.9697       743

avg / total     0.9312    0.9328    0.9289     54924


             precision    recall  f1-score   support

          0     0.9412    0.9896    0.9648     42985
          1     0.7717    0.6778    0.7217      1586
          2     0.8156    0.7287    0.7697      2591
          3     0.9015    0.5542    0.6864      1503
          4     0.9660    0.7394    0.8376      4075
          5     0.9744    0.9804    0.9774       969
          6     0.9474    0.5720    0.7133       472
          7     0.9805    0.9489    0.9644       743

avg / total     0.9323    0.9335    0.9296     54924


             precision    recall  f1-score   support

          0     0.9404    0.9902    0.9646     42985
          1     0.8198    0.6280    0.7112      1586
          2     0.8167    0.7569    0.7857      2591
          3     0.8874    0.5768    0.6992      1503
          4     0.9623    0.7256    0.8274      4075
          5     0.9743    0.9794    0.9768       969
          6     0.9148    0.5911    0.7181       472
          7     0.9874    0.9489    0.9677       743

avg / total     0.9322    0.9336    0.9296     54924


             precision    recall  f1-score   support

          0     0.9430    0.9884    0.9652     42985
          1     0.7780    0.6828    0.7273      1586
          2     0.8431    0.7113    0.7716      2591
          3     0.8586    0.6061    0.7106      1503
          4     0.9531    0.7573    0.8440      4075
          5     0.9733    0.9794    0.9763       969
          6     0.9311    0.6017    0.7310       472
          7     0.9860    0.9462    0.9657       743

avg / total     0.9330    0.9349    0.9314     54924


             precision    recall  f1-score   support

          0     0.9456    0.9774    0.9612     42985
          1     0.7166    0.7062    0.7113      1586
          2     0.8294    0.6847    0.7501      2591
          3     0.8182    0.5868    0.6835      1503
          4     0.8468    0.7745    0.8090      4075
          5     0.9676    0.9866    0.9770       969
          6     0.9215    0.5720    0.7059       472
          7     0.9943    0.9408    0.9668       743

avg / total     0.9235    0.9262    0.9233     54924


             precision    recall  f1-score   support

          0     0.9438    0.9859    0.9644     42985
          1     0.7888    0.6665    0.7225      1586
          2     0.8401    0.7221    0.7767      2591
          3     0.8459    0.6028    0.7040      1503
          4     0.9107    0.7629    0.8303      4075
          5     0.9703    0.9763    0.9733       969
          6     0.9582    0.5826    0.7246       472
          7     0.9873    0.9421    0.9642       743

avg / total     0.9305    0.9329    0.9295     54924


             precision    recall  f1-score   support

          0     0.9425    0.9906    0.9659     42985
          1     0.8635    0.6021    0.7095      1586
          2     0.8199    0.7765    0.7976      2591
          3     0.9176    0.5782    0.7094      1503
          4     0.9479    0.7588    0.8429      4075
          5     0.9742    0.9742    0.9742       969
          6     0.9517    0.5847    0.7244       472
          7     0.9764    0.9462    0.9610       743

avg / total     0.9353    0.9364    0.9324     54924


             precision    recall  f1-score   support

          0     0.9432    0.9915    0.9667     42985
          1     0.7954    0.6570    0.7196      1586
          2     0.8412    0.7321    0.7829      2591
          3     0.8789    0.5988    0.7123      1503
          4     0.9698    0.7561    0.8497      4075
          5     0.9734    0.9804    0.9769       969
          6     0.9757    0.5953    0.7395       472
          7     0.9929    0.9462    0.9690       743

avg / total     0.9358    0.9371    0.9335     54924


             precision    recall  f1-score   support

          0     0.9444    0.9895    0.9664     42985
          1     0.7808    0.6917    0.7335      1586
          2     0.8411    0.7132    0.7719      2591
          3     0.8213    0.6267    0.7109      1503
          4     0.9725    0.7558    0.8506      4075
          5     0.9754    0.9804    0.9779       969
          6     0.9723    0.5953    0.7385       472
          7     0.9915    0.9448    0.9676       743

avg / total     0.9350    0.9365    0.9332     54924


             precision    recall  f1-score   support

          0     0.9446    0.9905    0.9670     42985
          1     0.8110    0.6955    0.7488      1586
          2     0.8374    0.7754    0.8052      2591
          3     0.8843    0.5795    0.7002      1503
          4     0.9766    0.7470    0.8465      4075
          5     0.9735    0.9856    0.9795       969
          6     0.9419    0.6186    0.7468       472
          7     0.9957    0.9394    0.9668       743

avg / total     0.9376    0.9385    0.9352     54924


             precision    recall  f1-score   support

          0     0.9416    0.9912    0.9657     42985
          1     0.7739    0.7081    0.7395      1586
          2     0.8739    0.6793    0.7644      2591
          3     0.8615    0.5669    0.6838      1503
          4     0.9579    0.7642    0.8501      4075
          5     0.9741    0.9701    0.9721       969
          6     0.9757    0.5953    0.7395       472
          7     0.9791    0.9448    0.9616       743

avg / total     0.9339    0.9354    0.9315     54924


             precision    recall  f1-score   support

          0     0.9459    0.9850    0.9651     42985
          1     0.7755    0.7100    0.7413      1586
          2     0.8478    0.6966    0.7648      2591
          3     0.8035    0.6041    0.6897      1503
          4     0.9240    0.7848    0.8487      4075
          5     0.9761    0.9711    0.9736       969
          6     0.9194    0.6038    0.7289       472
          7     0.9805    0.9462    0.9630       743

avg / total     0.9316    0.9341    0.9311     54924


             precision    recall  f1-score   support

          0     0.9474    0.9840    0.9654     42985
          1     0.7741    0.7131    0.7424      1586
          2     0.8707    0.7017    0.7771      2591
          3     0.8604    0.5702    0.6859      1503
          4     0.8592    0.7799    0.8176      4075
          5     0.9715    0.9866    0.9790       969
          6     0.8424    0.6229    0.7162       472
          7     0.9986    0.9408    0.9688       743

avg / total     0.9301    0.9328    0.9296     54924


             precision    recall  f1-score   support

          0     0.9477    0.9877    0.9673     42985
          1     0.8139    0.6728    0.7366      1586
          2     0.8272    0.7669    0.7959      2591
          3     0.8495    0.6194    0.7164      1503
          4     0.9489    0.7796    0.8560      4075
          5     0.9742    0.9752    0.9747       969
          6     0.9509    0.5742    0.7160       472
          7     0.9887    0.9462    0.9670       743

avg / total     0.9366    0.9384    0.9354     54924


             precision    recall  f1-score   support

          0     0.9479    0.9878    0.9675     42985
          1     0.8087    0.6879    0.7434      1586
          2     0.8418    0.7619    0.7998      2591
          3     0.8204    0.6567    0.7295      1503
          4     0.9552    0.7634    0.8486      4075
          5     0.9736    0.9876    0.9805       969
          6     0.9446    0.5784    0.7175       472
          7     1.0000    0.9475    0.9730       743

avg / total     0.9371    0.9387    0.9359     54924


             precision    recall  f1-score   support

          0     0.9481    0.9865    0.9669     42985
          1     0.8310    0.5984    0.6957      1586
          2     0.7934    0.7827    0.7880      2591
          3     0.8328    0.6361    0.7212      1503
          4     0.9336    0.7730    0.8458      4075
          5     0.9754    0.9814    0.9784       969
          6     0.9450    0.5826    0.7208       472
          7     0.9901    0.9462    0.9677       743

avg / total     0.9342    0.9361    0.9330     54924


             precision    recall  f1-score   support

          0     0.9513    0.9877    0.9692     42985
          1     0.7787    0.7144    0.7451      1586
          2     0.8581    0.7514    0.8012      2591
          3     0.8862    0.6114    0.7236      1503
          4     0.9223    0.8012    0.8575      4075
          5     0.9685    0.9835    0.9759       969
          6     0.9503    0.6081    0.7416       472
          7     0.9929    0.9408    0.9661       743

avg / total     0.9388    0.9406    0.9379     54924


             precision    recall  f1-score   support

          0     0.9505    0.9873    0.9685     42985
          1     0.8185    0.6683    0.7359      1586
          2     0.8014    0.7912    0.7963      2591
          3     0.8356    0.6593    0.7371      1503
          4     0.9711    0.7676    0.8575      4075
          5     0.9725    0.9866    0.9795       969
          6     0.9133    0.6250    0.7421       472
          7     0.9916    0.9502    0.9704       743

avg / total     0.9387    0.9399    0.9374     54924


             precision    recall  f1-score   support

          0     0.9467    0.9860    0.9660     42985
          1     0.7944    0.6942    0.7409      1586
          2     0.8420    0.7383    0.7868      2591
          3     0.8974    0.5702    0.6973      1503
          4     0.9037    0.7899    0.8430      4075
          5     0.9715    0.9835    0.9774       969
          6     0.9691    0.5975    0.7392       472
          7     0.9915    0.9462    0.9683       743

avg / total     0.9341    0.9360    0.9328     54924


             precision    recall  f1-score   support

          0     0.9428    0.9912    0.9664     42985
          1     0.8399    0.6154    0.7103      1586
          2     0.8101    0.7491    0.7784      2591
          3     0.8676    0.6015    0.7104      1503
          4     0.9728    0.7460    0.8444      4075
          5     0.9725    0.9866    0.9795       969
          6     0.9159    0.6229    0.7415       472
          7     0.9972    0.9462    0.9710       743

avg / total     0.9348    0.9362    0.9324     54924


             precision    recall  f1-score   support

          0     0.9468    0.9911    0.9685     42985
          1     0.7834    0.7182    0.7493      1586
          2     0.8668    0.7356    0.7958      2591
          3     0.8743    0.6248    0.7288      1503
          4     0.9685    0.7629    0.8535      4075
          5     0.9741    0.9711    0.9726       969
          6     0.9150    0.5932    0.7198       472
          7     0.9791    0.9462    0.9624       743

avg / total     0.9386    0.9399    0.9368     54924


             precision    recall  f1-score   support

          0     0.9492    0.9891    0.9687     42985
          1     0.7999    0.7106    0.7526      1586
          2     0.8593    0.7634    0.8085      2591
          3     0.8695    0.6474    0.7422      1503
          4     0.9527    0.7718    0.8528      4075
          5     0.9608    0.9876    0.9740       969
          6     0.9652    0.5869    0.7299       472
          7     0.9778    0.9475    0.9624       743

avg / total     0.9395    0.9409    0.9381     54924

lr:0.0189221,0.0189221,0.0189221,0.0189221,0.0189221,0.0189221,0.0189221,0.0189221,0.0189221,0.0189221,0.0189221,0.0189221,0.0189221,0.0189221,0.0189221,0.0189221,0.0189221,0.0189221,0.0189221,0.0189221,0.0189221,0.0189221,0.0189221,0.0189221,0.0189221,0.0189221,0.0189221,0.0189221,0.0189221,0.0189221,0.0189221,0.0189221,0.0189221,0.0189221,0.0189221,0.0189221,0.0189221,0.0189221,0.0189221,0.0189221,0.0189221,0.0189221,0.0189221,0.0189221,0.0189221,0.0189221,0.0189221,0.0189221,0.0189221,0.0189221
val_loss:0.412992953102,0.376169807357,0.354352768592,0.33672930739,0.31355169477,0.314103584044,0.315759215493,0.290401863068,0.274811536789,0.287385335646,0.274980343471,0.26385597207,0.266188527766,0.25058454663,0.257030857662,0.244695663932,0.249744457292,0.246853208358,0.248876384561,0.233960611869,0.234531864776,0.222441843124,0.234294383494,0.233154656209,0.22149523503,0.21977161977,0.217476856735,0.219161449284,0.214053883229,0.2088161937,0.212889874097,0.208348137842,0.223468795086,0.212380644914,0.21449417991,0.202297321338,0.207645929522,0.201383375316,0.206779407679,0.209732192107,0.210400029925,0.197817421912,0.204146869888,0.204110252351,0.19749920228,0.193988769914,0.2091041655,0.206772329812,0.196273479388,0.191209898066
acc:0.831625966466,0.879697285738,0.889480260856,0.893085155712,0.902036702647,0.906418407807,0.908760981037,0.909167596894,0.912808901143,0.915284990432,0.91655944781,0.919169050612,0.920680193394,0.922482642077,0.923235177027,0.925595957447,0.926512354474,0.923550754584,0.924922319479,0.926985724968,0.92932223071,0.930062626698,0.93274505636,0.933534007524,0.93327304727,0.933740347444,0.9344504014,0.937108558214,0.936708011336,0.939244789593,0.939772779955,0.93893527743,0.939311546241,0.940221873186,0.940992615447,0.941605569719,0.94048890253,0.942327762529,0.940355386597,0.941453849704,0.942576583076,0.94183618346,0.941799772048,0.943274501461,0.94348084319,0.944561096404,0.944342618216,0.943565806961,0.945350047386,0.943584012062
val_acc:0.871131016959,0.883985142929,0.892542425182,0.89745830604,0.902956815477,0.904176679362,0.898514307367,0.910621945704,0.914408995899,0.912169539592,0.912733955825,0.9167576985,0.915537832718,0.92205592981,0.917158256406,0.922401860192,0.92121840767,0.92274779505,0.920016747107,0.925660907606,0.927226712504,0.928355544287,0.9244956667,0.928319127768,0.929593614094,0.928901750825,0.931651006275,0.932215422945,0.932834455025,0.933471700962,0.933635565417,0.934873639287,0.926207115581,0.932943699205,0.936384819504,0.937149512695,0.936457646092,0.938533243492,0.935419845947,0.934127155912,0.932761632062,0.938369379814,0.938733520012,0.936148129724,0.940590630902,0.939898763279,0.93603889114,0.936202748906,0.939862350532,0.940863736641
loss:0.55462663485,0.396941582569,0.363170228205,0.346767605054,0.320919213753,0.305667439726,0.298360202253,0.291571638331,0.279166277755,0.268897706797,0.264435178693,0.254132663507,0.248865638644,0.241619571804,0.236819049557,0.231391659996,0.227502570813,0.235423974064,0.232260392936,0.225238713524,0.218516812625,0.2163476938,0.206655091301,0.205956400411,0.205087072052,0.200618110044,0.199158927642,0.193020613638,0.191733014907,0.186417937694,0.184288696087,0.184261489226,0.183684882481,0.183107886378,0.178223349765,0.177355353302,0.179775319679,0.17559483002,0.180689038251,0.176615657443,0.173114050539,0.173499498134,0.174894473298,0.17249755599,0.169712819534,0.167292232391,0.169269053691,0.169411497949,0.167868176492,0.172179322588
