
             precision    recall  f1-score   support

          0     0.8830    0.9930    0.9348     42985
          1     0.6592    0.3720    0.4756      1586
          2     0.6471    0.4550    0.5343      2591
          3     0.8443    0.3500    0.4948      1503
          4     0.9204    0.3546    0.5120      4075
          5     0.9474    0.9845    0.9656       969
          6     0.0000    0.0000    0.0000       472
          7     0.9955    0.8977    0.9441       743

avg / total     0.8622    0.8747    0.8519     54924


             precision    recall  f1-score   support

          0     0.9011    0.9696    0.9341     42985
          1     0.6275    0.5958    0.6113      1586
          2     0.8058    0.3412    0.4794      2591
          3     0.6970    0.4178    0.5225      1503
          4     0.8063    0.5119    0.6262      4075
          5     0.9696    0.9546    0.9620       969
          6     0.0000    0.0000    0.0000       472
          7     0.4343    0.9515    0.5964       743

avg / total     0.8632    0.8712    0.8571     54924


             precision    recall  f1-score   support

          0     0.8884    0.9965    0.9394     42985
          1     0.6225    0.6198    0.6212      1586
          2     0.7849    0.3254    0.4600      2591
          3     0.9308    0.3041    0.4584      1503
          4     0.9852    0.4425    0.6107      4075
          5     0.9730    0.9680    0.9705       969
          6     0.9818    0.1144    0.2049       472
          7     0.9764    0.9448    0.9603       743

avg / total     0.8877    0.8851    0.8645     54924


             precision    recall  f1-score   support

          0     0.9030    0.9910    0.9450     42985
          1     0.6956    0.4653    0.5576      1586
          2     0.6861    0.4446    0.5396      2591
          3     0.8734    0.4039    0.5523      1503
          4     0.9239    0.5632    0.6998      4075
          5     0.9684    0.9804    0.9744       969
          6     1.0000    0.3242    0.4896       472
          7     0.9986    0.9314    0.9638       743

avg / total     0.8908    0.8955    0.8826     54924


             precision    recall  f1-score   support

          0     0.9071    0.9938    0.9485     42985
          1     0.7265    0.3266    0.4506      1586
          2     0.6720    0.5006    0.5738      2591
          3     0.8914    0.4152    0.5665      1503
          4     0.9421    0.6032    0.7355      4075
          5     0.9715    0.9866    0.9790       969
          6     0.9947    0.4004    0.5710       472
          7     0.9986    0.9421    0.9695       743

avg / total     0.8961    0.9006    0.8877     54924


             precision    recall  f1-score   support

          0     0.9092    0.9947    0.9500     42985
          1     0.6838    0.4351    0.5318      1586
          2     0.7098    0.4766    0.5703      2591
          3     0.9222    0.3945    0.5527      1503
          4     0.9637    0.5995    0.7392      4075
          5     0.9133    0.9886    0.9495       969
          6     0.9858    0.4428    0.6111       472
          7     0.9845    0.9421    0.9629       743

avg / total     0.8995    0.9028    0.8908     54924


             precision    recall  f1-score   support

          0     0.9111    0.9951    0.9512     42985
          1     0.7237    0.3253    0.4489      1586
          2     0.6538    0.5349    0.5884      2591
          3     0.9249    0.4098    0.5680      1503
          4     0.9704    0.6120    0.7506      4075
          5     0.9718    0.9618    0.9668       969
          6     0.9910    0.4682    0.6360       472
          7     0.9654    0.9394    0.9523       743

avg / total     0.9008    0.9037    0.8918     54924


             precision    recall  f1-score   support

          0     0.9121    0.9910    0.9499     42985
          1     0.6946    0.4332    0.5336      1586
          2     0.6728    0.4832    0.5624      2591
          3     0.9146    0.4418    0.5958      1503
          4     0.9297    0.6228    0.7459      4075
          5     0.9735    0.9845    0.9790       969
          6     0.9956    0.4831    0.6505       472
          7     0.9943    0.9462    0.9697       743

avg / total     0.8988    0.9035    0.8930     54924


             precision    recall  f1-score   support

          0     0.8996    0.9946    0.9447     42985
          1     0.6751    0.5069    0.5790      1586
          2     0.7126    0.4527    0.5537      2591
          3     0.9100    0.4039    0.5594      1503
          4     0.9808    0.4898    0.6534      4075
          5     0.9410    0.9876    0.9637       969
          6     0.9946    0.3919    0.5623       472
          7     1.0000    0.8869    0.9401       743

avg / total     0.8935    0.8945    0.8805     54924


             precision    recall  f1-score   support

          0     0.9110    0.9933    0.9504     42985
          1     0.6618    0.5429    0.5965      1586
          2     0.7605    0.4253    0.5455      2591
          3     0.9258    0.4152    0.5733      1503
          4     0.9369    0.6302    0.7535      4075
          5     0.9744    0.9814    0.9779       969
          6     1.0000    0.4428    0.6138       472
          7     0.9915    0.9435    0.9669       743

avg / total     0.9020    0.9051    0.8939     54924


             precision    recall  f1-score   support

          0     0.9114    0.9938    0.9508     42985
          1     0.6336    0.6324    0.6330      1586
          2     0.7639    0.3983    0.5236      2591
          3     0.9178    0.4012    0.5583      1503
          4     0.9690    0.6066    0.7462      4075
          5     0.9541    0.9866    0.9701       969
          6     1.0000    0.4640    0.6339       472
          7     1.0000    0.9273    0.9623       743

avg / total     0.9036    0.9048    0.8934     54924


             precision    recall  f1-score   support

          0     0.9157    0.9906    0.9517     42985
          1     0.7071    0.4779    0.5704      1586
          2     0.7155    0.4863    0.5790      2591
          3     0.9340    0.3859    0.5461      1503
          4     0.9133    0.6795    0.7792      4075
          5     0.9608    0.9866    0.9735       969
          6     0.9879    0.5169    0.6787       472
          7     0.9986    0.9394    0.9681       743

avg / total     0.9031    0.9075    0.8975     54924


             precision    recall  f1-score   support

          0     0.9183    0.9889    0.9523     42985
          1     0.6929    0.4212    0.5239      1586
          2     0.6770    0.5712    0.6196      2591
          3     0.9056    0.4212    0.5749      1503
          4     0.9218    0.6537    0.7650      4075
          5     0.9715    0.9866    0.9790       969
          6     0.9952    0.4428    0.6129       472
          7     0.9986    0.9448    0.9710       743

avg / total     0.9030    0.9070    0.8978     54924


             precision    recall  f1-score   support

          0     0.9149    0.9928    0.9523     42985
          1     0.6593    0.6198    0.6389      1586
          2     0.7546    0.4701    0.5793      2591
          3     0.9319    0.4005    0.5603      1503
          4     0.9783    0.6307    0.7669      4075
          5     0.9675    0.9835    0.9754       969
          6     0.9776    0.4619    0.6273       472
          7     0.9986    0.9354    0.9659       743

avg / total     0.9077    0.9088    0.8989     54924


             precision    recall  f1-score   support

          0     0.9158    0.9862    0.9497     42985
          1     0.7158    0.4653    0.5640      1586
          2     0.7010    0.5203    0.5973      2591
          3     0.9540    0.3586    0.5213      1503
          4     0.9796    0.6248    0.7630      4075
          5     0.9773    0.9763    0.9768       969
          6     0.9872    0.4894    0.6544       472
          7     0.5380    0.9529    0.6877       743

avg / total     0.9023    0.9003    0.8907     54924


             precision    recall  f1-score   support

          0     0.9168    0.9944    0.9541     42985
          1     0.6526    0.5744    0.6110      1586
          2     0.7884    0.4516    0.5742      2591
          3     0.9168    0.4325    0.5877      1503
          4     0.9627    0.6582    0.7818      4075
          5     0.9755    0.9856    0.9805       969
          6     0.9917    0.5064    0.6704       472
          7     1.0000    0.9489    0.9738       743

avg / total     0.9093    0.9114    0.9017     54924


             precision    recall  f1-score   support

          0     0.9170    0.9927    0.9534     42985
          1     0.6642    0.5561    0.6054      1586
          2     0.7239    0.4929    0.5865      2591
          3     0.9436    0.4005    0.5624      1503
          4     0.9856    0.6530    0.7855      4075
          5     0.9695    0.9845    0.9770       969
          6     0.8514    0.4979    0.6283       472
          7     0.9971    0.9381    0.9667       743

avg / total     0.9078    0.9100    0.9006     54924


             precision    recall  f1-score   support

          0     0.9134    0.9947    0.9523     42985
          1     0.7443    0.3525    0.4784      1586
          2     0.6920    0.5793    0.6307      2591
          3     0.8955    0.4218    0.5735      1503
          4     0.9773    0.6137    0.7540      4075
          5     0.9715    0.9845    0.9780       969
          6     0.9917    0.5064    0.6704       472
          7     0.9957    0.9435    0.9689       743

avg / total     0.9052    0.9075    0.8966     54924


             precision    recall  f1-score   support

          0     0.9057    0.9953    0.9484     42985
          1     0.6655    0.5883    0.6245      1586
          2     0.7800    0.4693    0.5860      2591
          3     0.9070    0.2402    0.3798      1503
          4     0.9789    0.5804    0.7287      4075
          5     0.9664    0.9794    0.9728       969
          6     0.9748    0.4915    0.6535       472
          7     1.0000    0.9260    0.9616       743

avg / total     0.9012    0.9018    0.8881     54924


             precision    recall  f1-score   support

          0     0.9158    0.9896    0.9512     42985
          1     0.6652    0.5876    0.6240      1586
          2     0.7153    0.5110    0.5961      2591
          3     0.8890    0.4318    0.5813      1503
          4     0.9747    0.6152    0.7543      4075
          5     0.9725    0.9856    0.9790       969
          6     0.9957    0.4936    0.6601       472
          7     0.9986    0.9475    0.9724       743

avg / total     0.9055    0.9075    0.8986     54924


             precision    recall  f1-score   support

          0     0.9201    0.9917    0.9545     42985
          1     0.6282    0.6211    0.6246      1586
          2     0.8306    0.4465    0.5808      2591
          3     0.8666    0.4624    0.6030      1503
          4     0.9460    0.6748    0.7877      4075
          5     0.9654    0.9804    0.9729       969
          6     1.0000    0.5106    0.6760       472
          7     0.9957    0.9354    0.9646       743

avg / total     0.9104    0.9122    0.9035     54924


             precision    recall  f1-score   support

          0     0.9216    0.9924    0.9557     42985
          1     0.7160    0.5372    0.6138      1586
          2     0.7510    0.5589    0.6408      2591
          3     0.8799    0.4338    0.5811      1503
          4     0.9681    0.6775    0.7972      4075
          5     0.9734    0.9825    0.9779       969
          6     0.9915    0.4958    0.6610       472
          7     0.9930    0.9489    0.9704       743

avg / total     0.9124    0.9151    0.9070     54924


             precision    recall  f1-score   support

          0     0.9131    0.9947    0.9521     42985
          1     0.7117    0.4981    0.5861      1586
          2     0.7612    0.5056    0.6076      2591
          3     0.8717    0.4564    0.5991      1503
          4     0.9752    0.6164    0.7554      4075
          5     0.9715    0.9866    0.9790       969
          6     0.9955    0.4725    0.6408       472
          7     0.9986    0.9341    0.9652       743

avg / total     0.9065    0.9090    0.8990     54924


             precision    recall  f1-score   support

          0     0.9243    0.9814    0.9520     42985
          1     0.7278    0.3625    0.4840      1586
          2     0.6612    0.5913    0.6243      2591
          3     0.8752    0.4291    0.5759      1503
          4     0.8325    0.7146    0.7690      4075
          5     0.9744    0.9825    0.9784       969
          6     0.9844    0.5339    0.6923       472
          7     0.9943    0.9462    0.9697       743

avg / total     0.9004    0.9059    0.8976     54924


             precision    recall  f1-score   support

          0     0.9245    0.9889    0.9556     42985
          1     0.7167    0.4994    0.5886      1586
          2     0.7230    0.5681    0.6363      2591
          3     0.8727    0.4837    0.6224      1503
          4     0.9315    0.6913    0.7936      4075
          5     0.9763    0.9763    0.9763       969
          6     0.9690    0.5297    0.6849       472
          7     0.9847    0.9502    0.9671       743

avg / total     0.9102    0.9143    0.9070     54924


             precision    recall  f1-score   support

          0     0.9242    0.9941    0.9579     42985
          1     0.7229    0.5296    0.6114      1586
          2     0.7667    0.5658    0.6511      2591
          3     0.9142    0.4677    0.6188      1503
          4     0.9777    0.6994    0.8155      4075
          5     0.9745    0.9845    0.9795       969
          6     1.0000    0.5254    0.6889       472
          7     1.0000    0.9462    0.9723       743

avg / total     0.9172    0.9194    0.9118     54924


             precision    recall  f1-score   support

          0     0.9267    0.9944    0.9593     42985
          1     0.7536    0.5303    0.6225      1586
          2     0.7716    0.6179    0.6862      2591
          3     0.9084    0.4684    0.6181      1503
          4     0.9848    0.6987    0.8174      4075
          5     0.9745    0.9876    0.9810       969
          6     0.9922    0.5381    0.6978       472
          7     1.0000    0.9462    0.9723       743

avg / total     0.9206    0.9222    0.9152     54924


             precision    recall  f1-score   support

          0     0.9268    0.9925    0.9585     42985
          1     0.7288    0.5744    0.6425      1586
          2     0.7768    0.6071    0.6815      2591
          3     0.9166    0.4604    0.6129      1503
          4     0.9668    0.6935    0.8077      4075
          5     0.9745    0.9856    0.9800       969
          6     0.9883    0.5381    0.6968       472
          7     1.0000    0.9475    0.9730       743

avg / total     0.9191    0.9209    0.9140     54924


             precision    recall  f1-score   support

          0     0.9280    0.9935    0.9596     42985
          1     0.7544    0.5404    0.6297      1586
          2     0.7752    0.6295    0.6948      2591
          3     0.9252    0.4524    0.6077      1503
          4     0.9736    0.7139    0.8237      4075
          5     0.9725    0.9845    0.9785       969
          6     0.9882    0.5339    0.6933       472
          7     0.9972    0.9435    0.9696       743

avg / total     0.9213    0.9229    0.9161     54924


             precision    recall  f1-score   support

          0     0.9282    0.9923    0.9592     42985
          1     0.7397    0.5681    0.6427      1586
          2     0.7910    0.6237    0.6975      2591
          3     0.8985    0.4890    0.6333      1503
          4     0.9641    0.6991    0.8105      4075
          5     0.9736    0.9876    0.9805       969
          6     0.9803    0.5275    0.6860       472
          7     1.0000    0.9421    0.9702       743

avg / total     0.9203    0.9224    0.9159     54924


             precision    recall  f1-score   support

          0     0.9279    0.9932    0.9594     42985
          1     0.7194    0.5965    0.6522      1586
          2     0.7994    0.5982    0.6843      2591
          3     0.9036    0.4804    0.6273      1503
          4     0.9753    0.6987    0.8141      4075
          5     0.9745    0.9876    0.9810       969
          6     0.9883    0.5360    0.6951       472
          7     1.0000    0.9462    0.9723       743

avg / total     0.9210    0.9226    0.9160     54924


             precision    recall  f1-score   support

          0     0.9300    0.9928    0.9604     42985
          1     0.7544    0.5656    0.6465      1586
          2     0.7896    0.6461    0.7107      2591
          3     0.9064    0.4897    0.6359      1503
          4     0.9687    0.7072    0.8176      4075
          5     0.9726    0.9876    0.9800       969
          6     0.9922    0.5424    0.7014       472
          7     1.0000    0.9435    0.9709       743

avg / total     0.9228    0.9245    0.9183     54924


             precision    recall  f1-score   support

          0     0.9271    0.9919    0.9584     42985
          1     0.7286    0.5858    0.6494      1586
          2     0.7747    0.6183    0.6877      2591
          3     0.9235    0.4737    0.6262      1503
          4     0.9687    0.6844    0.8021      4075
          5     0.9775    0.9876    0.9825       969
          6     0.9884    0.5403    0.6986       472
          7     1.0000    0.9502    0.9745       743

avg / total     0.9196    0.9210    0.9145     54924


             precision    recall  f1-score   support

          0     0.9281    0.9927    0.9593     42985
          1     0.7645    0.5567    0.6443      1586
          2     0.7900    0.6303    0.7012      2591
          3     0.9051    0.4757    0.6236      1503
          4     0.9628    0.7040    0.8133      4075
          5     0.9745    0.9876    0.9810       969
          6     0.9665    0.5508    0.7018       472
          7     1.0000    0.9462    0.9723       743

avg / total     0.9209    0.9229    0.9164     54924


             precision    recall  f1-score   support

          0     0.9335    0.9862    0.9591     42985
          1     0.7441    0.5958    0.6618      1586
          2     0.7667    0.6407    0.6981      2591
          3     0.9108    0.4824    0.6307      1503
          4     0.9613    0.7131    0.8188      4075
          5     0.7393    0.9948    0.8482       969
          6     0.9802    0.5254    0.6841       472
          7     0.9986    0.9448    0.9710       743

avg / total     0.9195    0.9202    0.9147     54924


             precision    recall  f1-score   support

          0     0.9292    0.9922    0.9596     42985
          1     0.7844    0.5574    0.6517      1586
          2     0.7723    0.6573    0.7102      2591
          3     0.9348    0.4484    0.6061      1503
          4     0.9641    0.7175    0.8227      4075
          5     0.9745    0.9876    0.9810       969
          6     0.9765    0.5275    0.6850       472
          7     1.0000    0.9448    0.9716       743

avg / total     0.9225    0.9238    0.9173     54924


             precision    recall  f1-score   support

          0     0.9298    0.9926    0.9602     42985
          1     0.7590    0.5820    0.6588      1586
          2     0.7928    0.6380    0.7070      2591
          3     0.9094    0.4677    0.6178      1503
          4     0.9699    0.7198    0.8263      4075
          5     0.9726    0.9876    0.9800       969
          6     0.9841    0.5254    0.6851       472
          7     1.0000    0.9421    0.9702       743

avg / total     0.9230    0.9246    0.9183     54924


             precision    recall  f1-score   support

          0     0.9300    0.9926    0.9603     42985
          1     0.7669    0.5725    0.6556      1586
          2     0.7920    0.6391    0.7074      2591
          3     0.9066    0.4717    0.6206      1503
          4     0.9662    0.7232    0.8272      4075
          5     0.9726    0.9876    0.9800       969
          6     0.9842    0.5275    0.6869       472
          7     1.0000    0.9435    0.9709       743

avg / total     0.9230    0.9248    0.9185     54924


             precision    recall  f1-score   support

          0     0.9354    0.9810    0.9577     42985
          1     0.7679    0.5694    0.6539      1586
          2     0.8141    0.6152    0.7008      2591
          3     0.9172    0.4644    0.6166      1503
          4     0.7623    0.7502    0.7562      4075
          5     0.9726    0.9876    0.9800       969
          6     0.9803    0.5275    0.6860       472
          7     1.0000    0.9435    0.9709       743

avg / total     0.9135    0.9163    0.9108     54924


             precision    recall  f1-score   support

          0     0.9301    0.9935    0.9608     42985
          1     0.7698    0.5694    0.6546      1586
          2     0.8103    0.6430    0.7170      2591
          3     0.9073    0.4691    0.6184      1503
          4     0.9592    0.7217    0.8237      4075
          5     0.9736    0.9876    0.9805       969
          6     0.9803    0.5275    0.6860       472
          7     1.0000    0.9448    0.9716       743

avg / total     0.9235    0.9254    0.9190     54924


             precision    recall  f1-score   support

          0     0.9292    0.9934    0.9602     42985
          1     0.7649    0.5763    0.6573      1586
          2     0.8110    0.6341    0.7117      2591
          3     0.9000    0.4671    0.6150      1503
          4     0.9700    0.7210    0.8271      4075
          5     0.9736    0.9876    0.9805       969
          6     0.9843    0.5297    0.6887       472
          7     1.0000    0.9448    0.9716       743

avg / total     0.9233    0.9251    0.9186     54924


             precision    recall  f1-score   support

          0     0.9301    0.9933    0.9607     42985
          1     0.7726    0.5593    0.6489      1586
          2     0.8084    0.6480    0.7194      2591
          3     0.8991    0.4744    0.6211      1503
          4     0.9654    0.7254    0.8284      4075
          5     0.9745    0.9876    0.9810       969
          6     0.9843    0.5297    0.6887       472
          7     1.0000    0.9462    0.9723       743

avg / total     0.9238    0.9257    0.9194     54924


             precision    recall  f1-score   support

          0     0.9318    0.9932    0.9615     42985
          1     0.7724    0.5712    0.6568      1586
          2     0.8060    0.6623    0.7271      2591
          3     0.9011    0.4731    0.6204      1503
          4     0.9652    0.7276    0.8297      4075
          5     0.9736    0.9876    0.9805       969
          6     0.9805    0.5339    0.6914       472
          7     1.0000    0.9448    0.9716       743

avg / total     0.9250    0.9268    0.9207     54924


             precision    recall  f1-score   support

          0     0.9351    0.9870    0.9603     42985
          1     0.7694    0.5889    0.6671      1586
          2     0.7967    0.6565    0.7198      2591
          3     0.6023    0.4837    0.5365      1503
          4     0.9692    0.7266    0.8306      4075
          5     0.9736    0.9876    0.9805       969
          6     0.9805    0.5339    0.6914       472
          7     1.0000    0.9448    0.9716       743

avg / total     0.9192    0.9224    0.9175     54924


             precision    recall  f1-score   support

          0     0.9307    0.9930    0.9608     42985
          1     0.7674    0.5845    0.6636      1586
          2     0.7889    0.6461    0.7104      2591
          3     0.9235    0.4657    0.6192      1503
          4     0.9713    0.7222    0.8284      4075
          5     0.9755    0.9856    0.9805       969
          6     0.9768    0.5360    0.6922       472
          7     0.9972    0.9475    0.9717       743

avg / total     0.9242    0.9256    0.9194     54924


             precision    recall  f1-score   support

          0     0.9313    0.9922    0.9608     42985
          1     0.7712    0.5675    0.6538      1586
          2     0.7791    0.6534    0.7107      2591
          3     0.9214    0.4604    0.6140      1503
          4     0.9625    0.7310    0.8310      4075
          5     0.9755    0.9856    0.9805       969
          6     0.9806    0.5360    0.6932       472
          7     0.9972    0.9475    0.9717       743

avg / total     0.9237    0.9254    0.9192     54924


             precision    recall  f1-score   support

          0     0.9315    0.9922    0.9609     42985
          1     0.7732    0.5738    0.6587      1586
          2     0.7849    0.6534    0.7131      2591
          3     0.9186    0.4657    0.6181      1503
          4     0.9622    0.7313    0.8310      4075
          5     0.9755    0.9856    0.9805       969
          6     0.9769    0.5381    0.6940       472
          7     0.9972    0.9475    0.9717       743

avg / total     0.9240    0.9258    0.9197     54924


             precision    recall  f1-score   support

          0     0.9309    0.9926    0.9608     42985
          1     0.7712    0.5738    0.6580      1586
          2     0.7894    0.6480    0.7117      2591
          3     0.9178    0.4677    0.6197      1503
          4     0.9661    0.7283    0.8306      4075
          5     0.9745    0.9856    0.9800       969
          6     0.9770    0.5403    0.6958       472
          7     0.9972    0.9462    0.9710       743

avg / total     0.9240    0.9257    0.9195     54924


             precision    recall  f1-score   support

          0     0.9313    0.9925    0.9609     42985
          1     0.7719    0.5782    0.6611      1586
          2     0.7911    0.6519    0.7148      2591
          3     0.9226    0.4677    0.6208      1503
          4     0.9643    0.7296    0.8307      4075
          5     0.9745    0.9856    0.9800       969
          6     0.9770    0.5403    0.6958       472
          7     0.9972    0.9462    0.9710       743

avg / total     0.9243    0.9260    0.9199     54924


             precision    recall  f1-score   support

          0     0.9321    0.9922    0.9612     42985
          1     0.7721    0.5832    0.6645      1586
          2     0.7936    0.6530    0.7165      2591
          3     0.9204    0.4691    0.6214      1503
          4     0.9584    0.7352    0.8321      4075
          5     0.9755    0.9856    0.9805       969
          6     0.9770    0.5403    0.6958       472
          7     0.9972    0.9475    0.9717       743

avg / total     0.9246    0.9264    0.9204     54924

lr:0.0507831,0.0507831,0.0507831,0.0507831,0.0507831,0.0507831,0.0507831,0.0507831,0.0507831,0.0507831,0.0507831,0.0507831,0.0507831,0.0507831,0.0507831,0.0507831,0.0507831,0.0507831,0.0507831,0.0507831,0.0507831,0.0507831,0.0507831,0.0507831,0.0507831,0.0101566,0.0101566,0.0101566,0.0101566,0.0101566,0.0101566,0.0101566,0.0101566,0.0101566,0.0101566,0.0101566,0.00203132,0.00203132,0.00203132,0.00203132,0.00203132,0.00203132,0.001,0.001,0.001,0.001,0.001,0.001,0.001,0.001
val_loss:0.416612980152,0.420862164922,0.375264252973,0.350143831703,0.334132800495,0.326913940287,0.319779154904,0.320806172911,0.337931048344,0.315051413791,0.317252137924,0.318351259516,0.316111493555,0.300249657042,0.311610528686,0.295393004779,0.292924511519,0.305604196611,0.314714436737,0.297993451777,0.286767072281,0.287653655904,0.309896538478,0.293421020059,0.287113762485,0.266617957557,0.255740352611,0.257941210852,0.253114117258,0.259012275322,0.252378668432,0.251482647288,0.254839945323,0.254315603807,0.257365747681,0.251567285785,0.247355369516,0.244832652972,0.259730946387,0.245423711581,0.248212010284,0.244838479336,0.242894633999,0.252864499963,0.244709464861,0.242544612266,0.241777850403,0.243335685799,0.241453027166,0.240763447575
acc:0.832991458075,0.875242753401,0.88344783243,0.889103995726,0.896483714486,0.900191775721,0.901174929267,0.896046755772,0.899815509739,0.898237608324,0.903602465793,0.903426467397,0.904755547979,0.907001020185,0.908257272524,0.907941689054,0.908202652491,0.905489877117,0.906096761622,0.905671943309,0.910308539105,0.911079284939,0.912123125821,0.911801476559,0.911552656562,0.917761082453,0.920880468773,0.920407099818,0.922015342052,0.922051753662,0.922112442615,0.923477933727,0.922713260292,0.92225809725,0.92432757069,0.924309363163,0.926573046489,0.92684614471,0.926208912532,0.927950674986,0.925717337714,0.926870419058,0.928466524582,0.928545417547,0.924922317698,0.927574404445,0.928078117438,0.928248046289,0.928484731248,0.928314802801
val_acc:0.874736000584,0.871240257396,0.885095766194,0.895546573204,0.900553495558,0.902792948197,0.903739715419,0.903466611534,0.89454519009,0.905105235393,0.904777510786,0.907508560175,0.907035181648,0.908764845033,0.900280384549,0.911404849141,0.909984706191,0.907544974367,0.901755152323,0.907453936496,0.912187750993,0.915119071936,0.909019741789,0.905906341353,0.914336168938,0.919361301351,0.922183377451,0.920854269065,0.922929864693,0.922365446707,0.922565729357,0.924495665155,0.921036341056,0.922948071028,0.920198820618,0.923840214924,0.92462311757,0.924805183077,0.91633894139,0.925424223309,0.925060083649,0.925697330215,0.926771539618,0.92236544995,0.925624503067,0.925406012651,0.925770155553,0.925660912142,0.925952229707,0.926389196866
loss:0.545075943116,0.408626821818,0.380911627583,0.361504219358,0.342992083941,0.332355470515,0.32843135744,0.341969478093,0.329113309666,0.334408221774,0.321631547594,0.325988412712,0.315906133075,0.305524833492,0.301237993438,0.301488542875,0.301627026398,0.310309991867,0.306595976765,0.307760200571,0.294930375534,0.292703548672,0.290471565755,0.28985753619,0.292603586491,0.266392210204,0.258548985555,0.257756239949,0.252103531829,0.254155206047,0.251992891046,0.247812117356,0.249629791553,0.247169352702,0.2460680129,0.244827587979,0.237870167521,0.235530844494,0.236611075609,0.234730475784,0.237153140493,0.234222760906,0.231938105068,0.230708158298,0.23746857515,0.232300080611,0.23103831796,0.231036309824,0.230851458938,0.229523790165
