
             precision    recall  f1-score   support

          0     0.8767    0.9960    0.9325     42985
          1     0.6527    0.4042    0.4992      1586
          2     0.6906    0.4454    0.5415      2591
          3     0.8456    0.3679    0.5127      1503
          4     0.9785    0.2682    0.4210      4075
          5     0.9597    0.9835    0.9715       969
          6     0.0000    0.0000    0.0000       472
          7     0.9941    0.9044    0.9471       743

avg / total     0.8637    0.8717    0.8450     54924


             precision    recall  f1-score   support

          0     0.8877    0.9959    0.9386     42985
          1     0.6484    0.5151    0.5741      1586
          2     0.7347    0.4361    0.5473      2591
          3     0.8806    0.4025    0.5525      1503
          4     0.9974    0.3752    0.5453      4075
          5     0.9644    0.9783    0.9713       969
          6     0.0000    0.0000    0.0000       472
          7     0.9900    0.9300    0.9591       743

avg / total     0.8766    0.8835    0.8627     54924


             precision    recall  f1-score   support

          0     0.8998    0.9893    0.9424     42985
          1     0.6350    0.6034    0.6188      1586
          2     0.7729    0.4033    0.5301      2591
          3     0.8759    0.3945    0.5440      1503
          4     0.8771    0.5045    0.6406      4075
          5     0.9646    0.9835    0.9739       969
          6     1.0000    0.2055    0.3409       472
          7     0.9986    0.9354    0.9659       743

avg / total     0.8872    0.8907    0.8761     54924


             precision    recall  f1-score   support

          0     0.9079    0.9923    0.9483     42985
          1     0.6566    0.5776    0.6146      1586
          2     0.8032    0.4253    0.5561      2591
          3     0.8869    0.3912    0.5429      1503
          4     0.9246    0.6017    0.7290      4075
          5     0.9695    0.9835    0.9764       969
          6     1.0000    0.3729    0.5432       472
          7     0.9972    0.9435    0.9696       743

avg / total     0.8995    0.9020    0.8901     54924


             precision    recall  f1-score   support

          0     0.9152    0.9932    0.9526     42985
          1     0.6284    0.6482    0.6381      1586
          2     0.8114    0.4052    0.5405      2591
          3     0.8617    0.4478    0.5893      1503
          4     0.9667    0.6267    0.7605      4075
          5     0.9696    0.9866    0.9780       969
          6     0.9397    0.4619    0.6193       472
          7     0.9986    0.9435    0.9702       743

avg / total     0.9066    0.9080    0.8977     54924


             precision    recall  f1-score   support

          0     0.9141    0.9917    0.9513     42985
          1     0.7091    0.4565    0.5554      1586
          2     0.7179    0.5226    0.6049      2591
          3     0.9467    0.3899    0.5523      1503
          4     0.9151    0.6402    0.7534      4075
          5     0.9723    0.9794    0.9758       969
          6     1.0000    0.4703    0.6398       472
          7     0.9888    0.9475    0.9677       743

avg / total     0.9026    0.9063    0.8959     54924


             precision    recall  f1-score   support

          0     0.9157    0.9951    0.9537     42985
          1     0.8172    0.2818    0.4191      1586
          2     0.6541    0.6233    0.6383      2591
          3     0.9207    0.4092    0.5666      1503
          4     0.9873    0.6317    0.7704      4075
          5     0.9731    0.9721    0.9726       969
          6     1.0000    0.4873    0.6553       472
          7     0.9792    0.9502    0.9645       743

avg / total     0.9085    0.9086    0.8971     54924


             precision    recall  f1-score   support

          0     0.9219    0.9916    0.9555     42985
          1     0.7226    0.4483    0.5533      1586
          2     0.7129    0.5836    0.6418      2591
          3     0.9047    0.4358    0.5882      1503
          4     0.9469    0.6827    0.7934      4075
          5     0.9713    0.9794    0.9753       969
          6     1.0000    0.4894    0.6572       472
          7     0.9902    0.9489    0.9691       743

avg / total     0.9101    0.9134    0.9050     54924


             precision    recall  f1-score   support

          0     0.9239    0.9911    0.9563     42985
          1     0.7138    0.5347    0.6114      1586
          2     0.7761    0.5365    0.6344      2591
          3     0.8736    0.4830    0.6221      1503
          4     0.9312    0.7038    0.8017      4075
          5     0.9705    0.9835    0.9769       969
          6     0.9788    0.4894    0.6525       472
          7     0.9957    0.9435    0.9689       743

avg / total     0.9123    0.9162    0.9085     54924


             precision    recall  f1-score   support

          0     0.9259    0.9871    0.9555     42985
          1     0.6846    0.5927    0.6353      1586
          2     0.7974    0.5133    0.6246      2591
          3     0.8501    0.5130    0.6398      1503
          4     0.8919    0.7067    0.7886      4075
          5     0.9752    0.9752    0.9752       969
          6     0.9957    0.4873    0.6543       472
          7     0.9820    0.9542    0.9679       743

avg / total     0.9105    0.9146    0.9076     54924


             precision    recall  f1-score   support

          0     0.9264    0.9922    0.9582     42985
          1     0.6983    0.5984    0.6445      1586
          2     0.7909    0.5473    0.6469      2591
          3     0.8860    0.4704    0.6145      1503
          4     0.9581    0.7072    0.8138      4075
          5     0.9705    0.9835    0.9769       969
          6     0.9916    0.5021    0.6667       472
          7     0.9943    0.9462    0.9697       743

avg / total     0.9169    0.9194    0.9123     54924


             precision    recall  f1-score   support

          0     0.9301    0.9877    0.9580     42985
          1     0.6877    0.6110    0.6471      1586
          2     0.7899    0.5411    0.6422      2591
          3     0.8897    0.4884    0.6306      1503
          4     0.9045    0.7485    0.8191      4075
          5     0.9734    0.9825    0.9779       969
          6     0.9953    0.4470    0.6170       472
          7     0.9929    0.9475    0.9697       743

avg / total     0.9157    0.9190    0.9125     54924


             precision    recall  f1-score   support

          0     0.9332    0.9809    0.9565     42985
          1     0.6552    0.6734    0.6642      1586
          2     0.7982    0.5253    0.6336      2591
          3     0.9091    0.4724    0.6217      1503
          4     0.8333    0.7534    0.7913      4075
          5     0.9743    0.9794    0.9768       969
          6     0.9879    0.5169    0.6787       472
          7     0.9833    0.9515    0.9672       743

avg / total     0.9126    0.9153    0.9095     54924


             precision    recall  f1-score   support

          0     0.9350    0.9875    0.9605     42985
          1     0.7135    0.6280    0.6680      1586
          2     0.7777    0.6102    0.6838      2591
          3     0.8335    0.5562    0.6672      1503
          4     0.9462    0.7335    0.8264      4075
          5     0.9686    0.9876    0.9780       969
          6     0.9593    0.5000    0.6574       472
          7     1.0000    0.9408    0.9695       743

avg / total     0.9209    0.9238    0.9189     54924


             precision    recall  f1-score   support

          0     0.9326    0.9891    0.9600     42985
          1     0.7613    0.5649    0.6486      1586
          2     0.7732    0.6461    0.7040      2591
          3     0.8773    0.5183    0.6516      1503
          4     0.9362    0.7237    0.8163      4075
          5     0.9725    0.9856    0.9790       969
          6     0.9308    0.5127    0.6612       472
          7     0.9902    0.9489    0.9691       743

avg / total     0.9203    0.9234    0.9177     54924


             precision    recall  f1-score   support

          0     0.9353    0.9891    0.9614     42985
          1     0.7689    0.5643    0.6509      1586
          2     0.7457    0.6916    0.7177      2591
          3     0.9129    0.5023    0.6481      1503
          4     0.9542    0.7318    0.8283      4075
          5     0.9696    0.9876    0.9785       969
          6     0.9922    0.5360    0.6960       472
          7     0.9957    0.9435    0.9689       743

avg / total     0.9242    0.9259    0.9206     54924


             precision    recall  f1-score   support

          0     0.9360    0.9909    0.9627     42985
          1     0.6951    0.7131    0.7040      1586
          2     0.8088    0.6090    0.6948      2591
          3     0.9152    0.5243    0.6667      1503
          4     0.9685    0.7178    0.8245      4075
          5     0.9735    0.9845    0.9790       969
          6     0.9509    0.5339    0.6839       472
          7     0.9902    0.9502    0.9698       743

avg / total     0.9264    0.9273    0.9222     54924


             precision    recall  f1-score   support

          0     0.9369    0.9862    0.9609     42985
          1     0.7297    0.6349    0.6790      1586
          2     0.8165    0.6318    0.7124      2591
          3     0.8992    0.5103    0.6511      1503
          4     0.8870    0.7625    0.8200      4075
          5     0.9804    0.9814    0.9809       969
          6     0.9798    0.5127    0.6732       472
          7     0.9903    0.9583    0.9740       743

avg / total     0.9224    0.9252    0.9202     54924


             precision    recall  f1-score   support

          0     0.9425    0.9832    0.9624     42985
          1     0.7262    0.6337    0.6768      1586
          2     0.7866    0.6727    0.7252      2591
          3     0.7712    0.6101    0.6813      1503
          4     0.9242    0.7544    0.8307      4075
          5     0.9755    0.9866    0.9810       969
          6     0.9309    0.5424    0.6854       472
          7     0.9902    0.9515    0.9705       743

avg / total     0.9240    0.9271    0.9235     54924


             precision    recall  f1-score   support

          0     0.9407    0.9866    0.9631     42985
          1     0.7383    0.6545    0.6939      1586
          2     0.8051    0.6712    0.7321      2591
          3     0.8162    0.5968    0.6895      1503
          4     0.9412    0.7431    0.8305      4075
          5     0.9705    0.9835    0.9769       969
          6     0.9562    0.5551    0.7024       472
          7     0.9901    0.9421    0.9655       743

avg / total     0.9264    0.9290    0.9251     54924


             precision    recall  f1-score   support

          0     0.9384    0.9873    0.9622     42985
          1     0.7345    0.6646    0.6978      1586
          2     0.8342    0.6059    0.7020      2591
          3     0.8882    0.5549    0.6830      1503
          4     0.8967    0.7693    0.8282      4075
          5     0.9755    0.9866    0.9810       969
          6     0.9457    0.5169    0.6685       472
          7     0.9930    0.9502    0.9711       743

avg / total     0.9246    0.9274    0.9226     54924


             precision    recall  f1-score   support

          0     0.9375    0.9917    0.9638     42985
          1     0.7292    0.6961    0.7123      1586
          2     0.8451    0.6318    0.7231      2591
          3     0.8959    0.5609    0.6899      1503
          4     0.9586    0.7328    0.8306      4075
          5     0.9774    0.9825    0.9799       969
          6     0.9842    0.5275    0.6869       472
          7     0.9861    0.9542    0.9699       743

avg / total     0.9293    0.9305    0.9258     54924


             precision    recall  f1-score   support

          0     0.9450    0.9876    0.9658     42985
          1     0.7465    0.6683    0.7053      1586
          2     0.8177    0.6804    0.7428      2591
          3     0.8689    0.5955    0.7067      1503
          4     0.9312    0.7838    0.8512      4075
          5     0.9794    0.9814    0.9804       969
          6     0.9704    0.5551    0.7062       472
          7     0.9834    0.9569    0.9700       743

avg / total     0.9315    0.9338    0.9303     54924


             precision    recall  f1-score   support

          0     0.9394    0.9895    0.9638     42985
          1     0.7534    0.6646    0.7062      1586
          2     0.8324    0.6785    0.7476      2591
          3     0.8008    0.6341    0.7078      1503
          4     0.9707    0.7144    0.8230      4075
          5     0.9814    0.9804    0.9809       969
          6     0.9731    0.5360    0.6913       472
          7     0.9917    0.9596    0.9754       743

avg / total     0.9292    0.9308    0.9268     54924


             precision    recall  f1-score   support

          0     0.9443    0.9871    0.9653     42985
          1     0.7521    0.6658    0.7064      1586
          2     0.8150    0.6920    0.7485      2591
          3     0.8039    0.6055    0.6907      1503
          4     0.9404    0.7590    0.8400      4075
          5     0.9794    0.9835    0.9815       969
          6     0.9673    0.5636    0.7122       472
          7     0.9917    0.9596    0.9754       743

avg / total     0.9300    0.9325    0.9290     54924


             precision    recall  f1-score   support

          0     0.9445    0.9869    0.9652     42985
          1     0.7658    0.6740    0.7170      1586
          2     0.8177    0.7152    0.7630      2591
          3     0.8975    0.5828    0.7067      1503
          4     0.9321    0.7612    0.8380      4075
          5     0.9825    0.9835    0.9830       969
          6     0.8462    0.6292    0.7217       472
          7     0.9903    0.9623    0.9761       743

avg / total     0.9316    0.9337    0.9303     54924


             precision    recall  f1-score   support

          0     0.9452    0.9906    0.9674     42985
          1     0.7885    0.6557    0.7160      1586
          2     0.8335    0.7360    0.7817      2591
          3     0.8980    0.6148    0.7299      1503
          4     0.9556    0.7551    0.8436      4075
          5     0.9765    0.9845    0.9805       969
          6     0.8902    0.6186    0.7300       472
          7     0.9944    0.9542    0.9739       743

avg / total     0.9356    0.9374    0.9339     54924


             precision    recall  f1-score   support

          0     0.9514    0.9816    0.9663     42985
          1     0.8020    0.6513    0.7189      1586
          2     0.7715    0.8236    0.7967      2591
          3     0.7757    0.6374    0.6998      1503
          4     0.9428    0.7566    0.8395      4075
          5     0.9795    0.9845    0.9820       969
          6     0.8720    0.6059    0.7150       472
          7     0.9958    0.9556    0.9753       743

avg / total     0.9336    0.9350    0.9327     54924


             precision    recall  f1-score   support

          0     0.9444    0.9895    0.9665     42985
          1     0.7742    0.6614    0.7134      1586
          2     0.8152    0.7387    0.7751      2591
          3     0.8852    0.6261    0.7334      1503
          4     0.9517    0.7391    0.8320      4075
          5     0.9805    0.9845    0.9825       969
          6     0.9703    0.5530    0.7045       472
          7     0.9944    0.9556    0.9746       743

avg / total     0.9339    0.9354    0.9319     54924


             precision    recall  f1-score   support

          0     0.9543    0.9783    0.9661     42985
          1     0.7617    0.6753    0.7159      1586
          2     0.8004    0.7522    0.7756      2591
          3     0.7404    0.6793    0.7085      1503
          4     0.8942    0.7941    0.8412      4075
          5     0.9765    0.9866    0.9815       969
          6     0.9329    0.6483    0.7650       472
          7     0.9958    0.9542    0.9746       743

avg / total     0.9319    0.9340    0.9322     54924


             precision    recall  f1-score   support

          0     0.9476    0.9903    0.9685     42985
          1     0.8286    0.6280    0.7145      1586
          2     0.8125    0.7576    0.7841      2591
          3     0.8718    0.6381    0.7368      1503
          4     0.9592    0.7671    0.8525      4075
          5     0.9864    0.9763    0.9813       969
          6     0.9042    0.6398    0.7494       472
          7     0.9822    0.9664    0.9742       743

avg / total     0.9374    0.9391    0.9359     54924


             precision    recall  f1-score   support

          0     0.9521    0.9861    0.9688     42985
          1     0.7153    0.7667    0.7401      1586
          2     0.8685    0.7059    0.7788      2591
          3     0.9004    0.6374    0.7464      1503
          4     0.9141    0.7966    0.8513      4075
          5     0.9795    0.9866    0.9830       969
          6     0.9724    0.5975    0.7402       472
          7     0.9930    0.9583    0.9753       743

avg / total     0.9383    0.9392    0.9368     54924


             precision    recall  f1-score   support

          0     0.9514    0.9879    0.9693     42985
          1     0.7761    0.6620    0.7145      1586
          2     0.7988    0.7908    0.7948      2591
          3     0.9183    0.6061    0.7303      1503
          4     0.9422    0.7801    0.8535      4075
          5     0.9815    0.9845    0.9830       969
          6     0.9591    0.6462    0.7722       472
          7     0.9916    0.9569    0.9740       743

avg / total     0.9387    0.9399    0.9372     54924


             precision    recall  f1-score   support

          0     0.9528    0.9838    0.9680     42985
          1     0.7954    0.6986    0.7439      1586
          2     0.8016    0.7877    0.7946      2591
          3     0.8288    0.6860    0.7506      1503
          4     0.9395    0.7735    0.8485      4075
          5     0.9825    0.9856    0.9840       969
          6     0.9486    0.6250    0.7535       472
          7     0.9889    0.9583    0.9733       743

avg / total     0.9377    0.9391    0.9371     54924


             precision    recall  f1-score   support

          0     0.9500    0.9878    0.9686     42985
          1     0.8261    0.6709    0.7404      1586
          2     0.8330    0.7796    0.8054      2591
          3     0.8285    0.6427    0.7239      1503
          4     0.9427    0.7713    0.8484      4075
          5     0.9824    0.9773    0.9798       969
          6     0.9046    0.6229    0.7378       472
          7     0.9794    0.9596    0.9694       743

avg / total     0.9376    0.9396    0.9369     54924


             precision    recall  f1-score   support

          0     0.9556    0.9904    0.9727     42985
          1     0.8206    0.7528    0.7853      1586
          2     0.8695    0.8047    0.8358      2591
          3     0.8928    0.6707    0.7660      1503
          4     0.9603    0.7963    0.8707      4075
          5     0.9785    0.9866    0.9825       969
          6     0.9465    0.6377    0.7620       472
          7     0.9916    0.9556    0.9733       743

avg / total     0.9471    0.9481    0.9460     54924


             precision    recall  f1-score   support

          0     0.9567    0.9908    0.9734     42985
          1     0.8362    0.7308    0.7799      1586
          2     0.8616    0.8167    0.8385      2591
          3     0.9073    0.6840    0.7800      1503
          4     0.9606    0.8020    0.8741      4075
          5     0.9795    0.9845    0.9820       969
          6     0.9267    0.6695    0.7774       472
          7     0.9902    0.9556    0.9726       743

avg / total     0.9483    0.9493    0.9473     54924


             precision    recall  f1-score   support

          0     0.9561    0.9913    0.9734     42985
          1     0.8115    0.7547    0.7821      1586
          2     0.8870    0.7939    0.8379      2591
          3     0.9085    0.6673    0.7695      1503
          4     0.9537    0.8032    0.8720      4075
          5     0.9795    0.9866    0.9830       969
          6     0.9258    0.6610    0.7713       472
          7     0.9930    0.9556    0.9739       743

avg / total     0.9478    0.9489    0.9468     54924


             precision    recall  f1-score   support

          0     0.9565    0.9912    0.9735     42985
          1     0.8613    0.6967    0.7703      1586
          2     0.8565    0.8290    0.8425      2591
          3     0.8894    0.6900    0.7771      1503
          4     0.9636    0.7988    0.8735      4075
          5     0.9785    0.9866    0.9825       969
          6     0.9150    0.6843    0.7830       472
          7     0.9944    0.9542    0.9739       743

avg / total     0.9482    0.9493    0.9472     54924


             precision    recall  f1-score   support

          0     0.9576    0.9906    0.9739     42985
          1     0.8276    0.7566    0.7905      1586
          2     0.8824    0.8082    0.8437      2591
          3     0.9125    0.6939    0.7884      1503
          4     0.9517    0.8076    0.8738      4075
          5     0.9815    0.9866    0.9840       969
          6     0.9326    0.6737    0.7823       472
          7     0.9930    0.9596    0.9760       743

avg / total     0.9493    0.9504    0.9485     54924


             precision    recall  f1-score   support

          0     0.9580    0.9897    0.9736     42985
          1     0.8239    0.7491    0.7847      1586
          2     0.8672    0.8093    0.8373      2591
          3     0.9041    0.6840    0.7788      1503
          4     0.9516    0.8110    0.8757      4075
          5     0.9815    0.9856    0.9835       969
          6     0.9011    0.6758    0.7724       472
          7     0.9916    0.9569    0.9740       743

avg / total     0.9482    0.9494    0.9476     54924


             precision    recall  f1-score   support

          0     0.9593    0.9904    0.9746     42985
          1     0.8406    0.7516    0.7936      1586
          2     0.8749    0.8259    0.8497      2591
          3     0.9053    0.6993    0.7890      1503
          4     0.9541    0.8160    0.8796      4075
          5     0.9805    0.9856    0.9830       969
          6     0.9477    0.6907    0.7990       472
          7     0.9916    0.9569    0.9740       743

avg / total     0.9508    0.9518    0.9500     54924


             precision    recall  f1-score   support

          0     0.9583    0.9905    0.9742     42985
          1     0.8326    0.7623    0.7959      1586
          2     0.8732    0.8209    0.8462      2591
          3     0.8977    0.6946    0.7832      1503
          4     0.9583    0.8056    0.8753      4075
          5     0.9805    0.9866    0.9835       969
          6     0.9606    0.6716    0.7905       472
          7     0.9944    0.9556    0.9746       743

avg / total     0.9499    0.9508    0.9490     54924


             precision    recall  f1-score   support

          0     0.9588    0.9907    0.9745     42985
          1     0.8208    0.7421    0.7795      1586
          2     0.8861    0.8047    0.8434      2591
          3     0.8889    0.7186    0.7947      1503
          4     0.9563    0.8155    0.8803      4075
          5     0.9805    0.9866    0.9835       969
          6     0.9391    0.6864    0.7931       472
          7     0.9944    0.9569    0.9753       743

avg / total     0.9500    0.9511    0.9494     54924


             precision    recall  f1-score   support

          0     0.9610    0.9898    0.9752     42985
          1     0.8315    0.7465    0.7867      1586
          2     0.8688    0.8252    0.8464      2591
          3     0.8846    0.7292    0.7994      1503
          4     0.9576    0.8196    0.8832      4075
          5     0.9825    0.9866    0.9846       969
          6     0.9397    0.6928    0.7976       472
          7     0.9930    0.9596    0.9760       743

avg / total     0.9512    0.9522    0.9507     54924


             precision    recall  f1-score   support

          0     0.9605    0.9899    0.9750     42985
          1     0.8390    0.7427    0.7880      1586
          2     0.8770    0.8225    0.8488      2591
          3     0.8820    0.7359    0.8023      1503
          4     0.9514    0.8162    0.8786      4075
          5     0.9805    0.9866    0.9835       969
          6     0.9481    0.6970    0.8034       472
          7     0.9930    0.9569    0.9746       743

avg / total     0.9509    0.9520    0.9504     54924


             precision    recall  f1-score   support

          0     0.9601    0.9893    0.9745     42985
          1     0.8299    0.7629    0.7950      1586
          2     0.8786    0.8271    0.8521      2591
          3     0.9066    0.7039    0.7925      1503
          4     0.9429    0.8184    0.8762      4075
          5     0.9815    0.9856    0.9835       969
          6     0.9501    0.6864    0.7970       472
          7     0.9916    0.9569    0.9740       743

avg / total     0.9505    0.9515    0.9499     54924


             precision    recall  f1-score   support

          0     0.9587    0.9908    0.9745     42985
          1     0.8331    0.7648    0.7975      1586
          2     0.8932    0.8163    0.8530      2591
          3     0.9011    0.7092    0.7937      1503
          4     0.9545    0.8088    0.8757      4075
          5     0.9795    0.9866    0.9830       969
          6     0.9335    0.6843    0.7897       472
          7     0.9930    0.9556    0.9739       743

avg / total     0.9507    0.9517    0.9499     54924


             precision    recall  f1-score   support

          0     0.9600    0.9902    0.9749     42985
          1     0.8415    0.7598    0.7985      1586
          2     0.8778    0.8317    0.8541      2591
          3     0.9035    0.7039    0.7913      1503
          4     0.9522    0.8167    0.8793      4075
          5     0.9805    0.9866    0.9835       969
          6     0.9446    0.6864    0.7951       472
          7     0.9930    0.9583    0.9753       743

avg / total     0.9513    0.9522    0.9506     54924


             precision    recall  f1-score   support

          0     0.9634    0.9887    0.9759     42985
          1     0.8380    0.7667    0.8008      1586
          2     0.8664    0.8383    0.8521      2591
          3     0.8788    0.7379    0.8022      1503
          4     0.9498    0.8267    0.8840      4075
          5     0.9805    0.9866    0.9835       969
          6     0.9460    0.7055    0.8083       472
          7     0.9930    0.9569    0.9746       743

avg / total     0.9524    0.9534    0.9521     54924

val_loss:0.406804450636,0.377610179797,0.353758936877,0.331068243715,0.309302269748,0.305820754239,0.294279722107,0.279863484131,0.277882728754,0.270724052275,0.258717195303,0.252434925899,0.262633320743,0.23969052077,0.238396782844,0.235366483172,0.227592407856,0.235369551705,0.227586220098,0.226285146458,0.231092507753,0.219063244491,0.209504709309,0.218756324809,0.211673611828,0.207602097516,0.20090329739,0.207384498373,0.204824428339,0.201417624483,0.193430686665,0.195399646091,0.194250032892,0.19815393599,0.196680977281,0.168555078131,0.166177320442,0.166711778149,0.166572768986,0.164602368977,0.165621247685,0.162747828596,0.164645892271,0.163551302893,0.161078269726,0.162509780889,0.164151294633,0.162513314432,0.161912462761,0.159028699996
val_acc:0.871695437154,0.883529966227,0.890739927743,0.902028256911,0.908036554852,0.906288686709,0.908582765983,0.913444030577,0.916175077921,0.914627481293,0.919434123107,0.91903357044,0.915337551466,0.923840215145,0.923385037445,0.92586118815,0.927263126158,0.925187526089,0.927081054466,0.928992788032,0.927390572557,0.930540377549,0.933799428504,0.930831690725,0.932470316446,0.933744803732,0.937367996822,0.935001088968,0.935401639929,0.933999708159,0.939097656064,0.939225107164,0.939898765397,0.939134070791,0.939625658959,0.948091901088,0.949293562685,0.948911215831,0.949311772053,0.950367775264,0.949421014709,0.951751506053,0.950822949787,0.951132467644,0.952206679716,0.952006404281,0.951496610911,0.951678679907,0.952243095562,0.953426546735
acc:0.835303686526,0.883004805768,0.890099284502,0.897824925114,0.90536849986,0.908087339696,0.911473755747,0.915042235853,0.918198034611,0.919017330096,0.922428020985,0.924206191008,0.924588529922,0.926821862878,0.930281105292,0.93136135927,0.934086272478,0.934583917919,0.935385004302,0.936604842301,0.938917071112,0.938613630275,0.940094429703,0.940780205364,0.94131426462,0.942946785337,0.944209104515,0.945908379707,0.945404666485,0.947419522252,0.948159921185,0.949215901555,0.950945522222,0.94933121042,0.950344706575,0.95902922213,0.96159027291,0.962081851919,0.962973971254,0.963362376437,0.963884296865,0.964145261126,0.965091997064,0.965201236391,0.965535024118,0.965802052747,0.965589644673,0.966427145758,0.966930857339,0.968581583074
loss:0.549375274976,0.384746221552,0.357483007,0.330614832041,0.309470909562,0.296991197065,0.285153687156,0.273829056122,0.261070775541,0.255833377712,0.243336222798,0.235513963017,0.230534623513,0.224894082954,0.212064068127,0.207542138674,0.200916924945,0.197337039978,0.194809280368,0.189701825995,0.184508641456,0.184853955018,0.180144864411,0.17832000253,0.175017728081,0.169417946944,0.165688337706,0.16116782595,0.163159393402,0.156033381579,0.152808465779,0.150723370914,0.14601207214,0.149179946686,0.147753876809,0.121308058941,0.113691674327,0.111042813138,0.108956363813,0.10693757321,0.105538995498,0.104528691259,0.102892694616,0.102090897156,0.100043154759,0.0986897395782,0.100328689116,0.0980243564477,0.0966017817523,0.092474039008
lr:0.00891715,0.00891715,0.00891715,0.00891715,0.00891715,0.00891715,0.00891715,0.00891715,0.00891715,0.00891715,0.00891715,0.00891715,0.00891715,0.00891715,0.00891715,0.00891715,0.00891715,0.00891715,0.00891715,0.00891715,0.00891715,0.00891715,0.00891715,0.00891715,0.00891715,0.00891715,0.00891715,0.00891715,0.00891715,0.00891715,0.00891715,0.00891715,0.00891715,0.00891715,0.00891715,0.00178343,0.00178343,0.00178343,0.00178343,0.00178343,0.00178343,0.00178343,0.00178343,0.00178343,0.00178343,0.00178343,0.00178343,0.00178343,0.00178343,0.001
