
             precision    recall  f1-score   support

          0     0.9172    0.9931    0.9537     42909
          1     0.6484    0.5045    0.5674      1568
          2     0.6935    0.4338    0.5337      2598
          3     0.8830    0.3439    0.4951      1602
          4     0.9830    0.7221    0.8326      4012
          5     0.9790    0.9869    0.9829       990
          6     1.0000    0.6517    0.7891       468
          7     0.9987    0.9537    0.9756       777

avg / total     0.9057    0.9104    0.9000     54924


             precision    recall  f1-score   support

          0     0.9256    0.9949    0.9590     42909
          1     0.7002    0.4483    0.5467      1568
          2     0.7333    0.4996    0.5943      2598
          3     0.9377    0.4039    0.5646      1602
          4     0.9690    0.7876    0.8690      4012
          5     0.9899    0.9859    0.9879       990
          6     1.0000    0.7030    0.8256       468
          7     0.9987    0.9781    0.9883       777

avg / total     0.9164    0.9206    0.9117     54924


             precision    recall  f1-score   support

          0     0.9326    0.9931    0.9619     42909
          1     0.7059    0.5312    0.6063      1568
          2     0.7433    0.5739    0.6477      2598
          3     0.9312    0.4307    0.5890      1602
          4     0.9817    0.7891    0.8749      4012
          5     0.9949    0.9859    0.9904       990
          6     0.9878    0.6944    0.8156       468
          7     0.9935    0.9833    0.9884       777

avg / total     0.9232    0.9260    0.9193     54924


             precision    recall  f1-score   support

          0     0.9446    0.9824    0.9631     42909
          1     0.7784    0.5242    0.6265      1568
          2     0.6289    0.7059    0.6652      2598
          3     0.9305    0.5518    0.6928      1602
          4     0.9741    0.7964    0.8763      4012
          5     0.9849    0.9879    0.9864       990
          6     0.9653    0.7137    0.8206       468
          7     0.9974    0.9730    0.9850       777

avg / total     0.9283    0.9277    0.9247     54924


             precision    recall  f1-score   support

          0     0.9490    0.9906    0.9693     42909
          1     0.8121    0.6091    0.6961      1568
          2     0.7777    0.7071    0.7407      2598
          3     0.9039    0.5930    0.7162      1602
          4     0.9735    0.8417    0.9028      4012
          5     0.9949    0.9869    0.9909       990
          6     0.9970    0.7030    0.8246       468
          7     0.9974    0.9807    0.9890       777

avg / total     0.9394    0.9411    0.9379     54924


             precision    recall  f1-score   support

          0     0.9484    0.9916    0.9695     42909
          1     0.8350    0.6231    0.7137      1568
          2     0.8234    0.6821    0.7461      2598
          3     0.9117    0.6255    0.7419      1602
          4     0.9643    0.8542    0.9059      4012
          5     0.9949    0.9869    0.9909       990
          6     0.9940    0.7073    0.8265       468
          7     0.9883    0.9807    0.9845       777

avg / total     0.9411    0.9431    0.9398     54924


             precision    recall  f1-score   support

          0     0.9547    0.9898    0.9719     42909
          1     0.7851    0.7060    0.7435      1568
          2     0.8463    0.6824    0.7556      2598
          3     0.8855    0.6660    0.7602      1602
          4     0.9642    0.8719    0.9157      4012
          5     0.9919    0.9848    0.9883       990
          6     0.9420    0.7286    0.8217       468
          7     0.9947    0.9678    0.9811       777

avg / total     0.9445    0.9465    0.9440     54924


             precision    recall  f1-score   support

          0     0.9585    0.9868    0.9725     42909
          1     0.8019    0.7022    0.7487      1568
          2     0.8249    0.7271    0.7729      2598
          3     0.8759    0.7222    0.7917      1602
          4     0.9611    0.8739    0.9154      4012
          5     0.9919    0.9869    0.9894       990
          6     0.9437    0.7521    0.8371       468
          7     0.9987    0.9743    0.9863       777

avg / total     0.9465    0.9483    0.9465     54924


             precision    recall  f1-score   support

          0     0.9585    0.9907    0.9744     42909
          1     0.8387    0.6996    0.7629      1568
          2     0.8443    0.7513    0.7951      2598
          3     0.9123    0.7210    0.8054      1602
          4     0.9750    0.8764    0.9231      4012
          5     0.9938    0.9778    0.9857       990
          6     0.9684    0.7201    0.8260       468
          7     0.9960    0.9730    0.9844       777

avg / total     0.9508    0.9521    0.9503     54924


             precision    recall  f1-score   support

          0     0.9569    0.9924    0.9743     42909
          1     0.8444    0.7200    0.7773      1568
          2     0.8626    0.7421    0.7978      2598
          3     0.9421    0.6810    0.7906      1602
          4     0.9708    0.8691    0.9171      4012
          5     0.9889    0.9869    0.9879       990
          6     0.9913    0.7308    0.8413       468
          7     0.9935    0.9794    0.9864       777

avg / total     0.9512    0.9522    0.9501     54924


             precision    recall  f1-score   support

          0     0.9641    0.9869    0.9754     42909
          1     0.8818    0.6473    0.7466      1568
          2     0.8165    0.7929    0.8045      2598
          3     0.8641    0.7896    0.8252      1602
          4     0.9609    0.8948    0.9267      4012
          5     0.9939    0.9859    0.9899       990
          6     0.8997    0.7286    0.8052       468
          7     0.9908    0.9743    0.9825       777

avg / total     0.9520    0.9532    0.9517     54924


             precision    recall  f1-score   support

          0     0.9640    0.9861    0.9749     42909
          1     0.8826    0.6709    0.7623      1568
          2     0.7856    0.8364    0.8102      2598
          3     0.9278    0.6823    0.7863      1602
          4     0.9429    0.8933    0.9174      4012
          5     0.9949    0.9848    0.9898       990
          6     0.9827    0.7286    0.8368       468
          7     0.9883    0.9781    0.9832       777

avg / total     0.9517    0.9520    0.9506     54924


             precision    recall  f1-score   support

          0     0.9611    0.9898    0.9752     42909
          1     0.8357    0.7494    0.7902      1568
          2     0.8860    0.7329    0.8022      2598
          3     0.9161    0.7634    0.8328      1602
          4     0.9573    0.8831    0.9187      4012
          5     0.9919    0.9889    0.9904       990
          6     0.9158    0.7671    0.8349       468
          7     0.9961    0.9833    0.9896       777

avg / total     0.9531    0.9544    0.9528     54924


             precision    recall  f1-score   support

          0     0.9628    0.9899    0.9762     42909
          1     0.8600    0.7092    0.7774      1568
          2     0.8524    0.7760    0.8124      2598
          3     0.9108    0.7647    0.8314      1602
          4     0.9718    0.8836    0.9256      4012
          5     0.9939    0.9869    0.9904       990
          6     0.8949    0.7821    0.8347       468
          7     0.9987    0.9794    0.9890       777

avg / total     0.9543    0.9555    0.9541     54924


             precision    recall  f1-score   support

          0     0.9646    0.9892    0.9768     42909
          1     0.8358    0.7532    0.7924      1568
          2     0.8429    0.7787    0.8095      2598
          3     0.9156    0.7385    0.8176      1602
          4     0.9674    0.8881    0.9261      4012
          5     0.9939    0.9859    0.9899       990
          6     0.9367    0.7585    0.8383       468
          7     0.9884    0.9846    0.9865       777

avg / total     0.9546    0.9557    0.9544     54924


             precision    recall  f1-score   support

          0     0.9684    0.9869    0.9776     42909
          1     0.8492    0.7545    0.7991      1568
          2     0.8445    0.8237    0.8340      2598
          3     0.9005    0.7853    0.8389      1602
          4     0.9635    0.8941    0.9275      4012
          5     0.9939    0.9869    0.9904       990
          6     0.9030    0.7756    0.8345       468
          7     0.9987    0.9794    0.9890       777

avg / total     0.9571    0.9580    0.9572     54924


             precision    recall  f1-score   support

          0     0.9659    0.9880    0.9768     42909
          1     0.8653    0.7334    0.7939      1568
          2     0.8475    0.7914    0.8185      2598
          3     0.9121    0.7965    0.8504      1602
          4     0.9627    0.8938    0.9270      4012
          5     0.9949    0.9889    0.9919       990
          6     0.8981    0.7906    0.8409       468
          7     0.9961    0.9755    0.9857       777

avg / total     0.9560    0.9571    0.9560     54924


             precision    recall  f1-score   support

          0     0.9672    0.9886    0.9778     42909
          1     0.8717    0.7494    0.8059      1568
          2     0.8577    0.8095    0.8329      2598
          3     0.8914    0.8046    0.8458      1602
          4     0.9698    0.8876    0.9269      4012
          5     0.9949    0.9869    0.9909       990
          6     0.9175    0.7842    0.8456       468
          7     0.9987    0.9807    0.9896       777

avg / total     0.9578    0.9587    0.9577     54924


             precision    recall  f1-score   support

          0     0.9667    0.9909    0.9786     42909
          1     0.8705    0.7634    0.8135      1568
          2     0.8927    0.8006    0.8442      2598
          3     0.9268    0.7978    0.8574      1602
          4     0.9639    0.8991    0.9304      4012
          5     0.9889    0.9879    0.9884       990
          6     0.9699    0.7564    0.8499       468
          7     1.0000    0.9794    0.9896       777

avg / total     0.9600    0.9608    0.9597     54924


             precision    recall  f1-score   support

          0     0.9639    0.9923    0.9779     42909
          1     0.9027    0.7277    0.8058      1568
          2     0.8733    0.8122    0.8416      2598
          3     0.9496    0.7528    0.8398      1602
          4     0.9692    0.8933    0.9297      4012
          5     0.9929    0.9859    0.9894       990
          6     0.9721    0.7457    0.8440       468
          7     1.0000    0.9807    0.9903       777

avg / total     0.9590    0.9596    0.9582     54924


             precision    recall  f1-score   support

          0     0.9672    0.9903    0.9786     42909
          1     0.8730    0.7672    0.8167      1568
          2     0.8776    0.8141    0.8446      2598
          3     0.9180    0.7759    0.8410      1602
          4     0.9618    0.8966    0.9280      4012
          5     0.9949    0.9859    0.9904       990
          6     0.9613    0.7436    0.8386       468
          7     0.9948    0.9807    0.9877       777

avg / total     0.9593    0.9602    0.9591     54924


             precision    recall  f1-score   support

          0     0.9700    0.9874    0.9786     42909
          1     0.8688    0.7557    0.8083      1568
          2     0.8593    0.8414    0.8503      2598
          3     0.8619    0.7946    0.8269      1602
          4     0.9680    0.8978    0.9316      4012
          5     0.9939    0.9869    0.9904       990
          6     0.9377    0.7714    0.8464       468
          7     0.9909    0.9807    0.9858       777

avg / total     0.9590    0.9598    0.9590     54924


             precision    recall  f1-score   support

          0     0.9686    0.9897    0.9790     42909
          1     0.8194    0.7812    0.7999      1568
          2     0.8961    0.7737    0.8304      2598
          3     0.8904    0.8315    0.8599      1602
          4     0.9679    0.9028    0.9342      4012
          5     0.9929    0.9889    0.9909       990
          6     0.9944    0.7543    0.8578       468
          7     0.9987    0.9858    0.9922       777

avg / total     0.9597    0.9605    0.9595     54924


             precision    recall  f1-score   support

          0     0.9696    0.9893    0.9794     42909
          1     0.8391    0.7946    0.8162      1568
          2     0.8722    0.8064    0.8380      2598
          3     0.9114    0.8221    0.8645      1602
          4     0.9775    0.8861    0.9295      4012
          5     0.9949    0.9869    0.9909       990
          6     0.8941    0.8120    0.8511       468
          7     0.9961    0.9833    0.9896       777

avg / total     0.9604    0.9611    0.9603     54924


             precision    recall  f1-score   support

          0     0.9718    0.9850    0.9784     42909
          1     0.8659    0.7659    0.8129      1568
          2     0.8588    0.8264    0.8423      2598
          3     0.8835    0.8283    0.8550      1602
          4     0.9400    0.9180    0.9289      4012
          5     0.9919    0.9889    0.9904       990
          6     0.9677    0.7671    0.8558       468
          7     0.9974    0.9846    0.9909       777

avg / total     0.9592    0.9600    0.9593     54924


             precision    recall  f1-score   support

          0     0.9656    0.9916    0.9784     42909
          1     0.8678    0.7659    0.8137      1568
          2     0.8943    0.7979    0.8434      2598
          3     0.9402    0.7553    0.8377      1602
          4     0.9675    0.8988    0.9319      4012
          5     0.9929    0.9859    0.9894       990
          6     0.9493    0.7607    0.8446       468
          7     0.9808    0.9884    0.9846       777

avg / total     0.9594    0.9602    0.9590     54924


             precision    recall  f1-score   support

          0     0.9674    0.9895    0.9783     42909
          1     0.8674    0.7634    0.8121      1568
          2     0.8623    0.8245    0.8430      2598
          3     0.9196    0.7778    0.8427      1602
          4     0.9692    0.8873    0.9265      4012
          5     0.9949    0.9869    0.9909       990
          6     0.9175    0.7607    0.8318       468
          7     0.9896    0.9820    0.9858       777

avg / total     0.9587    0.9595    0.9585     54924


             precision    recall  f1-score   support

          0     0.9709    0.9859    0.9784     42909
          1     0.8495    0.7704    0.8080      1568
          2     0.8611    0.8256    0.8430      2598
          3     0.8835    0.8146    0.8477      1602
          4     0.9540    0.9098    0.9314      4012
          5     0.9949    0.9879    0.9914       990
          6     0.9124    0.7564    0.8271       468
          7     0.9987    0.9807    0.9896       777

avg / total     0.9588    0.9597    0.9590     54924


             precision    recall  f1-score   support

          0     0.9667    0.9896    0.9780     42909
          1     0.8632    0.7723    0.8152      1568
          2     0.9036    0.7902    0.8431      2598
          3     0.9188    0.7984    0.8544      1602
          4     0.9560    0.8991    0.9267      4012
          5     0.9909    0.9889    0.9899       990
          6     0.9236    0.8013    0.8581       468
          7     0.9987    0.9820    0.9903       777

avg / total     0.9591    0.9601    0.9590     54924


             precision    recall  f1-score   support

          0     0.9711    0.9878    0.9794     42909
          1     0.8659    0.7698    0.8150      1568
          2     0.8606    0.8507    0.8556      2598
          3     0.9256    0.8002    0.8584      1602
          4     0.9604    0.9070    0.9330      4012
          5     0.9919    0.9879    0.9899       990
          6     0.9342    0.7885    0.8552       468
          7     0.9974    0.9794    0.9883       777

avg / total     0.9612    0.9619    0.9612     54924


             precision    recall  f1-score   support

          0     0.9680    0.9914    0.9796     42909
          1     0.8561    0.7927    0.8232      1568
          2     0.8845    0.8014    0.8409      2598
          3     0.9447    0.7466    0.8340      1602
          4     0.9698    0.9113    0.9396      4012
          5     0.9929    0.9889    0.9909       990
          6     0.9526    0.7735    0.8538       468
          7     0.9974    0.9858    0.9916       777

avg / total     0.9610    0.9618    0.9607     54924


             precision    recall  f1-score   support

          0     0.9699    0.9886    0.9791     42909
          1     0.8277    0.8119    0.8197      1568
          2     0.8848    0.8068    0.8440      2598
          3     0.9090    0.8171    0.8606      1602
          4     0.9674    0.8881    0.9261      4012
          5     0.9919    0.9879    0.9899       990
          6     0.9015    0.7821    0.8375       468
          7     0.9961    0.9794    0.9877       777

avg / total     0.9600    0.9607    0.9600     54924


             precision    recall  f1-score   support

          0     0.9726    0.9884    0.9804     42909
          1     0.8790    0.7736    0.8229      1568
          2     0.8664    0.8510    0.8586      2598
          3     0.9118    0.8134    0.8598      1602
          4     0.9612    0.9068    0.9332      4012
          5     0.9909    0.9889    0.9899       990
          6     0.9229    0.8184    0.8675       468
          7     0.9948    0.9846    0.9897       777

avg / total     0.9625    0.9632    0.9625     54924


             precision    recall  f1-score   support

          0     0.9695    0.9898    0.9796     42909
          1     0.8822    0.7883    0.8326      1568
          2     0.8718    0.8510    0.8613      2598
          3     0.9313    0.7953    0.8579      1602
          4     0.9664    0.8901    0.9267      4012
          5     0.9929    0.9889    0.9909       990
          6     0.9621    0.7585    0.8483       468
          7     0.9987    0.9807    0.9896       777

avg / total     0.9618    0.9624    0.9616     54924


             precision    recall  f1-score   support

          0     0.9705    0.9902    0.9803     42909
          1     0.8238    0.8259    0.8248      1568
          2     0.9020    0.8079    0.8524      2598
          3     0.9366    0.7840    0.8536      1602
          4     0.9614    0.9060    0.9329      4012
          5     0.9939    0.9889    0.9914       990
          6     0.9574    0.7692    0.8531       468
          7     0.9987    0.9807    0.9896       777

avg / total     0.9621    0.9627    0.9619     54924


             precision    recall  f1-score   support

          0     0.9724    0.9888    0.9806     42909
          1     0.8727    0.7915    0.8301      1568
          2     0.8695    0.8383    0.8536      2598
          3     0.9213    0.8109    0.8625      1602
          4     0.9517    0.9093    0.9300      4012
          5     0.9949    0.9838    0.9893       990
          6     0.9604    0.7778    0.8595       468
          7     0.9974    0.9807    0.9890       777

avg / total     0.9624    0.9631    0.9624     54924


             precision    recall  f1-score   support

          0     0.9717    0.9886    0.9801     42909
          1     0.8683    0.7902    0.8274      1568
          2     0.8622    0.8310    0.8463      2598
          3     0.9291    0.8184    0.8702      1602
          4     0.9658    0.9090    0.9366      4012
          5     0.9909    0.9889    0.9899       990
          6     0.9398    0.8013    0.8651       468
          7     0.9987    0.9794    0.9890       777

avg / total     0.9623    0.9630    0.9623     54924


             precision    recall  f1-score   support

          0     0.9697    0.9909    0.9802     42909
          1     0.8886    0.7532    0.8153      1568
          2     0.8757    0.8460    0.8606      2598
          3     0.9334    0.8052    0.8646      1602
          4     0.9736    0.8996    0.9351      4012
          5     0.9949    0.9869    0.9909       990
          6     0.9370    0.7949    0.8601       468
          7     0.9948    0.9846    0.9897       777

avg / total     0.9627    0.9633    0.9625     54924


             precision    recall  f1-score   support

          0     0.9702    0.9923    0.9811     42909
          1     0.8779    0.7793    0.8257      1568
          2     0.8806    0.8457    0.8628      2598
          3     0.9535    0.7815    0.8590      1602
          4     0.9764    0.8981    0.9356      4012
          5     0.9949    0.9869    0.9909       990
          6     0.9397    0.7991    0.8637       468
          7     0.9987    0.9833    0.9909       777

avg / total     0.9638    0.9644    0.9635     54924


             precision    recall  f1-score   support

          0     0.9723    0.9899    0.9811     42909
          1     0.8549    0.8042    0.8288      1568
          2     0.8848    0.8333    0.8583      2598
          3     0.9224    0.8308    0.8742      1602
          4     0.9653    0.9003    0.9316      4012
          5     0.9949    0.9879    0.9914       990
          6     0.9550    0.7714    0.8534       468
          7     0.9909    0.9833    0.9871       777

avg / total     0.9634    0.9640    0.9634     54924


             precision    recall  f1-score   support

          0     0.9721    0.9889    0.9804     42909
          1     0.8768    0.7628    0.8158      1568
          2     0.8697    0.8584    0.8640      2598
          3     0.9102    0.8159    0.8604      1602
          4     0.9620    0.9095    0.9350      4012
          5     0.9909    0.9889    0.9899       990
          6     0.9889    0.7628    0.8613       468
          7     0.9948    0.9820    0.9883       777

avg / total     0.9628    0.9634    0.9627     54924


             precision    recall  f1-score   support

          0     0.9691    0.9920    0.9804     42909
          1     0.8638    0.7768    0.8180      1568
          2     0.8969    0.8137    0.8533      2598
          3     0.9195    0.8052    0.8586      1602
          4     0.9745    0.9038    0.9378      4012
          5     0.9949    0.9869    0.9909       990
          6     0.9780    0.7607    0.8558       468
          7     0.9961    0.9820    0.9890       777

avg / total     0.9625    0.9633    0.9623     54924


             precision    recall  f1-score   support

          0     0.9724    0.9893    0.9808     42909
          1     0.8970    0.7723    0.8300      1568
          2     0.8663    0.8776    0.8719      2598
          3     0.9222    0.8140    0.8647      1602
          4     0.9681    0.9063    0.9361      4012
          5     0.9939    0.9879    0.9909       990
          6     0.9565    0.7521    0.8421       468
          7     0.9974    0.9794    0.9883       777

avg / total     0.9640    0.9645    0.9638     54924


             precision    recall  f1-score   support

          0     0.9711    0.9892    0.9801     42909
          1     0.8759    0.7832    0.8269      1568
          2     0.8898    0.8237    0.8555      2598
          3     0.9265    0.8027    0.8602      1602
          4     0.9440    0.9153    0.9294      4012
          5     0.9939    0.9889    0.9914       990
          6     0.9607    0.7842    0.8635       468
          7     0.9987    0.9794    0.9890       777

avg / total     0.9620    0.9628    0.9620     54924


             precision    recall  f1-score   support

          0     0.9702    0.9916    0.9808     42909
          1     0.8607    0.7921    0.8250      1568
          2     0.8942    0.8360    0.8641      2598
          3     0.9425    0.7878    0.8582      1602
          4     0.9747    0.9035    0.9378      4012
          5     0.9949    0.9869    0.9909       990
          6     0.9481    0.7799    0.8558       468
          7     0.9896    0.9833    0.9864       777

avg / total     0.9635    0.9642    0.9633     54924


             precision    recall  f1-score   support

          0     0.9699    0.9921    0.9809     42909
          1     0.9098    0.7659    0.8317      1568
          2     0.8818    0.8587    0.8701      2598
          3     0.9434    0.7809    0.8545      1602
          4     0.9738    0.9083    0.9399      4012
          5     0.9949    0.9798    0.9873       990
          6     0.9574    0.7692    0.8531       468
          7     0.9961    0.9833    0.9896       777

avg / total     0.9643    0.9648    0.9638     54924


             precision    recall  f1-score   support

          0     0.9727    0.9909    0.9817     42909
          1     0.8617    0.8144    0.8374      1568
          2     0.9034    0.8245    0.8621      2598
          3     0.9351    0.8184    0.8728      1602
          4     0.9644    0.9185    0.9409      4012
          5     0.9939    0.9859    0.9899       990
          6     0.9713    0.7949    0.8743       468
          7     0.9909    0.9807    0.9858       777

avg / total     0.9652    0.9658    0.9651     54924


             precision    recall  f1-score   support

          0     0.9714    0.9904    0.9808     42909
          1     0.8890    0.7972    0.8406      1568
          2     0.8931    0.8426    0.8671      2598
          3     0.9141    0.8102    0.8590      1602
          4     0.9730    0.9083    0.9395      4012
          5     0.9939    0.9869    0.9904       990
          6     0.9375    0.8013    0.8641       468
          7     0.9935    0.9833    0.9884       777

avg / total     0.9642    0.9649    0.9641     54924


             precision    recall  f1-score   support

          0     0.9703    0.9904    0.9803     42909
          1     0.8551    0.8093    0.8316      1568
          2     0.8944    0.8245    0.8580      2598
          3     0.9279    0.7953    0.8565      1602
          4     0.9685    0.9050    0.9357      4012
          5     0.9919    0.9889    0.9904       990
          6     0.9521    0.7650    0.8483       468
          7     0.9974    0.9807    0.9890       777

avg / total     0.9627    0.9634    0.9626     54924


             precision    recall  f1-score   support

          0     0.9711    0.9896    0.9803     42909
          1     0.8236    0.8131    0.8184      1568
          2     0.8920    0.8110    0.8496      2598
          3     0.9390    0.7971    0.8623      1602
          4     0.9615    0.9098    0.9349      4012
          5     0.9949    0.9879    0.9914       990
          6     0.9453    0.7756    0.8521       468
          7     0.9961    0.9820    0.9890       777

avg / total     0.9621    0.9627    0.9620     54924

val_loss:0.300741066287,0.261030659166,0.240102099595,0.21853238205,0.189115406262,0.180047361566,0.166867497049,0.168952466209,0.156340953035,0.15528849444,0.153922775057,0.160607903214,0.150086154972,0.148767839804,0.150030633841,0.14261607262,0.14462209639,0.146336347473,0.137258942217,0.144138867436,0.140326837951,0.140645241915,0.135749784567,0.138047496957,0.139608576499,0.142971569213,0.147713480971,0.141796606865,0.13918249469,0.135270706233,0.136486968964,0.139545254541,0.131880265647,0.141141912132,0.135909548097,0.138069834669,0.135639935169,0.144093566009,0.135830403424,0.140583711737,0.139146945637,0.141690176161,0.134868115705,0.138784213366,0.13641951997,0.133699358611,0.131310228836,0.131397831582,0.138468272702,0.142086059997
val_acc:0.910421659456,0.920599360193,0.925970420232,0.927736494496,0.941136847372,0.943066791022,0.946453292075,0.948255785181,0.952097458291,0.952188494786,0.953171671622,0.952042840095,0.954355127313,0.955483959296,0.955702444065,0.958014728479,0.957104379508,0.958688387949,0.960836809658,0.95961694444,0.960181360455,0.959799014066,0.960454464371,0.961073500245,0.95999928967,0.960235979155,0.959489493401,0.959653358368,0.96007211859,0.961874607893,0.961783572557,0.960709361983,0.963203717164,0.96240261002,0.962675714543,0.963058060885,0.962985233003,0.96334937232,0.964387169557,0.964041237721,0.963385785753,0.96329475092,0.964459997981,0.962784955241,0.964168686498,0.96476951645,0.965789106671,0.964878757699,0.963367579288,0.962712128432
loss:0.396366061699,0.283791361906,0.246062250205,0.213352907183,0.18886988063,0.172789142853,0.153729732872,0.144070782184,0.137037955399,0.130510405473,0.125869686188,0.121130074989,0.116617834551,0.111754320375,0.109033254391,0.106059177944,0.105038511717,0.10026474335,0.100066710136,0.100057200949,0.0927420085,0.0938367695541,0.091995454731,0.0881258207442,0.0858833514279,0.0883572602869,0.0869440789542,0.0883587119655,0.0954628624313,0.08901718138,0.0839155971613,0.083513776563,0.0847378683838,0.0803724765943,0.0805186013429,0.0783209185179,0.0783269272449,0.0829369957926,0.0760820464296,0.0759319842871,0.0761812665398,0.0821713513142,0.0807182697658,0.0766457674348,0.0766911291847,0.0785504068305,0.0763942333951,0.0787866108047,0.0746207005402,0.0775232531159
acc:0.882677453917,0.914516151212,0.923037226561,0.931795000991,0.938440717852,0.943502387252,0.949893197993,0.952648590124,0.954699959271,0.956921265008,0.958056193346,0.959464234352,0.960562747925,0.962784052577,0.963421312428,0.964453065859,0.965418058231,0.966607609412,0.966941412108,0.967172038983,0.968756083817,0.968525456856,0.968756084052,0.970412958332,0.971481126031,0.97012163982,0.970868143582,0.9705889633,0.967487633919,0.969915289119,0.971705684455,0.971984864798,0.97193024257,0.97345359589,0.972773852572,0.973241176107,0.974163684837,0.971905966017,0.974667423233,0.974297205889,0.974843428207,0.972670677198,0.973119793311,0.974424657763,0.974552109457,0.974291136758,0.97445500345,0.973823813045,0.97534109736,0.974157615709
