
             precision    recall  f1-score   support

          0     0.9051    0.9959    0.9483     42689
          1     0.5545    0.4157    0.4752      1554
          2     0.6236    0.2688    0.3757      2656
          3     0.9564    0.3150    0.4739      1600
          4     0.9813    0.7209    0.8312      4228
          5     0.9779    0.9971    0.9874      1020
          6     1.0000    0.5711    0.7270       394
          7     0.9987    0.9502    0.9738       783

avg / total     0.8923    0.8996    0.8839     54924


             precision    recall  f1-score   support

          0     0.9165    0.9969    0.9550     42689
          1     0.6245    0.4762    0.5403      1554
          2     0.6710    0.3509    0.4608      2656
          3     0.9163    0.4106    0.5671      1600
          4     0.9908    0.7382    0.8460      4228
          5     0.9845    0.9971    0.9907      1020
          6     1.0000    0.6650    0.7988       394
          7     0.9973    0.9591    0.9779       783

avg / total     0.9051    0.9110    0.8995     54924


             precision    recall  f1-score   support

          0     0.9158    0.9985    0.9554     42689
          1     0.6743    0.3211    0.4350      1554
          2     0.6243    0.4017    0.4889      2656
          3     0.9507    0.4100    0.5729      1600
          4     0.9905    0.7420    0.8484      4228
          5     0.9980    0.9971    0.9975      1020
          6     1.0000    0.7234    0.8395       394
          7     0.9961    0.9796    0.9878       783

avg / total     0.9050    0.9114    0.8992     54924


             precision    recall  f1-score   support

          0     0.9216    0.9960    0.9574     42689
          1     0.6602    0.4151    0.5097      1554
          2     0.6601    0.4175    0.5115      2656
          3     0.8998    0.4544    0.6038      1600
          4     0.9855    0.7550    0.8550      4228
          5     0.9980    0.9971    0.9975      1020
          6     1.0000    0.7538    0.8596       394
          7     0.9948    0.9796    0.9871       783

avg / total     0.9089    0.9153    0.9054     54924


             precision    recall  f1-score   support

          0     0.9207    0.9976    0.9576     42689
          1     0.6463    0.4891    0.5568      1554
          2     0.7093    0.3776    0.4929      2656
          3     0.9345    0.4369    0.5954      1600
          4     0.9888    0.7524    0.8545      4228
          5     0.9980    1.0000    0.9990      1020
          6     0.9905    0.7970    0.8833       394
          7     0.9961    0.9898    0.9930       783

avg / total     0.9114    0.9165    0.9061     54924


             precision    recall  f1-score   support

          0     0.9240    0.9968    0.9590     42689
          1     0.7297    0.3649    0.4865      1554
          2     0.6672    0.4740    0.5543      2656
          3     0.9354    0.4431    0.6014      1600
          4     0.9788    0.7739    0.8644      4228
          5     0.9980    0.9990    0.9985      1020
          6     0.9968    0.7944    0.8842       394
          7     0.9974    0.9847    0.9910       783

avg / total     0.9136    0.9188    0.9090     54924


             precision    recall  f1-score   support

          0     0.9240    0.9978    0.9595     42689
          1     0.6699    0.5341    0.5943      1554
          2     0.7385    0.4093    0.5266      2656
          3     0.9497    0.4487    0.6095      1600
          4     0.9929    0.7604    0.8612      4228
          5     1.0000    0.9990    0.9995      1020
          6     0.9969    0.8071    0.8920       394
          7     0.9962    0.9936    0.9949       783

avg / total     0.9169    0.9206    0.9112     54924


             precision    recall  f1-score   support

          0     0.9298    0.9941    0.9609     42689
          1     0.6234    0.6126    0.6180      1554
          2     0.7366    0.4096    0.5265      2656
          3     0.9151    0.4650    0.6167      1600
          4     0.9821    0.7765    0.8673      4228
          5     0.9990    1.0000    0.9995      1020
          6     0.9969    0.8096    0.8936       394
          7     0.9949    0.9936    0.9942       783

avg / total     0.9181    0.9217    0.9137     54924


             precision    recall  f1-score   support

          0     0.9299    0.9943    0.9610     42689
          1     0.6604    0.5907    0.6236      1554
          2     0.7409    0.4371    0.5498      2656
          3     0.9258    0.4756    0.6284      1600
          4     0.9760    0.7779    0.8658      4228
          5     0.9980    1.0000    0.9990      1020
          6     0.9939    0.8274    0.9030       394
          7     0.9962    0.9923    0.9942       783

avg / total     0.9192    0.9230    0.9153     54924


             precision    recall  f1-score   support

          0     0.9305    0.9960    0.9621     42689
          1     0.7410    0.5026    0.5989      1554
          2     0.7255    0.5124    0.6006      2656
          3     0.9341    0.4788    0.6331      1600
          4     0.9845    0.7800    0.8704      4228
          5     0.9990    1.0000    0.9995      1020
          6     0.9970    0.8299    0.9058       394
          7     0.9962    0.9936    0.9949       783

avg / total     0.9221    0.9258    0.9185     54924


             precision    recall  f1-score   support

          0     0.9306    0.9961    0.9622     42689
          1     0.7348    0.5296    0.6156      1554
          2     0.7320    0.5102    0.6013      2656
          3     0.9516    0.4788    0.6370      1600
          4     0.9919    0.7791    0.8727      4228
          5     0.9980    1.0000    0.9990      1020
          6     0.9970    0.8325    0.9073       394
          7     0.9962    0.9923    0.9942       783

avg / total     0.9234    0.9265    0.9194     54924


             precision    recall  f1-score   support

          0     0.9305    0.9968    0.9625     42689
          1     0.7033    0.6100    0.6533      1554
          2     0.7863    0.4725    0.5903      2656
          3     0.9760    0.4575    0.6230      1600
          4     0.9828    0.7843    0.8724      4228
          5     0.9990    1.0000    0.9995      1020
          6     0.9907    0.8147    0.8942       394
          7     0.9987    0.9936    0.9962       783

avg / total     0.9251    0.9272    0.9196     54924


             precision    recall  f1-score   support

          0     0.9356    0.9942    0.9640     42689
          1     0.7465    0.5875    0.6575      1554
          2     0.7680    0.5584    0.6466      2656
          3     0.9354    0.5069    0.6575      1600
          4     0.9789    0.7907    0.8748      4228
          5     0.9990    1.0000    0.9995      1020
          6     0.9969    0.8122    0.8951       394
          7     0.9962    0.9962    0.9962       783

avg / total     0.9280    0.9306    0.9248     54924


             precision    recall  f1-score   support

          0     0.9391    0.9931    0.9653     42689
          1     0.7714    0.5579    0.6475      1554
          2     0.7374    0.6069    0.6658      2656
          3     0.9484    0.5169    0.6691      1600
          4     0.9778    0.8013    0.8808      4228
          5     0.9990    1.0000    0.9995      1020
          6     0.9910    0.8350    0.9063       394
          7     0.9974    0.9949    0.9962       783

avg / total     0.9302    0.9325    0.9274     54924


             precision    recall  f1-score   support

          0     0.9368    0.9947    0.9649     42689
          1     0.7282    0.6190    0.6692      1554
          2     0.7775    0.5633    0.6533      2656
          3     0.9550    0.4913    0.6488      1600
          4     0.9835    0.7912    0.8769      4228
          5     0.9971    1.0000    0.9985      1020
          6     0.9969    0.8249    0.9028       394
          7     0.9987    0.9898    0.9942       783

avg / total     0.9297    0.9317    0.9261     54924


             precision    recall  f1-score   support

          0     0.9402    0.9940    0.9664     42689
          1     0.7657    0.6139    0.6814      1554
          2     0.7840    0.6107    0.6866      2656
          3     0.9432    0.5294    0.6781      1600
          4     0.9823    0.7987    0.8810      4228
          5     0.9990    1.0000    0.9995      1020
          6     0.9970    0.8452    0.9148       394
          7     0.9974    0.9962    0.9968       783

avg / total     0.9333    0.9353    0.9305     54924


             precision    recall  f1-score   support

          0     0.9413    0.9937    0.9668     42689
          1     0.8221    0.5592    0.6656      1554
          2     0.7616    0.6506    0.7017      2656
          3     0.9011    0.5694    0.6978      1600
          4     0.9876    0.7921    0.8791      4228
          5     0.9990    1.0000    0.9995      1020
          6     0.9970    0.8401    0.9118       394
          7     0.9987    0.9949    0.9968       783

avg / total     0.9339    0.9359    0.9315     54924


             precision    recall  f1-score   support

          0     0.9451    0.9911    0.9675     42689
          1     0.7648    0.6506    0.7031      1554
          2     0.7876    0.6506    0.7126      2656
          3     0.9023    0.5425    0.6776      1600
          4     0.9729    0.8155    0.8873      4228
          5     0.9971    1.0000    0.9985      1020
          6     0.9940    0.8426    0.9121       394
          7     0.9987    0.9923    0.9955       783

avg / total     0.9354    0.9375    0.9337     54924


             precision    recall  f1-score   support

          0     0.9416    0.9941    0.9671     42689
          1     0.8107    0.6120    0.6975      1554
          2     0.7899    0.6483    0.7122      2656
          3     0.9364    0.5425    0.6870      1600
          4     0.9797    0.7982    0.8797      4228
          5     0.9990    1.0000    0.9995      1020
          6     0.9970    0.8350    0.9088       394
          7     1.0000    0.9949    0.9974       783

avg / total     0.9356    0.9373    0.9329     54924


             precision    recall  f1-score   support

          0     0.9470    0.9914    0.9687     42689
          1     0.8103    0.5965    0.6872      1554
          2     0.7748    0.7086    0.7402      2656
          3     0.9173    0.5613    0.6964      1600
          4     0.9721    0.8148    0.8865      4228
          5     0.9980    1.0000    0.9990      1020
          6     0.9940    0.8477    0.9151       394
          7     0.9987    0.9949    0.9968       783

avg / total     0.9379    0.9396    0.9360     54924


             precision    recall  f1-score   support

          0     0.9431    0.9949    0.9683     42689
          1     0.8143    0.6544    0.7257      1554
          2     0.8162    0.6638    0.7321      2656
          3     0.9512    0.5363    0.6859      1600
          4     0.9867    0.8051    0.8867      4228
          5     0.9980    1.0000    0.9990      1020
          6     0.9970    0.8325    0.9073       394
          7     0.9987    0.9936    0.9962       783

avg / total     0.9391    0.9402    0.9360     54924


             precision    recall  f1-score   support

          0     0.9460    0.9926    0.9687     42689
          1     0.8112    0.6802    0.7399      1554
          2     0.8331    0.6709    0.7433      2656
          3     0.9397    0.5650    0.7057      1600
          4     0.9672    0.8228    0.8892      4228
          5     0.9990    1.0000    0.9995      1020
          6     0.9910    0.8401    0.9093       394
          7     1.0000    0.9936    0.9968       783

avg / total     0.9403    0.9417    0.9381     54924


             precision    recall  f1-score   support

          0     0.9455    0.9943    0.9693     42689
          1     0.8240    0.6628    0.7347      1554
          2     0.8231    0.7041    0.7589      2656
          3     0.9443    0.5406    0.6876      1600
          4     0.9853    0.8077    0.8877      4228
          5     0.9980    1.0000    0.9990      1020
          6     0.9970    0.8376    0.9103       394
          7     0.9987    0.9923    0.9955       783

avg / total     0.9413    0.9422    0.9385     54924


             precision    recall  f1-score   support

          0     0.9468    0.9937    0.9697     42689
          1     0.7929    0.7169    0.7530      1554
          2     0.8431    0.6898    0.7587      2656
          3     0.9361    0.5769    0.7138      1600
          4     0.9886    0.7997    0.8842      4228
          5     0.9980    1.0000    0.9990      1020
          6     0.9910    0.8350    0.9063       394
          7     0.9987    0.9949    0.9968       783

avg / total     0.9423    0.9431    0.9398     54924


             precision    recall  f1-score   support

          0     0.9503    0.9918    0.9706     42689
          1     0.7861    0.7400    0.7623      1554
          2     0.8433    0.6988    0.7643      2656
          3     0.9543    0.5613    0.7068      1600
          4     0.9694    0.8318    0.8954      4228
          5     0.9971    1.0000    0.9985      1020
          6     0.9940    0.8452    0.9136       394
          7     0.9987    0.9923    0.9955       783

avg / total     0.9439    0.9448    0.9417     54924


             precision    recall  f1-score   support

          0     0.9524    0.9915    0.9716     42689
          1     0.8036    0.7162    0.7574      1554
          2     0.8327    0.7270    0.7763      2656
          3     0.9226    0.6112    0.7353      1600
          4     0.9784    0.8262    0.8959      4228
          5     0.9990    1.0000    0.9995      1020
          6     0.9714    0.8629    0.9140       394
          7     0.9987    0.9949    0.9968       783

avg / total     0.9452    0.9464    0.9438     54924


             precision    recall  f1-score   support

          0     0.9537    0.9894    0.9712     42689
          1     0.7624    0.8012    0.7813      1554
          2     0.8446    0.7059    0.7691      2656
          3     0.9113    0.5975    0.7218      1600
          4     0.9769    0.8307    0.8979      4228
          5     0.9980    1.0000    0.9990      1020
          6     0.9911    0.8503    0.9153       394
          7     0.9987    0.9923    0.9955       783

avg / total     0.9453    0.9460    0.9436     54924


             precision    recall  f1-score   support

          0     0.9512    0.9921    0.9712     42689
          1     0.7911    0.7580    0.7742      1554
          2     0.8343    0.7357    0.7819      2656
          3     0.9599    0.5687    0.7143      1600
          4     0.9871    0.8146    0.8926      4228
          5     0.9971    1.0000    0.9985      1020
          6     0.9970    0.8401    0.9118       394
          7     0.9987    0.9936    0.9962       783

avg / total     0.9459    0.9461    0.9434     54924


             precision    recall  f1-score   support

          0     0.9534    0.9916    0.9722     42689
          1     0.8178    0.7162    0.7636      1554
          2     0.8249    0.7395    0.7798      2656
          3     0.9163    0.6156    0.7364      1600
          4     0.9805    0.8304    0.8992      4228
          5     0.9980    1.0000    0.9990      1020
          6     0.9969    0.8274    0.9043       394
          7     1.0000    0.9936    0.9968       783

avg / total     0.9462    0.9473    0.9448     54924


             precision    recall  f1-score   support

          0     0.9548    0.9917    0.9729     42689
          1     0.8343    0.7420    0.7854      1554
          2     0.8381    0.7579    0.7960      2656
          3     0.9558    0.5944    0.7329      1600
          4     0.9683    0.8389    0.8990      4228
          5     0.9980    1.0000    0.9990      1020
          6     0.9795    0.8503    0.9103       394
          7     0.9987    0.9936    0.9962       783

avg / total     0.9484    0.9491    0.9467     54924


             precision    recall  f1-score   support

          0     0.9529    0.9933    0.9727     42689
          1     0.8637    0.7053    0.7765      1554
          2     0.8569    0.7304    0.7886      2656
          3     0.9343    0.6219    0.7467      1600
          4     0.9684    0.8467    0.9035      4228
          5     0.9990    1.0000    0.9995      1020
          6     0.9851    0.8376    0.9053       394
          7     1.0000    0.9923    0.9962       783

avg / total     0.9482    0.9493    0.9467     54924


             precision    recall  f1-score   support

          0     0.9567    0.9905    0.9733     42689
          1     0.8291    0.7555    0.7906      1554
          2     0.8508    0.7538    0.7994      2656
          3     0.8904    0.6550    0.7548      1600
          4     0.9745    0.8413    0.9030      4228
          5     0.9980    1.0000    0.9990      1020
          6     0.9939    0.8325    0.9061       394
          7     0.9987    0.9949    0.9968       783

avg / total     0.9490    0.9502    0.9483     54924


             precision    recall  f1-score   support

          0     0.9575    0.9906    0.9738     42689
          1     0.8354    0.7645    0.7984      1554
          2     0.8308    0.7910    0.8104      2656
          3     0.9405    0.6325    0.7564      1600
          4     0.9811    0.8333    0.9011      4228
          5     0.9980    1.0000    0.9990      1020
          6     0.9912    0.8553    0.9183       394
          7     0.9987    0.9936    0.9962       783

avg / total     0.9508    0.9513    0.9494     54924


             precision    recall  f1-score   support

          0     0.9549    0.9936    0.9738     42689
          1     0.8505    0.7284    0.7847      1554
          2     0.8603    0.7278    0.7885      2656
          3     0.9384    0.6375    0.7592      1600
          4     0.9730    0.8529    0.9090      4228
          5     0.9980    1.0000    0.9990      1020
          6     0.9940    0.8452    0.9136       394
          7     0.9987    0.9936    0.9962       783

avg / total     0.9500    0.9511    0.9486     54924


             precision    recall  f1-score   support

          0     0.9588    0.9907    0.9745     42689
          1     0.8486    0.7613    0.8026      1554
          2     0.8345    0.7937    0.8136      2656
          3     0.9555    0.6306    0.7598      1600
          4     0.9735    0.8517    0.9085      4228
          5     0.9971    1.0000    0.9985      1020
          6     0.9852    0.8426    0.9083       394
          7     0.9987    0.9936    0.9962       783

avg / total     0.9521    0.9526    0.9508     54924


             precision    recall  f1-score   support

          0     0.9577    0.9926    0.9749     42689
          1     0.8879    0.6828    0.7719      1554
          2     0.8341    0.7779    0.8050      2656
          3     0.9196    0.6787    0.7810      1600
          4     0.9747    0.8491    0.9076      4228
          5     0.9971    1.0000    0.9985      1020
          6     0.9824    0.8503    0.9116       394
          7     0.9987    0.9923    0.9955       783

avg / total     0.9515    0.9524    0.9504     54924


             precision    recall  f1-score   support

          0     0.9562    0.9914    0.9735     42689
          1     0.8480    0.7645    0.8041      1554
          2     0.8305    0.8170    0.8237      2656
          3     0.9593    0.6181    0.7518      1600
          4     0.9865    0.8127    0.8912      4228
          5     0.9971    1.0000    0.9985      1020
          6     0.9940    0.8452    0.9136       394
          7     0.9987    0.9911    0.9949       783

avg / total     0.9511    0.9510    0.9490     54924


             precision    recall  f1-score   support

          0     0.9623    0.9892    0.9756     42689
          1     0.8706    0.7664    0.8152      1554
          2     0.8596    0.7978    0.8276      2656
          3     0.8823    0.7075    0.7853      1600
          4     0.9633    0.8635    0.9107      4228
          5     0.9980    1.0000    0.9990      1020
          6     0.9910    0.8401    0.9093       394
          7     0.9987    0.9949    0.9968       783

avg / total     0.9539    0.9550    0.9536     54924


             precision    recall  f1-score   support

          0     0.9632    0.9876    0.9752     42689
          1     0.8130    0.8057    0.8093      1554
          2     0.8740    0.7707    0.8191      2656
          3     0.9038    0.6931    0.7846      1600
          4     0.9455    0.8732    0.9079      4228
          5     0.9980    1.0000    0.9990      1020
          6     0.9882    0.8503    0.9141       394
          7     0.9987    0.9949    0.9968       783

avg / total     0.9529    0.9539    0.9526     54924


             precision    recall  f1-score   support

          0     0.9598    0.9924    0.9758     42689
          1     0.8409    0.7992    0.8195      1554
          2     0.8912    0.7523    0.8158      2656
          3     0.9305    0.6694    0.7786      1600
          4     0.9669    0.8631    0.9120      4228
          5     0.9980    1.0000    0.9990      1020
          6     0.9911    0.8452    0.9123       394
          7     0.9974    0.9949    0.9962       783

avg / total     0.9543    0.9551    0.9533     54924


             precision    recall  f1-score   support

          0     0.9616    0.9918    0.9765     42689
          1     0.8307    0.8211    0.8259      1554
          2     0.9019    0.7684    0.8298      2656
          3     0.9276    0.6806    0.7851      1600
          4     0.9663    0.8621    0.9113      4228
          5     0.9980    1.0000    0.9990      1020
          6     0.9769    0.8604    0.9150       394
          7     0.9974    0.9949    0.9962       783

avg / total     0.9557    0.9564    0.9548     54924


             precision    recall  f1-score   support

          0     0.9626    0.9905    0.9763     42689
          1     0.8623    0.7941    0.8268      1554
          2     0.8749    0.7978    0.8346      2656
          3     0.8682    0.7244    0.7898      1600
          4     0.9804    0.8508    0.9110      4228
          5     0.9980    1.0000    0.9990      1020
          6     0.9911    0.8503    0.9153       394
          7     0.9974    0.9949    0.9962       783

avg / total     0.9555    0.9563    0.9551     54924


             precision    recall  f1-score   support

          0     0.9651    0.9896    0.9772     42689
          1     0.8630    0.7986    0.8295      1554
          2     0.8759    0.8129    0.8432      2656
          3     0.8978    0.7031    0.7886      1600
          4     0.9650    0.8806    0.9209      4228
          5     0.9980    1.0000    0.9990      1020
          6     0.9910    0.8426    0.9108       394
          7     0.9974    0.9949    0.9962       783

avg / total     0.9572    0.9581    0.9569     54924


             precision    recall  f1-score   support

          0     0.9639    0.9919    0.9777     42689
          1     0.8565    0.7986    0.8265      1554
          2     0.8818    0.8061    0.8423      2656
          3     0.9355    0.6887    0.7934      1600
          4     0.9708    0.8725    0.9190      4228
          5     0.9980    1.0000    0.9990      1020
          6     0.9882    0.8477    0.9126       394
          7     0.9987    0.9936    0.9962       783

avg / total     0.9579    0.9586    0.9572     54924


             precision    recall  f1-score   support

          0     0.9591    0.9938    0.9761     42689
          1     0.8461    0.8134    0.8294      1554
          2     0.8909    0.7748    0.8288      2656
          3     0.9491    0.6637    0.7812      1600
          4     0.9827    0.8446    0.9084      4228
          5     0.9990    1.0000    0.9995      1020
          6     0.9970    0.8350    0.9088       394
          7     0.9974    0.9936    0.9955       783

avg / total     0.9557    0.9560    0.9542     54924


             precision    recall  f1-score   support

          0     0.9635    0.9912    0.9772     42689
          1     0.8837    0.7870    0.8325      1554
          2     0.8694    0.8197    0.8438      2656
          3     0.9295    0.6756    0.7825      1600
          4     0.9693    0.8744    0.9194      4228
          5     0.9980    1.0000    0.9990      1020
          6     0.9853    0.8528    0.9143       394
          7     0.9974    0.9936    0.9955       783

avg / total     0.9575    0.9582    0.9567     54924


             precision    recall  f1-score   support

          0     0.9619    0.9936    0.9775     42689
          1     0.8555    0.8385    0.8469      1554
          2     0.9166    0.7779    0.8415      2656
          3     0.9454    0.6931    0.7999      1600
          4     0.9735    0.8614    0.9140      4228
          5     0.9990    1.0000    0.9995      1020
          6     0.9882    0.8477    0.9126       394
          7     0.9987    0.9949    0.9968       783

avg / total     0.9586    0.9589    0.9574     54924


             precision    recall  f1-score   support

          0     0.9675    0.9884    0.9778     42689
          1     0.8646    0.8340    0.8490      1554
          2     0.8589    0.8434    0.8511      2656
          3     0.9042    0.7312    0.8086      1600
          4     0.9722    0.8675    0.9169      4228
          5     0.9980    1.0000    0.9990      1020
          6     0.9941    0.8503    0.9166       394
          7     0.9974    0.9936    0.9955       783

avg / total     0.9590    0.9595    0.9586     54924


             precision    recall  f1-score   support

          0     0.9651    0.9915    0.9781     42689
          1     0.8500    0.8134    0.8313      1554
          2     0.8850    0.8114    0.8466      2656
          3     0.9114    0.7325    0.8122      1600
          4     0.9782    0.8583    0.9143      4228
          5     0.9980    1.0000    0.9990      1020
          6     0.9685    0.8579    0.9098       394
          7     0.9974    0.9936    0.9955       783

avg / total     0.9585    0.9592    0.9580     54924


             precision    recall  f1-score   support

          0     0.9681    0.9896    0.9787     42689
          1     0.8493    0.8411    0.8451      1554
          2     0.8909    0.8148    0.8511      2656
          3     0.9044    0.7569    0.8241      1600
          4     0.9664    0.8784    0.9203      4228
          5     0.9980    1.0000    0.9990      1020
          6     0.9882    0.8503    0.9141       394
          7     0.9974    0.9923    0.9949       783

avg / total     0.9602    0.9608    0.9599     54924

val_acc:0.899643143634,0.911004296109,0.911350231713,0.915282935288,0.916502800588,0.918778677799,0.920581166312,0.921673583573,0.923039109693,0.925788363047,0.926498435863,0.927172092376,0.930613211325,0.932470321213,0.931705630461,0.935255988433,0.935929646119,0.937531862114,0.937313379837,0.939589248595,0.940190081555,0.941719467095,0.942229262991,0.94312140397,0.944796445382,0.946380454144,0.945998104738,0.946143762173,0.947290799543,0.949129707823,0.949293567164,0.950222125058,0.951278131629,0.951059647202,0.952625445919,0.952406963642,0.951041439279,0.954992352952,0.953918140972,0.955083389691,0.95639428945,0.956339670616,0.958105744455,0.958597333704,0.955993737525,0.958178575458,0.958943268058,0.95950768469,0.959161750648,0.960818586103
acc:0.848066465677,0.902619314499,0.911067147073,0.913737438657,0.91581905093,0.917475845612,0.918889885835,0.920807641487,0.922883186782,0.924922317656,0.926694421437,0.92833300906,0.930590619585,0.932471961491,0.933837452618,0.935858378423,0.937296693198,0.939080933335,0.940980483943,0.942188184406,0.943310918632,0.944815993627,0.946230032742,0.947759382423,0.948894256743,0.950150508119,0.951024420233,0.952213916138,0.953312375317,0.954040638745,0.955636743036,0.956249696963,0.956862650462,0.957396708834,0.958750061342,0.959575424358,0.960406855503,0.961068359044,0.961620624276,0.962361023841,0.962907221188,0.963866097415,0.96426057174,0.964849250406,0.966069087135,0.965868816866,0.966748797385,0.967240374766,0.967634847614,0.967847259816
val_loss:0.349316632198,0.304513419931,0.290174220238,0.277267331356,0.268510104824,0.260935353571,0.251960431286,0.249787139582,0.241084279987,0.233382408946,0.227770255286,0.22498752461,0.218351442711,0.213204301951,0.210404779916,0.204280920364,0.201262065351,0.19642357159,0.191993898991,0.187231316801,0.187379222558,0.181622016735,0.180100663756,0.175045981832,0.173778568509,0.168073267672,0.169288451477,0.168899917151,0.162951819934,0.160570434313,0.158912617836,0.155185475149,0.153880912167,0.15306338453,0.15002541168,0.147758339202,0.155506123866,0.143370192084,0.147366545601,0.143395762447,0.138928404085,0.139030786665,0.136435457736,0.135135430033,0.142870582709,0.134713927409,0.136685907724,0.132652046574,0.132105209041,0.13039769903
lr:0.00122916,0.00122916,0.00122916,0.00122916,0.00122916,0.00122916,0.00122916,0.00122916,0.00122916,0.00122916,0.00122916,0.00122916,0.00122916,0.00122916,0.00122916,0.00122916,0.00122916,0.00122916,0.00122916,0.00122916,0.00122916,0.00122916,0.00122916,0.00122916,0.00122916,0.00122916,0.00122916,0.00122916,0.00122916,0.00122916,0.00122916,0.00122916,0.00122916,0.00122916,0.00122916,0.00122916,0.00122916,0.00122916,0.00122916,0.00122916,0.00122916,0.00122916,0.00122916,0.00122916,0.00122916,0.00122916,0.00122916,0.00122916,0.00122916,0.00122916
loss:0.505109889861,0.327350240045,0.299766127712,0.285409344094,0.275521434854,0.2667670624,0.260081670649,0.251207449057,0.243466691316,0.236104655002,0.229581623279,0.222032521812,0.215529590447,0.20984924018,0.204488385832,0.198673506175,0.193180874476,0.187655811624,0.182586352281,0.178200834843,0.173325084544,0.168902184648,0.164295194746,0.161082872891,0.156657207132,0.153028598195,0.149742674005,0.147078148895,0.143380275526,0.140141498539,0.136634889196,0.134409439511,0.132478717643,0.129636307859,0.126398949056,0.123984797735,0.121478832063,0.119515720491,0.11699165556,0.114637348946,0.113362355759,0.110851010703,0.109428791835,0.106984623529,0.105574286678,0.103764155269,0.102090381863,0.100767327715,0.099807622598,0.0978066435197
