
             precision    recall  f1-score   support

          0     0.9149    0.9978    0.9546     42689
          1     0.5730    0.6313    0.6007      1554
          2     0.7839    0.2157    0.3384      2656
          3     0.9093    0.4387    0.5919      1600
          4     0.9942    0.7242    0.8380      4228
          5     0.9903    0.9980    0.9941      1020
          6     1.0000    0.7081    0.8291       394
          7     0.9948    0.9719    0.9832       783

avg / total     0.9080    0.9098    0.8955     54924


             precision    recall  f1-score   support

          0     0.9203    0.9970    0.9571     42689
          1     0.5865    0.5714    0.5789      1554
          2     0.7262    0.2877    0.4121      2656
          3     0.9154    0.4394    0.5938      1600
          4     0.9910    0.7526    0.8555      4228
          5     1.0000    0.9990    0.9995      1020
          6     0.9726    0.8122    0.8852       394
          7     0.9949    0.9911    0.9930       783

avg / total     0.9097    0.9143    0.9024     54924


             precision    recall  f1-score   support

          0     0.9231    0.9971    0.9587     42689
          1     0.6329    0.5470    0.5868      1554
          2     0.7216    0.3727    0.4916      2656
          3     0.9527    0.4281    0.5908      1600
          4     0.9923    0.7647    0.8637      4228
          5     0.9990    1.0000    0.9995      1020
          6     0.9939    0.8274    0.9030       394
          7     1.0000    0.9898    0.9949       783

avg / total     0.9144    0.9184    0.9084     54924


             precision    recall  f1-score   support

          0     0.9265    0.9952    0.9596     42689
          1     0.6853    0.4260    0.5254      1554
          2     0.6729    0.4616    0.5476      2656
          3     0.9615    0.4369    0.6008      1600
          4     0.9688    0.7852    0.8674      4228
          5     0.9990    1.0000    0.9995      1020
          6     0.9819    0.8274    0.8981       394
          7     1.0000    0.9923    0.9962       783

avg / total     0.9145    0.9197    0.9107     54924


             precision    recall  f1-score   support

          0     0.9297    0.9951    0.9613     42689
          1     0.6866    0.5541    0.6132      1554
          2     0.7303    0.4669    0.5696      2656
          3     0.9527    0.4662    0.6261      1600
          4     0.9802    0.7836    0.8709      4228
          5     1.0000    1.0000    1.0000      1020
          6     0.9968    0.7970    0.8858       394
          7     0.9987    0.9949    0.9968       783

avg / total     0.9205    0.9241    0.9164     54924


             precision    recall  f1-score   support

          0     0.9311    0.9963    0.9626     42689
          1     0.7885    0.3958    0.5270      1554
          2     0.6902    0.5377    0.6044      2656
          3     0.9346    0.5094    0.6594      1600
          4     0.9838    0.7909    0.8769      4228
          5     1.0000    1.0000    1.0000      1020
          6     0.9878    0.8223    0.8975       394
          7     1.0000    0.9949    0.9974       783

avg / total     0.9222    0.9259    0.9182     54924


             precision    recall  f1-score   support

          0     0.9317    0.9966    0.9630     42689
          1     0.7348    0.5669    0.6400      1554
          2     0.7724    0.5034    0.6095      2656
          3     0.9288    0.5056    0.6548      1600
          4     0.9889    0.7803    0.8723      4228
          5     1.0000    1.0000    1.0000      1020
          6     0.9969    0.8198    0.8997       394
          7     1.0000    0.9949    0.9974       783

avg / total     0.9254    0.9284    0.9216     54924


             precision    recall  f1-score   support

          0     0.9390    0.9944    0.9659     42689
          1     0.7520    0.5463    0.6329      1554
          2     0.7465    0.5964    0.6630      2656
          3     0.9298    0.5463    0.6882      1600
          4     0.9876    0.7930    0.8797      4228
          5     1.0000    1.0000    1.0000      1020
          6     0.9848    0.8198    0.8947       394
          7     1.0000    0.9962    0.9981       783

avg / total     0.9302    0.9328    0.9277     54924


             precision    recall  f1-score   support

          0     0.9365    0.9958    0.9652     42689
          1     0.8075    0.5695    0.6679      1554
          2     0.7745    0.6050    0.6793      2656
          3     0.9528    0.5044    0.6596      1600
          4     0.9888    0.7933    0.8803      4228
          5     1.0000    1.0000    1.0000      1020
          6     0.9877    0.8122    0.8914       394
          7     1.0000    0.9962    0.9981       783

avg / total     0.9320    0.9337    0.9282     54924


             precision    recall  f1-score   support

          0     0.9381    0.9965    0.9664     42689
          1     0.8325    0.5502    0.6625      1554
          2     0.7777    0.6310    0.6967      2656
          3     0.9568    0.5400    0.6904      1600
          4     0.9914    0.7888    0.8786      4228
          5     1.0000    1.0000    1.0000      1020
          6     0.9816    0.8122    0.8889       394
          7     1.0000    0.9974    0.9987       783

avg / total     0.9343    0.9357    0.9305     54924


             precision    recall  f1-score   support

          0     0.9448    0.9935    0.9685     42689
          1     0.7330    0.7085    0.7205      1554
          2     0.8459    0.5806    0.6885      2656
          3     0.9209    0.5969    0.7243      1600
          4     0.9793    0.8172    0.8909      4228
          5     1.0000    1.0000    1.0000      1020
          6     0.9648    0.8350    0.8952       394
          7     1.0000    0.9974    0.9987       783

avg / total     0.9379    0.9394    0.9354     54924


             precision    recall  f1-score   support

          0     0.9486    0.9920    0.9698     42689
          1     0.7934    0.7169    0.7532      1554
          2     0.8199    0.6721    0.7387      2656
          3     0.9745    0.5725    0.7213      1600
          4     0.9684    0.8325    0.8953      4228
          5     1.0000    1.0000    1.0000      1020
          6     0.9969    0.8173    0.8982       394
          7     1.0000    0.9974    0.9987       783

avg / total     0.9423    0.9432    0.9400     54924


             precision    recall  f1-score   support

          0     0.9523    0.9899    0.9707     42689
          1     0.8361    0.6860    0.7536      1554
          2     0.8138    0.7225    0.7655      2656
          3     0.8509    0.6525    0.7386      1600
          4     0.9781    0.8236    0.8942      4228
          5     1.0000    1.0000    1.0000      1020
          6     0.9909    0.8249    0.9003       394
          7     1.0000    0.9974    0.9987       783

avg / total     0.9432    0.9448    0.9424     54924


             precision    recall  f1-score   support

          0     0.9481    0.9939    0.9705     42689
          1     0.7564    0.7632    0.7598      1554
          2     0.8587    0.6476    0.7384      2656
          3     0.9758    0.5537    0.7065      1600
          4     0.9793    0.8264    0.8964      4228
          5     1.0000    1.0000    1.0000      1020
          6     0.9878    0.8223    0.8975       394
          7     1.0000    0.9974    0.9987       783

avg / total     0.9436    0.9438    0.9403     54924


             precision    recall  f1-score   support

          0     0.9509    0.9941    0.9720     42689
          1     0.8783    0.6409    0.7411      1554
          2     0.8191    0.7534    0.7849      2656
          3     0.9624    0.6081    0.7453      1600
          4     0.9807    0.8283    0.8981      4228
          5     1.0000    1.0000    1.0000      1020
          6     0.9763    0.8376    0.9016       394
          7     1.0000    0.9974    0.9987       783

avg / total     0.9469    0.9475    0.9446     54924


             precision    recall  f1-score   support

          0     0.9508    0.9945    0.9722     42689
          1     0.8624    0.7136    0.7810      1554
          2     0.8553    0.7142    0.7784      2656
          3     0.9378    0.6412    0.7617      1600
          4     0.9831    0.8269    0.8983      4228
          5     1.0000    1.0000    1.0000      1020
          6     0.9938    0.8173    0.8969       394
          7     1.0000    0.9923    0.9962       783

avg / total     0.9477    0.9486    0.9459     54924


             precision    recall  f1-score   support

          0     0.9602    0.9887    0.9743     42689
          1     0.8539    0.7072    0.7737      1554
          2     0.8132    0.7767    0.7945      2656
          3     0.9117    0.6844    0.7819      1600
          4     0.9609    0.8649    0.9104      4228
          5     1.0000    1.0000    1.0000      1020
          6     0.9881    0.8401    0.9081       394
          7     1.0000    0.9974    0.9987       783

avg / total     0.9502    0.9514    0.9497     54924


             precision    recall  f1-score   support

          0     0.9599    0.9907    0.9751     42689
          1     0.8728    0.7465    0.8047      1554
          2     0.8450    0.7839    0.8133      2656
          3     0.9271    0.6913    0.7920      1600
          4     0.9702    0.8557    0.9094      4228
          5     0.9990    1.0000    0.9995      1020
          6     0.9624    0.8452    0.9000       394
          7     1.0000    0.9962    0.9981       783

avg / total     0.9530    0.9539    0.9523     54924


             precision    recall  f1-score   support

          0     0.9607    0.9899    0.9751     42689
          1     0.8503    0.7677    0.8069      1554
          2     0.8734    0.7455    0.8044      2656
          3     0.9033    0.7238    0.8036      1600
          4     0.9576    0.8697    0.9115      4228
          5     0.9990    1.0000    0.9995      1020
          6     0.9682    0.8503    0.9054       394
          7     1.0000    0.9962    0.9981       783

avg / total     0.9528    0.9541    0.9525     54924


             precision    recall  f1-score   support

          0     0.9604    0.9911    0.9755     42689
          1     0.8486    0.7864    0.8163      1554
          2     0.8552    0.7715    0.8112      2656
          3     0.9371    0.7081    0.8067      1600
          4     0.9767    0.8526    0.9105      4228
          5     1.0000    1.0000    1.0000      1020
          6     0.9818    0.8223    0.8950       394
          7     0.9987    0.9974    0.9981       783

avg / total     0.9541    0.9548    0.9533     54924


             precision    recall  f1-score   support

          0     0.9649    0.9888    0.9767     42689
          1     0.8726    0.7761    0.8215      1554
          2     0.8414    0.8072    0.8240      2656
          3     0.9383    0.7319    0.8223      1600
          4     0.9600    0.8749    0.9155      4228
          5     1.0000    0.9990    0.9995      1020
          6     0.9711    0.8528    0.9081       394
          7     1.0000    0.9962    0.9981       783

avg / total     0.9564    0.9571    0.9560     54924


             precision    recall  f1-score   support

          0     0.9616    0.9905    0.9758     42689
          1     0.8284    0.7954    0.8116      1554
          2     0.8624    0.7669    0.8119      2656
          3     0.9340    0.7163    0.8108      1600
          4     0.9724    0.8588    0.9121      4228
          5     0.9990    1.0000    0.9995      1020
          6     0.9792    0.8350    0.9014       394
          7     1.0000    0.9949    0.9974       783

avg / total     0.9544    0.9552    0.9537     54924


             precision    recall  f1-score   support

          0     0.9626    0.9925    0.9773     42689
          1     0.8713    0.7709    0.8180      1554
          2     0.8727    0.7952    0.8322      2656
          3     0.9449    0.7181    0.8161      1600
          4     0.9711    0.8671    0.9162      4228
          5     1.0000    1.0000    1.0000      1020
          6     0.9939    0.8223    0.9000       394
          7     1.0000    0.9974    0.9987       783

avg / total     0.9573    0.9580    0.9566     54924


             precision    recall  f1-score   support

          0     0.9610    0.9904    0.9755     42689
          1     0.8796    0.7477    0.8083      1554
          2     0.8143    0.8340    0.8240      2656
          3     0.9420    0.6906    0.7970      1600
          4     0.9883    0.8368    0.9062      4228
          5     1.0000    0.9990    0.9995      1020
          6     0.9910    0.8350    0.9063       394
          7     1.0000    0.9974    0.9987       783

avg / total     0.9546    0.9546    0.9532     54924


             precision    recall  f1-score   support

          0     0.9635    0.9918    0.9774     42689
          1     0.8572    0.8153    0.8358      1554
          2     0.8778    0.8166    0.8461      2656
          3     0.9681    0.7013    0.8133      1600
          4     0.9730    0.8593    0.9126      4228
          5     0.9990    1.0000    0.9995      1020
          6     0.9762    0.8325    0.8986       394
          7     1.0000    0.9962    0.9981       783

avg / total     0.9585    0.9588    0.9575     54924


             precision    recall  f1-score   support

          0     0.9654    0.9917    0.9784     42689
          1     0.8571    0.8147    0.8354      1554
          2     0.8943    0.8027    0.8460      2656
          3     0.9520    0.7312    0.8271      1600
          4     0.9636    0.8777    0.9187      4228
          5     1.0000    1.0000    1.0000      1020
          6     0.9878    0.8223    0.8975       394
          7     1.0000    0.9974    0.9987       783

avg / total     0.9597    0.9602    0.9590     54924


             precision    recall  f1-score   support

          0     0.9630    0.9928    0.9777     42689
          1     0.8612    0.8147    0.8373      1554
          2     0.8845    0.7873    0.8331      2656
          3     0.9372    0.7362    0.8246      1600
          4     0.9829    0.8553    0.9146      4228
          5     1.0000    1.0000    1.0000      1020
          6     0.9620    0.8350    0.8940       394
          7     0.9987    0.9974    0.9981       783

avg / total     0.9583    0.9588    0.9575     54924


             precision    recall  f1-score   support

          0     0.9609    0.9949    0.9776     42689
          1     0.9041    0.7645    0.8285      1554
          2     0.8965    0.7895    0.8396      2656
          3     0.9654    0.7144    0.8211      1600
          4     0.9745    0.8673    0.9178      4228
          5     1.0000    1.0000    1.0000      1020
          6     0.9969    0.8223    0.9013       394
          7     1.0000    0.9962    0.9981       783

avg / total     0.9589    0.9593    0.9577     54924


             precision    recall  f1-score   support

          0     0.9665    0.9917    0.9789     42689
          1     0.8798    0.8147    0.8460      1554
          2     0.8792    0.8279    0.8528      2656
          3     0.9546    0.7362    0.8313      1600
          4     0.9699    0.8763    0.9207      4228
          5     1.0000    1.0000    1.0000      1020
          6     0.9909    0.8249    0.9003       394
          7     1.0000    0.9962    0.9981       783

avg / total     0.9610    0.9614    0.9604     54924


             precision    recall  f1-score   support

          0     0.9677    0.9907    0.9791     42689
          1     0.8573    0.8430    0.8501      1554
          2     0.8774    0.8219    0.8488      2656
          3     0.9328    0.7631    0.8395      1600
          4     0.9782    0.8697    0.9207      4228
          5     1.0000    1.0000    1.0000      1020
          6     0.9881    0.8426    0.9096       394
          7     1.0000    0.9974    0.9987       783

avg / total     0.9612    0.9616    0.9608     54924


             precision    recall  f1-score   support

          0     0.9635    0.9938    0.9784     42689
          1     0.8533    0.8385    0.8458      1554
          2     0.9149    0.7692    0.8358      2656
          3     0.9424    0.7562    0.8391      1600
          4     0.9841    0.8657    0.9211      4228
          5     1.0000    0.9990    0.9995      1020
          6     0.9909    0.8299    0.9033       394
          7     1.0000    0.9962    0.9981       783

avg / total     0.9604    0.9607    0.9594     54924


             precision    recall  f1-score   support

          0     0.9681    0.9902    0.9790     42689
          1     0.8913    0.7967    0.8413      1554
          2     0.8653    0.8366    0.8507      2656
          3     0.8983    0.7788    0.8343      1600
          4     0.9786    0.8758    0.9244      4228
          5     1.0000    0.9990    0.9995      1020
          6     0.9880    0.8376    0.9066       394
          7     1.0000    0.9962    0.9981       783

avg / total     0.9609    0.9615    0.9606     54924


             precision    recall  f1-score   support

          0     0.9685    0.9927    0.9804     42689
          1     0.8767    0.8095    0.8418      1554
          2     0.8828    0.8336    0.8575      2656
          3     0.9441    0.7712    0.8490      1600
          4     0.9807    0.8796    0.9274      4228
          5     1.0000    1.0000    1.0000      1020
          6     0.9908    0.8223    0.8988       394
          7     1.0000    0.9949    0.9974       783

avg / total     0.9632    0.9636    0.9627     54924


             precision    recall  f1-score   support

          0     0.9674    0.9918    0.9794     42689
          1     0.8654    0.8153    0.8396      1554
          2     0.8932    0.8031    0.8458      2656
          3     0.9489    0.7425    0.8331      1600
          4     0.9618    0.8931    0.9262      4228
          5     0.9990    1.0000    0.9995      1020
          6     0.9878    0.8198    0.8960       394
          7     0.9987    0.9949    0.9968       783

avg / total     0.9611    0.9618    0.9607     54924


             precision    recall  f1-score   support

          0     0.9691    0.9912    0.9800     42689
          1     0.8870    0.7831    0.8319      1554
          2     0.8668    0.8283    0.8471      2656
          3     0.9314    0.7975    0.8593      1600
          4     0.9702    0.8843    0.9253      4228
          5     1.0000    1.0000    1.0000      1020
          6     0.9939    0.8223    0.9000       394
          7     1.0000    0.9936    0.9968       783

avg / total     0.9620    0.9626    0.9617     54924


             precision    recall  f1-score   support

          0     0.9674    0.9931    0.9801     42689
          1     0.8917    0.8057    0.8465      1554
          2     0.8839    0.8313    0.8568      2656
          3     0.9626    0.7562    0.8470      1600
          4     0.9761    0.8798    0.9255      4228
          5     1.0000    0.9990    0.9995      1020
          6     0.9850    0.8325    0.9023       394
          7     1.0000    0.9962    0.9981       783

avg / total     0.9630    0.9634    0.9623     54924


             precision    recall  f1-score   support

          0     0.9705    0.9894    0.9799     42689
          1     0.8611    0.8140    0.8369      1554
          2     0.8603    0.8460    0.8531      2656
          3     0.9445    0.7762    0.8521      1600
          4     0.9672    0.8855    0.9246      4228
          5     1.0000    0.9990    0.9995      1020
          6     0.9821    0.8350    0.9026       394
          7     1.0000    0.9949    0.9974       783

avg / total     0.9621    0.9625    0.9618     54924


             precision    recall  f1-score   support

          0     0.9703    0.9936    0.9818     42689
          1     0.8986    0.8211    0.8581      1554
          2     0.9036    0.8505    0.8763      2656
          3     0.9437    0.7963    0.8637      1600
          4     0.9787    0.8820    0.9278      4228
          5     1.0000    1.0000    1.0000      1020
          6     0.9879    0.8299    0.9021       394
          7     1.0000    0.9949    0.9974       783

avg / total     0.9660    0.9664    0.9656     54924


             precision    recall  f1-score   support

          0     0.9712    0.9940    0.9825     42689
          1     0.8967    0.8488    0.8721      1554
          2     0.9161    0.8468    0.8801      2656
          3     0.9578    0.7944    0.8685      1600
          4     0.9774    0.8898    0.9315      4228
          5     1.0000    0.9990    0.9995      1020
          6     0.9850    0.8325    0.9023       394
          7     1.0000    0.9949    0.9974       783

avg / total     0.9676    0.9679    0.9671     54924


             precision    recall  f1-score   support

          0     0.9718    0.9936    0.9826     42689
          1     0.8967    0.8488    0.8721      1554
          2     0.9081    0.8558    0.8812      2656
          3     0.9625    0.7850    0.8647      1600
          4     0.9772    0.8936    0.9335      4228
          5     1.0000    0.9990    0.9995      1020
          6     0.9850    0.8350    0.9038       394
          7     1.0000    0.9949    0.9974       783

avg / total     0.9678    0.9680    0.9673     54924


             precision    recall  f1-score   support

          0     0.9720    0.9933    0.9826     42689
          1     0.9110    0.8295    0.8683      1554
          2     0.8958    0.8709    0.8832      2656
          3     0.9484    0.8044    0.8705      1600
          4     0.9806    0.8853    0.9305      4228
          5     1.0000    1.0000    1.0000      1020
          6     0.9878    0.8249    0.8990       394
          7     1.0000    0.9949    0.9974       783

avg / total     0.9676    0.9679    0.9672     54924


             precision    recall  f1-score   support

          0     0.9727    0.9938    0.9832     42689
          1     0.8893    0.8526    0.8706      1554
          2     0.9159    0.8483    0.8808      2656
          3     0.9451    0.8181    0.8771      1600
          4     0.9818    0.8921    0.9348      4228
          5     1.0000    0.9990    0.9995      1020
          6     0.9821    0.8350    0.9026       394
          7     1.0000    0.9936    0.9968       783

avg / total     0.9685    0.9688    0.9681     54924


             precision    recall  f1-score   support

          0     0.9732    0.9932    0.9831     42689
          1     0.8914    0.8559    0.8733      1554
          2     0.9171    0.8502    0.8824      2656
          3     0.9414    0.8231    0.8783      1600
          4     0.9742    0.8940    0.9324      4228
          5     1.0000    1.0000    1.0000      1020
          6     0.9909    0.8274    0.9018       394
          7     1.0000    0.9936    0.9968       783

avg / total     0.9684    0.9687    0.9681     54924


             precision    recall  f1-score   support

          0     0.9725    0.9938    0.9831     42689
          1     0.8953    0.8475    0.8707      1554
          2     0.9205    0.8539    0.8859      2656
          3     0.9549    0.8069    0.8747      1600
          4     0.9732    0.8945    0.9322      4228
          5     1.0000    1.0000    1.0000      1020
          6     0.9939    0.8299    0.9046       394
          7     1.0000    0.9923    0.9962       783

avg / total     0.9684    0.9688    0.9681     54924


             precision    recall  f1-score   support

          0     0.9732    0.9929    0.9830     42689
          1     0.8925    0.8597    0.8758      1554
          2     0.9109    0.8656    0.8876      2656
          3     0.9622    0.7956    0.8710      1600
          4     0.9726    0.8966    0.9331      4228
          5     1.0000    1.0000    1.0000      1020
          6     0.9909    0.8299    0.9033       394
          7     1.0000    0.9949    0.9974       783

avg / total     0.9686    0.9688    0.9682     54924


             precision    recall  f1-score   support

          0     0.9720    0.9944    0.9831     42689
          1     0.8904    0.8571    0.8734      1554
          2     0.9268    0.8385    0.8804      2656
          3     0.9598    0.8063    0.8764      1600
          4     0.9753    0.8947    0.9333      4228
          5     1.0000    1.0000    1.0000      1020
          6     0.9909    0.8274    0.9018       394
          7     1.0000    0.9949    0.9974       783

avg / total     0.9685    0.9688    0.9680     54924


             precision    recall  f1-score   support

          0     0.9722    0.9939    0.9829     42689
          1     0.9061    0.8449    0.8745      1554
          2     0.9135    0.8584    0.8851      2656
          3     0.9641    0.7894    0.8680      1600
          4     0.9743    0.8962    0.9336      4228
          5     1.0000    1.0000    1.0000      1020
          6     0.9794    0.8452    0.9074       394
          7     1.0000    0.9949    0.9974       783

avg / total     0.9684    0.9687    0.9680     54924


             precision    recall  f1-score   support

          0     0.9742    0.9931    0.9836     42689
          1     0.9046    0.8539    0.8785      1554
          2     0.9108    0.8652    0.8874      2656
          3     0.9447    0.8219    0.8790      1600
          4     0.9754    0.8988    0.9355      4228
          5     1.0000    1.0000    1.0000      1020
          6     0.9910    0.8376    0.9078       394
          7     1.0000    0.9949    0.9974       783

avg / total     0.9694    0.9697    0.9692     54924


             precision    recall  f1-score   support

          0     0.9737    0.9936    0.9836     42689
          1     0.9035    0.8616    0.8821      1554
          2     0.9164    0.8622    0.8885      2656
          3     0.9531    0.8131    0.8776      1600
          4     0.9763    0.8981    0.9356      4228
          5     1.0000    1.0000    1.0000      1020
          6     0.9939    0.8325    0.9061       394
          7     1.0000    0.9949    0.9974       783

avg / total     0.9696    0.9699    0.9693     54924


             precision    recall  f1-score   support

          0     0.9743    0.9931    0.9836     42689
          1     0.8970    0.8571    0.8766      1554
          2     0.9081    0.8739    0.8906      2656
          3     0.9519    0.8169    0.8792      1600
          4     0.9796    0.8957    0.9358      4228
          5     1.0000    1.0000    1.0000      1020
          6     0.9821    0.8350    0.9026       394
          7     1.0000    0.9936    0.9968       783

avg / total     0.9696    0.9698    0.9693     54924

val_acc:0.909839049135,0.914263341087,0.918414532986,0.919670813825,0.924058694718,0.925915811542,0.928391957715,0.932798045512,0.933690186482,0.935674747482,0.939407176751,0.943248848863,0.944832856536,0.943813263068,0.94749107395,0.948583493346,0.951387365294,0.953918135641,0.954063792646,0.954846693452,0.957086149858,0.955156211195,0.957996498791,0.954573590157,0.958761192199,0.960235956183,0.958815811645,0.959307400768,0.961437616941,0.961637894382,0.960727546296,0.961492237516,0.963604248687,0.961783548847,0.962584656561,0.96336755906,0.96247541407,0.966426329306,0.967882885328,0.968046749097,0.967901094136,0.96881144194,0.968738613967,0.968756821648,0.968829650115,0.968775029823,0.968702199944,0.969739998414,0.969885654572,0.969831033082
acc:0.878422828119,0.911267415912,0.915054374168,0.918446857214,0.921475212525,0.92485555935,0.928521140644,0.931428117165,0.934790256692,0.937727578786,0.939748504442,0.943128848405,0.945859830451,0.947741171388,0.949124867986,0.950399325105,0.95308175466,0.95474461866,0.956055488764,0.956486375922,0.957918625149,0.959095980215,0.960115545614,0.960619259924,0.961851235237,0.962288191647,0.963617268004,0.963362376885,0.964442632335,0.964994896659,0.965322614461,0.965668538106,0.965887018707,0.967027959001,0.967962561621,0.96734960825,0.968187108493,0.973509485579,0.974207403319,0.974614016046,0.974680771699,0.974935664098,0.974808219236,0.975718545463,0.975870265448,0.97608267567,0.975603237225,0.976768456076,0.976556045095,0.97649535748
val_loss:0.308367923968,0.280098666208,0.261985776063,0.254030311149,0.240968987808,0.225093678861,0.219033136531,0.20453016365,0.202071143296,0.19538402387,0.183274790407,0.173389736571,0.168990364424,0.168658044205,0.165577059778,0.158588090794,0.150611406331,0.143892576112,0.143893340209,0.141435750933,0.134029570203,0.137885197292,0.134480749507,0.14266285801,0.131339231446,0.128066245502,0.131851310437,0.133049779881,0.12650700272,0.125397259704,0.129985384014,0.12560123724,0.120601777712,0.125575536515,0.123459030515,0.123300819999,0.122323329305,0.112361090732,0.10996148206,0.109299863001,0.111030516515,0.109159885535,0.109751953083,0.110504189065,0.109892074499,0.110741753297,0.111436686221,0.108301285201,0.109151684627,0.109302260459
lr:0.00341969,0.00341969,0.00341969,0.00341969,0.00341969,0.00341969,0.00341969,0.00341969,0.00341969,0.00341969,0.00341969,0.00341969,0.00341969,0.00341969,0.00341969,0.00341969,0.00341969,0.00341969,0.00341969,0.00341969,0.00341969,0.00341969,0.00341969,0.00341969,0.00341969,0.00341969,0.00341969,0.00341969,0.00341969,0.00341969,0.00341969,0.00341969,0.00341969,0.00341969,0.00341969,0.00341969,0.00341969,0.001,0.001,0.001,0.001,0.001,0.001,0.001,0.001,0.001,0.001,0.001,0.001,0.001
loss:0.411815079342,0.298941707421,0.279777124783,0.264331108141,0.248830265939,0.23652974657,0.222405066771,0.2113861678,0.200161506954,0.191059327852,0.183056940784,0.172608300303,0.16561536613,0.160014433517,0.154140862149,0.149838942869,0.142926129854,0.138238295083,0.13463211285,0.131363715896,0.127658699678,0.123537073435,0.120072561862,0.117620165006,0.114993465528,0.112450718543,0.109097249025,0.109375224283,0.105533516822,0.103418806068,0.102059995022,0.10162965387,0.0994499701396,0.0981265753778,0.0952690146663,0.0958338690202,0.0937618798408,0.0791475640122,0.0760741989852,0.0748875692722,0.0743796764444,0.0739601216252,0.0731872533278,0.0723826755204,0.0710706148978,0.0712511365805,0.0698917209576,0.068598306337,0.067804230524,0.068202495946
