
             precision    recall  f1-score   support

          0     0.9171    0.9974    0.9555     42689
          1     0.7328    0.1165    0.2010      1554
          2     0.5620    0.4759    0.5154      2656
          3     0.9367    0.4069    0.5673      1600
          4     0.9851    0.7495    0.8513      4228
          5     0.9903    1.0000    0.9951      1020
          6     1.0000    0.7462    0.8547       394
          7     0.9974    0.9745    0.9858       783

avg / total     0.9036    0.9089    0.8940     54924


             precision    recall  f1-score   support

          0     0.9210    0.9976    0.9578     42689
          1     0.6711    0.4530    0.5409      1554
          2     0.6946    0.4145    0.5192      2656
          3     0.9371    0.4375    0.5965      1600
          4     0.9944    0.7493    0.8546      4228
          5     0.9990    1.0000    0.9995      1020
          6     0.9968    0.7970    0.8858       394
          7     0.9974    0.9923    0.9949       783

avg / total     0.9121    0.9171    0.9071     54924


             precision    recall  f1-score   support

          0     0.9247    0.9971    0.9595     42689
          1     0.6091    0.6236    0.6162      1554
          2     0.7873    0.3219    0.4570      2656
          3     0.9365    0.4612    0.6181      1600
          4     0.9864    0.7701    0.8649      4228
          5     0.9990    1.0000    0.9995      1020
          6     0.9969    0.8198    0.8997       394
          7     0.9987    0.9923    0.9955       783

avg / total     0.9171    0.9195    0.9091     54924


             precision    recall  f1-score   support

          0     0.9291    0.9959    0.9614     42689
          1     0.6725    0.5418    0.6001      1554
          2     0.7372    0.4277    0.5413      2656
          3     0.9123    0.4944    0.6413      1600
          4     0.9825    0.7826    0.8712      4228
          5     1.0000    1.0000    1.0000      1020
          6     0.9970    0.8401    0.9118       394
          7     0.9962    0.9962    0.9962       783

avg / total     0.9189    0.9235    0.9154     54924


             precision    recall  f1-score   support

          0     0.9290    0.9971    0.9619     42689
          1     0.7264    0.5058    0.5964      1554
          2     0.7373    0.4767    0.5790      2656
          3     0.9175    0.5212    0.6648      1600
          4     0.9924    0.7687    0.8663      4228
          5     0.9990    1.0000    0.9995      1020
          6     0.9969    0.8096    0.8936       394
          7     1.0000    0.9949    0.9974       783

avg / total     0.9213    0.9253    0.9177     54924


             precision    recall  f1-score   support

          0     0.9408    0.9909    0.9652     42689
          1     0.7191    0.6261    0.6694      1554
          2     0.7614    0.5949    0.6679      2656
          3     0.9426    0.5231    0.6728      1600
          4     0.9650    0.8027    0.8764      4228
          5     1.0000    1.0000    1.0000      1020
          6     0.9970    0.8299    0.9058       394
          7     0.9962    0.9962    0.9962       783

avg / total     0.9301    0.9324    0.9278     54924


             precision    recall  f1-score   support

          0     0.9441    0.9901    0.9666     42689
          1     0.8045    0.5322    0.6406      1554
          2     0.7478    0.6664    0.7048      2656
          3     0.8340    0.6062    0.7021      1600
          4     0.9800    0.8009    0.8814      4228
          5     1.0000    1.0000    1.0000      1020
          6     0.9795    0.8477    0.9088       394
          7     0.9987    0.9962    0.9974       783

avg / total     0.9323    0.9350    0.9311     54924


             precision    recall  f1-score   support

          0     0.9438    0.9939    0.9682     42689
          1     0.8095    0.6236    0.7045      1554
          2     0.8055    0.6393    0.7128      2656
          3     0.9255    0.5669    0.7031      1600
          4     0.9755    0.8195    0.8907      4228
          5     1.0000    1.0000    1.0000      1020
          6     0.9970    0.8452    0.9148       394
          7     1.0000    0.9974    0.9987       783

avg / total     0.9375    0.9395    0.9353     54924


             precision    recall  f1-score   support

          0     0.9483    0.9926    0.9699     42689
          1     0.8311    0.6461    0.7270      1554
          2     0.8152    0.6811    0.7422      2656
          3     0.9003    0.6206    0.7347      1600
          4     0.9721    0.8233    0.8915      4228
          5     0.9990    1.0000    0.9995      1020
          6     0.9939    0.8325    0.9061       394
          7     1.0000    0.9949    0.9974       783

avg / total     0.9410    0.9429    0.9396     54924


             precision    recall  f1-score   support

          0     0.9522    0.9899    0.9707     42689
          1     0.8318    0.6873    0.7526      1554
          2     0.8171    0.7082    0.7588      2656
          3     0.8595    0.6575    0.7450      1600
          4     0.9750    0.8311    0.8973      4228
          5     1.0000    1.0000    1.0000      1020
          6     0.9970    0.8299    0.9058       394
          7     0.9987    0.9974    0.9981       783

avg / total     0.9432    0.9450    0.9425     54924


             precision    recall  f1-score   support

          0     0.9507    0.9936    0.9717     42689
          1     0.8498    0.6770    0.7536      1554
          2     0.8406    0.6969    0.7620      2656
          3     0.9367    0.6200    0.7461      1600
          4     0.9660    0.8396    0.8984      4228
          5     0.9990    1.0000    0.9995      1020
          6     0.9940    0.8452    0.9136       394
          7     1.0000    0.9949    0.9974       783

avg / total     0.9452    0.9467    0.9436     54924


             precision    recall  f1-score   support

          0     0.9527    0.9929    0.9724     42689
          1     0.8270    0.7227    0.7713      1554
          2     0.8347    0.7568    0.7938      2656
          3     0.9604    0.5906    0.7314      1600
          4     0.9817    0.8243    0.8961      4228
          5     1.0000    1.0000    1.0000      1020
          6     0.9911    0.8452    0.9123       394
          7     1.0000    0.9962    0.9981       783

avg / total     0.9477    0.9482    0.9456     54924


             precision    recall  f1-score   support

          0     0.9588    0.9903    0.9743     42689
          1     0.8202    0.7458    0.7813      1554
          2     0.8365    0.7628    0.7980      2656
          3     0.9016    0.6875    0.7801      1600
          4     0.9734    0.8401    0.9019      4228
          5     1.0000    1.0000    1.0000      1020
          6     0.9939    0.8325    0.9061       394
          7     1.0000    0.9949    0.9974       783

avg / total     0.9500    0.9511    0.9494     54924


             precision    recall  f1-score   support

          0     0.9655    0.9857    0.9755     42689
          1     0.7914    0.8082    0.7997      1554
          2     0.8479    0.7703    0.8073      2656
          3     0.8972    0.7087    0.7919      1600
          4     0.9445    0.8810    0.9116      4228
          5     0.9990    0.9990    0.9990      1020
          6     0.9940    0.8350    0.9076       394
          7     0.9962    0.9936    0.9949       783

avg / total     0.9525    0.9534    0.9523     54924


             precision    recall  f1-score   support

          0     0.9617    0.9897    0.9755     42689
          1     0.8892    0.7175    0.7942      1554
          2     0.8355    0.7861    0.8101      2656
          3     0.9054    0.6881    0.7820      1600
          4     0.9559    0.8775    0.9150      4228
          5     1.0000    0.9990    0.9995      1020
          6     0.9796    0.8528    0.9118       394
          7     0.9974    0.9936    0.9955       783

avg / total     0.9528    0.9540    0.9523     54924


             precision    recall  f1-score   support

          0     0.9578    0.9932    0.9752     42689
          1     0.8180    0.7954    0.8065      1554
          2     0.8889    0.7474    0.8120      2656
          3     0.9246    0.6825    0.7853      1600
          4     0.9828    0.8368    0.9039      4228
          5     1.0000    0.9990    0.9995      1020
          6     0.9940    0.8350    0.9076       394
          7     0.9974    0.9962    0.9968       783

avg / total     0.9531    0.9536    0.9518     54924


             precision    recall  f1-score   support

          0     0.9661    0.9889    0.9774     42689
          1     0.8122    0.8237    0.8179      1554
          2     0.8947    0.7451    0.8131      2656
          3     0.8741    0.7725    0.8202      1600
          4     0.9566    0.8813    0.9174      4228
          5     0.9990    1.0000    0.9995      1020
          6     0.9940    0.8376    0.9091       394
          7     0.9987    0.9949    0.9968       783

avg / total     0.9562    0.9570    0.9559     54924


             precision    recall  f1-score   support

          0     0.9642    0.9910    0.9774     42689
          1     0.8431    0.7851    0.8131      1554
          2     0.8840    0.7831    0.8305      2656
          3     0.9281    0.7256    0.8145      1600
          4     0.9640    0.8806    0.9204      4228
          5     1.0000    1.0000    1.0000      1020
          6     0.9910    0.8401    0.9093       394
          7     1.0000    0.9949    0.9974       783

avg / total     0.9572    0.9581    0.9567     54924


             precision    recall  f1-score   support

          0     0.9726    0.9816    0.9770     42689
          1     0.8469    0.8044    0.8251      1554
          2     0.8469    0.8245    0.8356      2656
          3     0.8143    0.8056    0.8099      1600
          4     0.9427    0.9030    0.9224      4228
          5     0.9990    0.9990    0.9990      1020
          6     0.9651    0.8426    0.8997       394
          7     0.9962    0.9936    0.9949       783

avg / total     0.9568    0.9573    0.9569     54924


             precision    recall  f1-score   support

          0     0.9627    0.9928    0.9775     42689
          1     0.8934    0.7606    0.8217      1554
          2     0.8794    0.8016    0.8387      2656
          3     0.9356    0.6900    0.7942      1600
          4     0.9644    0.8782    0.9193      4228
          5     1.0000    0.9990    0.9995      1020
          6     0.9938    0.8173    0.8969       394
          7     0.9974    0.9974    0.9974       783

avg / total     0.9575    0.9583    0.9567     54924


             precision    recall  f1-score   support

          0     0.9650    0.9913    0.9780     42689
          1     0.8793    0.7921    0.8334      1554
          2     0.8742    0.8031    0.8371      2656
          3     0.9427    0.7194    0.8160      1600
          4     0.9626    0.8822    0.9206      4228
          5     0.9990    1.0000    0.9995      1020
          6     0.9940    0.8401    0.9106       394
          7     0.9962    0.9936    0.9949       783

avg / total     0.9586    0.9593    0.9581     54924


             precision    recall  f1-score   support

          0     0.9711    0.9881    0.9795     42689
          1     0.8666    0.8275    0.8466      1554
          2     0.8718    0.8426    0.8570      2656
          3     0.9315    0.7569    0.8352      1600
          4     0.9489    0.8955    0.9214      4228
          5     1.0000    0.9990    0.9995      1020
          6     0.9651    0.8426    0.8997       394
          7     0.9974    0.9974    0.9974       783

avg / total     0.9613    0.9619    0.9612     54924


             precision    recall  f1-score   support

          0     0.9710    0.9887    0.9798     42689
          1     0.8748    0.7825    0.8261      1554
          2     0.8573    0.8456    0.8514      2656
          3     0.9211    0.7881    0.8494      1600
          4     0.9572    0.8931    0.9240      4228
          5     1.0000    0.9990    0.9995      1020
          6     0.9821    0.8350    0.9026       394
          7     0.9974    0.9949    0.9962       783

avg / total     0.9613    0.9619    0.9612     54924


             precision    recall  f1-score   support

          0     0.9721    0.9878    0.9799     42689
          1     0.8794    0.7979    0.8367      1554
          2     0.8916    0.8204    0.8545      2656
          3     0.8689    0.8281    0.8480      1600
          4     0.9436    0.8981    0.9203      4228
          5     0.9990    0.9990    0.9990      1020
          6     0.9795    0.8477    0.9088       394
          7     0.9974    0.9949    0.9962       783

avg / total     0.9613    0.9621    0.9614     54924


             precision    recall  f1-score   support

          0     0.9701    0.9902    0.9800     42689
          1     0.8669    0.8385    0.8525      1554
          2     0.9012    0.8204    0.8589      2656
          3     0.8688    0.7987    0.8323      1600
          4     0.9770    0.8834    0.9278      4228
          5     0.9990    1.0000    0.9995      1020
          6     0.9881    0.8452    0.9111       394
          7     1.0000    0.9923    0.9962       783

avg / total     0.9625    0.9631    0.9624     54924


             precision    recall  f1-score   support

          0     0.9710    0.9896    0.9802     42689
          1     0.8666    0.8237    0.8446      1554
          2     0.8894    0.8178    0.8521      2656
          3     0.8855    0.7881    0.8340      1600
          4     0.9669    0.8995    0.9320      4228
          5     0.9990    0.9990    0.9990      1020
          6     0.9911    0.8452    0.9123       394
          7     0.9974    0.9962    0.9968       783

avg / total     0.9623    0.9631    0.9623     54924


             precision    recall  f1-score   support

          0     0.9689    0.9903    0.9794     42689
          1     0.8343    0.8552    0.8446      1554
          2     0.9118    0.7782    0.8397      2656
          3     0.9152    0.7688    0.8356      1600
          4     0.9563    0.8950    0.9246      4228
          5     0.9990    1.0000    0.9995      1020
          6     0.9849    0.8299    0.9008       394
          7     1.0000    0.9936    0.9968       783

avg / total     0.9609    0.9615    0.9605     54924


             precision    recall  f1-score   support

          0     0.9720    0.9906    0.9812     42689
          1     0.8874    0.8115    0.8477      1554
          2     0.8870    0.8543    0.8703      2656
          3     0.9187    0.7844    0.8463      1600
          4     0.9660    0.8992    0.9314      4228
          5     0.9990    0.9990    0.9990      1020
          6     0.9735    0.8401    0.9019       394
          7     0.9987    0.9911    0.9949       783

avg / total     0.9644    0.9650    0.9643     54924


             precision    recall  f1-score   support

          0     0.9706    0.9913    0.9808     42689
          1     0.8986    0.7986    0.8457      1554
          2     0.8886    0.8351    0.8610      2656
          3     0.9400    0.7631    0.8424      1600
          4     0.9560    0.9089    0.9319      4228
          5     0.9990    0.9990    0.9990      1020
          6     0.9909    0.8299    0.9033       394
          7     0.9987    0.9936    0.9962       783

avg / total     0.9636    0.9643    0.9634     54924


             precision    recall  f1-score   support

          0     0.9722    0.9896    0.9808     42689
          1     0.8550    0.8501    0.8525      1554
          2     0.9091    0.8208    0.8627      2656
          3     0.9208    0.7925    0.8519      1600
          4     0.9506    0.9009    0.9251      4228
          5     0.9990    0.9990    0.9990      1020
          6     0.9595    0.8426    0.8973       394
          7     0.9974    0.9911    0.9942       783

avg / total     0.9634    0.9641    0.9634     54924


             precision    recall  f1-score   support

          0     0.9732    0.9909    0.9820     42689
          1     0.8682    0.8263    0.8467      1554
          2     0.8793    0.8479    0.8633      2656
          3     0.9214    0.7913    0.8514      1600
          4     0.9729    0.9007    0.9354      4228
          5     0.9990    0.9990    0.9990      1020
          6     0.9940    0.8350    0.9076       394
          7     0.9962    0.9923    0.9942       783

avg / total     0.9651    0.9656    0.9650     54924


             precision    recall  f1-score   support

          0     0.9689    0.9928    0.9807     42689
          1     0.8941    0.8044    0.8469      1554
          2     0.8975    0.8276    0.8611      2656
          3     0.9551    0.7575    0.8449      1600
          4     0.9621    0.8950    0.9273      4228
          5     0.9990    0.9990    0.9990      1020
          6     0.9880    0.8350    0.9051       394
          7     0.9962    0.9936    0.9949       783

avg / total     0.9635    0.9641    0.9631     54924


             precision    recall  f1-score   support

          0     0.9730    0.9896    0.9812     42689
          1     0.8331    0.8674    0.8499      1554
          2     0.9099    0.8057    0.8546      2656
          3     0.9164    0.7812    0.8435      1600
          4     0.9538    0.9125    0.9327      4228
          5     1.0000    0.9990    0.9995      1020
          6     0.9939    0.8299    0.9046       394
          7     0.9962    0.9923    0.9942       783

avg / total     0.9638    0.9643    0.9636     54924


             precision    recall  f1-score   support

          0     0.9726    0.9909    0.9817     42689
          1     0.8680    0.8378    0.8527      1554
          2     0.9027    0.8212    0.8600      2656
          3     0.9010    0.8250    0.8613      1600
          4     0.9696    0.8983    0.9326      4228
          5     1.0000    0.9990    0.9995      1020
          6     0.9851    0.8401    0.9068       394
          7     0.9974    0.9949    0.9962       783

avg / total     0.9649    0.9655    0.9648     54924


             precision    recall  f1-score   support

          0     0.9744    0.9895    0.9819     42689
          1     0.8730    0.8185    0.8449      1554
          2     0.8687    0.8697    0.8692      2656
          3     0.9357    0.8094    0.8680      1600
          4     0.9622    0.8974    0.9287      4228
          5     0.9990    0.9990    0.9990      1020
          6     0.9821    0.8376    0.9041       394
          7     0.9974    0.9911    0.9942       783

avg / total     0.9652    0.9656    0.9651     54924


             precision    recall  f1-score   support

          0     0.9776    0.9928    0.9852     42689
          1     0.8908    0.8507    0.8703      1554
          2     0.9094    0.8690    0.8887      2656
          3     0.9381    0.8525    0.8933      1600
          4     0.9760    0.9144    0.9442      4228
          5     0.9990    0.9990    0.9990      1020
          6     0.9911    0.8503    0.9153       394
          7     0.9974    0.9911    0.9942       783

avg / total     0.9714    0.9717    0.9713     54924


             precision    recall  f1-score   support

          0     0.9763    0.9938    0.9850     42689
          1     0.8889    0.8597    0.8741      1554
          2     0.9181    0.8648    0.8907      2656
          3     0.9510    0.8369    0.8903      1600
          4     0.9789    0.9106    0.9435      4228
          5     0.9990    0.9990    0.9990      1020
          6     0.9970    0.8350    0.9088       394
          7     0.9974    0.9898    0.9936       783

avg / total     0.9714    0.9717    0.9712     54924


             precision    recall  f1-score   support

          0     0.9787    0.9930    0.9858     42689
          1     0.8942    0.8481    0.8705      1554
          2     0.9050    0.8859    0.8954      2656
          3     0.9528    0.8444    0.8953      1600
          4     0.9749    0.9182    0.9457      4228
          5     0.9990    0.9990    0.9990      1020
          6     0.9796    0.8528    0.9118       394
          7     0.9974    0.9885    0.9929       783

avg / total     0.9724    0.9727    0.9722     54924


             precision    recall  f1-score   support

          0     0.9785    0.9926    0.9855     42689
          1     0.8796    0.8700    0.8748      1554
          2     0.9202    0.8686    0.8937      2656
          3     0.9420    0.8531    0.8954      1600
          4     0.9737    0.9203    0.9463      4228
          5     0.9990    0.9990    0.9990      1020
          6     0.9910    0.8426    0.9108       394
          7     0.9974    0.9885    0.9929       783

avg / total     0.9722    0.9725    0.9721     54924


             precision    recall  f1-score   support

          0     0.9779    0.9931    0.9855     42689
          1     0.8929    0.8584    0.8753      1554
          2     0.9141    0.8731    0.8931      2656
          3     0.9536    0.8350    0.8904      1600
          4     0.9703    0.9201    0.9445      4228
          5     0.9990    0.9990    0.9990      1020
          6     0.9940    0.8426    0.9121       394
          7     0.9974    0.9898    0.9936       783

avg / total     0.9719    0.9723    0.9718     54924


             precision    recall  f1-score   support

          0     0.9784    0.9931    0.9857     42689
          1     0.8998    0.8436    0.8708      1554
          2     0.9119    0.8735    0.8923      2656
          3     0.9339    0.8569    0.8937      1600
          4     0.9745    0.9210    0.9470      4228
          5     0.9990    0.9990    0.9990      1020
          6     0.9940    0.8477    0.9151       394
          7     0.9974    0.9885    0.9929       783

avg / total     0.9722    0.9725    0.9721     54924


             precision    recall  f1-score   support

          0     0.9791    0.9924    0.9857     42689
          1     0.8962    0.8501    0.8725      1554
          2     0.9092    0.8784    0.8935      2656
          3     0.9421    0.8550    0.8965      1600
          4     0.9719    0.9241    0.9474      4228
          5     0.9990    0.9990    0.9990      1020
          6     0.9711    0.8528    0.9081       394
          7     0.9974    0.9860    0.9917       783

avg / total     0.9723    0.9727    0.9723     54924


             precision    recall  f1-score   support

          0     0.9777    0.9937    0.9856     42689
          1     0.8963    0.8514    0.8733      1554
          2     0.9109    0.8776    0.8940      2656
          3     0.9630    0.8294    0.8912      1600
          4     0.9762    0.9198    0.9472      4228
          5     0.9990    0.9990    0.9990      1020
          6     0.9796    0.8528    0.9118       394
          7     0.9974    0.9898    0.9936       783

avg / total     0.9723    0.9726    0.9721     54924


             precision    recall  f1-score   support

          0     0.9787    0.9926    0.9856     42689
          1     0.8953    0.8533    0.8738      1554
          2     0.9179    0.8716    0.8942      2656
          3     0.9495    0.8462    0.8949      1600
          4     0.9641    0.9274    0.9454      4228
          5     0.9990    0.9990    0.9990      1020
          6     0.9911    0.8477    0.9138       394
          7     0.9974    0.9898    0.9936       783

avg / total     0.9722    0.9726    0.9722     54924


             precision    recall  f1-score   support

          0     0.9792    0.9923    0.9857     42689
          1     0.8976    0.8462    0.8711      1554
          2     0.9079    0.8799    0.8937      2656
          3     0.9384    0.8569    0.8958      1600
          4     0.9710    0.9253    0.9476      4228
          5     0.9990    0.9990    0.9990      1020
          6     0.9882    0.8503    0.9141       394
          7     0.9974    0.9898    0.9936       783

avg / total     0.9723    0.9727    0.9723     54924


             precision    recall  f1-score   support

          0     0.9792    0.9926    0.9859     42689
          1     0.8827    0.8713    0.8769      1554
          2     0.9206    0.8690    0.8941      2656
          3     0.9408    0.8538    0.8952      1600
          4     0.9722    0.9255    0.9483      4228
          5     0.9990    0.9990    0.9990      1020
          6     0.9911    0.8477    0.9138       394
          7     0.9974    0.9885    0.9929       783

avg / total     0.9727    0.9730    0.9726     54924


             precision    recall  f1-score   support

          0     0.9796    0.9921    0.9858     42689
          1     0.9075    0.8526    0.8792      1554
          2     0.9073    0.8886    0.8979      2656
          3     0.9405    0.8600    0.8985      1600
          4     0.9695    0.9248    0.9466      4228
          5     0.9990    0.9990    0.9990      1020
          6     0.9941    0.8503    0.9166       394
          7     0.9974    0.9898    0.9936       783

avg / total     0.9729    0.9732    0.9728     54924


             precision    recall  f1-score   support

          0     0.9787    0.9929    0.9858     42689
          1     0.8855    0.8655    0.8754      1554
          2     0.9213    0.8678    0.8938      2656
          3     0.9383    0.8556    0.8951      1600
          4     0.9757    0.9227    0.9485      4228
          5     0.9990    0.9990    0.9990      1020
          6     0.9912    0.8553    0.9183       394
          7     0.9974    0.9885    0.9929       783

avg / total     0.9726    0.9729    0.9726     54924


             precision    recall  f1-score   support

          0     0.9787    0.9934    0.9860     42689
          1     0.8934    0.8571    0.8749      1554
          2     0.9188    0.8731    0.8954      2656
          3     0.9527    0.8438    0.8949      1600
          4     0.9717    0.9264    0.9485      4228
          5     0.9990    0.9990    0.9990      1020
          6     0.9910    0.8401    0.9093       394
          7     0.9974    0.9872    0.9923       783

avg / total     0.9728    0.9732    0.9727     54924


             precision    recall  f1-score   support

          0     0.9779    0.9937    0.9857     42689
          1     0.8975    0.8616    0.8792      1554
          2     0.9199    0.8773    0.8981      2656
          3     0.9564    0.8356    0.8919      1600
          4     0.9751    0.9186    0.9460      4228
          5     0.9990    0.9990    0.9990      1020
          6     0.9765    0.8452    0.9061       394
          7     0.9974    0.9872    0.9923       783

avg / total     0.9726    0.9729    0.9725     54924

val_acc:0.908874082505,0.917103634473,0.919543367977,0.923548904899,0.925296772808,0.932379288121,0.935019298454,0.939480009026,0.942866507943,0.944978516514,0.946653557183,0.948237563471,0.951077849682,0.953426550407,0.953972760887,0.953626829645,0.957031531302,0.958051125048,0.957286432174,0.958287814754,0.959343817288,0.96192921061,0.961892795206,0.962111279606,0.963076246353,0.963058039888,0.961474034485,0.964969773401,0.964296116914,0.964059425398,0.965625223633,0.964095839682,0.964277910657,0.965497777651,0.965607015853,0.971742769282,0.971669942486,0.972653117077,0.97252566797,0.972270769755,0.972543874669,0.972653118848,0.972598496537,0.972580290724,0.97270773806,0.972999050116,0.973181120649,0.972944429172,0.973162913507,0.972926218892
acc:0.87946060042,0.912730011901,0.917718601663,0.921487353213,0.926245327695,0.931531291315,0.935949410276,0.941666262934,0.94544715176,0.948718258835,0.951983298287,0.954507936614,0.956971886992,0.959083847431,0.960637471436,0.962615913266,0.964363739882,0.965874882047,0.966530317608,0.967762292221,0.968405590602,0.968988199766,0.970808853141,0.97120332904,0.972046898165,0.972289652661,0.973133220012,0.973606591581,0.97428023195,0.974553331974,0.974953874946,0.97559110327,0.976343639046,0.976501430589,0.976798802581,0.983541289782,0.985173807096,0.985732140677,0.985835313033,0.985713934863,0.986169099087,0.986411852062,0.986387576826,0.98659391889,0.987121907725,0.987109768473,0.987492106786,0.987079424071,0.98735859305,0.987243283091
val_loss:0.298495210833,0.272565820946,0.255293921724,0.241663695697,0.23265691711,0.210651754893,0.201645637453,0.185684696581,0.177097600802,0.170283166708,0.166474228678,0.164168876762,0.150996399409,0.145467138166,0.143970823425,0.146980035917,0.137619265572,0.135887350471,0.138089735456,0.138576126923,0.133132847813,0.126178419338,0.126679015256,0.129700728388,0.125979698205,0.127483588007,0.133668414291,0.124615182917,0.125684964604,0.125074170084,0.122232367682,0.130528742284,0.12729267406,0.128325080026,0.123938229758,0.107094783158,0.107598616957,0.105165195487,0.104806644949,0.10619290191,0.10617710172,0.106149663567,0.10837649209,0.107285603128,0.105702666586,0.105874818765,0.10676563316,0.107627203559,0.108135518754,0.108903522828
lr:0.0054098,0.0054098,0.0054098,0.0054098,0.0054098,0.0054098,0.0054098,0.0054098,0.0054098,0.0054098,0.0054098,0.0054098,0.0054098,0.0054098,0.0054098,0.0054098,0.0054098,0.0054098,0.0054098,0.0054098,0.0054098,0.0054098,0.0054098,0.0054098,0.0054098,0.0054098,0.0054098,0.0054098,0.0054098,0.0054098,0.0054098,0.0054098,0.0054098,0.0054098,0.0054098,0.00108196,0.00108196,0.00108196,0.00108196,0.00108196,0.00108196,0.00108196,0.00108196,0.001,0.001,0.001,0.001,0.001,0.001,0.001
loss:0.407609900131,0.286669838953,0.265713426068,0.248764817583,0.229907836925,0.211444765118,0.196295723104,0.180152310033,0.16803673859,0.155880402706,0.14748470148,0.138181923411,0.131237462225,0.124476187911,0.118390759408,0.113721251113,0.108964801047,0.104724421185,0.100734088347,0.096896302401,0.0942578183336,0.0912499204215,0.0881379404841,0.0856734667484,0.0839390977199,0.0828107295318,0.0793314023129,0.0781682036438,0.0759926489361,0.0753458229195,0.0734762757997,0.0722504435947,0.0702361255405,0.069103377531,0.067204866569,0.0498904306659,0.0449730543696,0.0436718727507,0.0432160342095,0.042134519378,0.0418706241169,0.0412060590708,0.0408733809661,0.0398644367907,0.039397016999,0.0388056571491,0.0380164046399,0.0379234088404,0.037615344635,0.0372052215434
