
             precision    recall  f1-score   support

          0     0.9171    0.9977    0.9557     42689
          1     0.5768    0.5753    0.5760      1554
          2     0.7214    0.2613    0.3836      2656
          3     0.9268    0.3956    0.5545      1600
          4     0.9875    0.7481    0.8513      4228
          5     0.9980    1.0000    0.9990      1020
          6     0.9966    0.7386    0.8484       394
          7     1.0000    0.9847    0.9923       783

avg / total     0.9069    0.9114    0.8981     54924


             precision    recall  f1-score   support

          0     0.9228    0.9970    0.9585     42689
          1     0.5653    0.6210    0.5918      1554
          2     0.7601    0.2684    0.3968      2656
          3     0.9251    0.4475    0.6032      1600
          4     0.9908    0.7642    0.8629      4228
          5     1.0000    1.0000    1.0000      1020
          6     0.9968    0.7868    0.8794       394
          7     0.9886    0.9974    0.9930       783

avg / total     0.9130    0.9158    0.9039     54924


             precision    recall  f1-score   support

          0     0.9268    0.9952    0.9598     42689
          1     0.6437    0.5721    0.6058      1554
          2     0.7576    0.3660    0.4935      2656
          3     0.8513    0.5044    0.6334      1600
          4     0.9862    0.7767    0.8690      4228
          5     1.0000    1.0000    1.0000      1020
          6     0.9588    0.8274    0.8883       394
          7     0.9987    0.9962    0.9974       783

avg / total     0.9156    0.9206    0.9115     54924


             precision    recall  f1-score   support

          0     0.9325    0.9937    0.9622     42689
          1     0.7571    0.4955    0.5990      1554
          2     0.7166    0.5169    0.6006      2656
          3     0.9502    0.5006    0.6558      1600
          4     0.9584    0.8004    0.8723      4228
          5     0.9990    1.0000    0.9995      1020
          6     0.9877    0.8173    0.8944       394
          7     0.9987    0.9936    0.9962       783

avg / total     0.9222    0.9262    0.9193     54924


             precision    recall  f1-score   support

          0     0.9383    0.9920    0.9644     42689
          1     0.7512    0.5051    0.6041      1554
          2     0.7151    0.5557    0.6254      2656
          3     0.9254    0.5425    0.6840      1600
          4     0.9584    0.8236    0.8859      4228
          5     0.9971    1.0000    0.9985      1020
          6     0.9937    0.7944    0.8829       394
          7     1.0000    0.9898    0.9949       783

avg / total     0.9257    0.9297    0.9241     54924


             precision    recall  f1-score   support

          0     0.9410    0.9924    0.9660     42689
          1     0.7322    0.6158    0.6690      1554
          2     0.7534    0.5681    0.6478      2656
          3     0.9640    0.5519    0.7019      1600
          4     0.9729    0.8158    0.8874      4228
          5     0.9990    0.9990    0.9990      1020
          6     0.9940    0.8350    0.9076       394
          7     0.9987    0.9949    0.9968       783

avg / total     0.9314    0.9338    0.9291     54924


             precision    recall  f1-score   support

          0     0.9485    0.9898    0.9688     42689
          1     0.7880    0.6268    0.6982      1554
          2     0.7652    0.6393    0.6966      2656
          3     0.8767    0.6356    0.7370      1600
          4     0.9724    0.8330    0.8973      4228
          5     0.9990    0.9980    0.9985      1020
          6     0.9591    0.8325    0.8913       394
          7     0.9987    0.9936    0.9962       783

avg / total     0.9366    0.9393    0.9361     54924


             precision    recall  f1-score   support

          0     0.9415    0.9954    0.9677     42689
          1     0.7169    0.7284    0.7226      1554
          2     0.8657    0.5120    0.6435      2656
          3     0.9621    0.5875    0.7295      1600
          4     0.9785    0.8184    0.8913      4228
          5     0.9990    0.9990    0.9990      1020
          6     0.9787    0.8147    0.8892       394
          7     0.9974    0.9949    0.9962       783

avg / total     0.9371    0.9377    0.9327     54924


             precision    recall  f1-score   support

          0     0.9537    0.9896    0.9713     42689
          1     0.8354    0.6371    0.7229      1554
          2     0.7705    0.7191    0.7439      2656
          3     0.9361    0.6587    0.7733      1600
          4     0.9587    0.8406    0.8958      4228
          5     1.0000    0.9990    0.9995      1020
          6     0.9970    0.8401    0.9118       394
          7     0.9974    0.9949    0.9962       783

avg / total     0.9432    0.9446    0.9422     54924


             precision    recall  f1-score   support

          0     0.9551    0.9891    0.9718     42689
          1     0.8236    0.6789    0.7443      1554
          2     0.7767    0.7240    0.7494      2656
          3     0.9340    0.6719    0.7815      1600
          4     0.9690    0.8418    0.9009      4228
          5     1.0000    0.9980    0.9990      1020
          6     0.9970    0.8376    0.9103       394
          7     0.9962    0.9962    0.9962       783

avg / total     0.9449    0.9461    0.9440     54924


             precision    recall  f1-score   support

          0     0.9552    0.9906    0.9726     42689
          1     0.8274    0.6757    0.7439      1554
          2     0.8121    0.7044    0.7544      2656
          3     0.8925    0.7212    0.7978      1600
          4     0.9789    0.8430    0.9058      4228
          5     0.9990    0.9980    0.9985      1020
          6     0.9261    0.8274    0.8740       394
          7     0.9961    0.9898    0.9930       783

avg / total     0.9459    0.9476    0.9454     54924


             precision    recall  f1-score   support

          0     0.9558    0.9914    0.9733     42689
          1     0.7950    0.7336    0.7631      1554
          2     0.8672    0.6713    0.7568      2656
          3     0.8983    0.7119    0.7943      1600
          4     0.9633    0.8564    0.9067      4228
          5     1.0000    0.9990    0.9995      1020
          6     0.9848    0.8249    0.8978       394
          7     0.9974    0.9936    0.9955       783

avg / total     0.9475    0.9491    0.9468     54924


             precision    recall  f1-score   support

          0     0.9601    0.9883    0.9740     42689
          1     0.8197    0.7375    0.7764      1554
          2     0.8046    0.7489    0.7757      2656
          3     0.9165    0.7000    0.7938      1600
          4     0.9692    0.8623    0.9126      4228
          5     0.9990    0.9980    0.9985      1020
          6     0.9969    0.8198    0.8997       394
          7     0.9962    0.9949    0.9955       783

avg / total     0.9495    0.9506    0.9491     54924


             precision    recall  f1-score   support

          0     0.9612    0.9899    0.9753     42689
          1     0.8484    0.7130    0.7748      1554
          2     0.8239    0.7504    0.7854      2656
          3     0.8949    0.7556    0.8194      1600
          4     0.9744    0.8628    0.9152      4228
          5     1.0000    1.0000    1.0000      1020
          6     0.9765    0.8426    0.9046       394
          7     0.9987    0.9949    0.9968       783

avg / total     0.9518    0.9530    0.9515     54924


             precision    recall  f1-score   support

          0     0.9569    0.9940    0.9751     42689
          1     0.8599    0.6795    0.7592      1554
          2     0.8317    0.7146    0.7687      2656
          3     0.9589    0.7006    0.8097      1600
          4     0.9703    0.8647    0.9145      4228
          5     0.9990    0.9990    0.9990      1020
          6     0.9728    0.8173    0.8883       394
          7     0.9962    0.9923    0.9942       783

avg / total     0.9507    0.9519    0.9496     54924


             precision    recall  f1-score   support

          0     0.9657    0.9844    0.9749     42689
          1     0.8503    0.7239    0.7821      1554
          2     0.7865    0.8099    0.7980      2656
          3     0.8750    0.7612    0.8142      1600
          4     0.9575    0.8683    0.9107      4228
          5     1.0000    0.9980    0.9990      1020
          6     0.9819    0.8249    0.8966       394
          7     0.9987    0.9911    0.9949       783

avg / total     0.9517    0.9523    0.9515     54924


             precision    recall  f1-score   support

          0     0.9610    0.9915    0.9760     42689
          1     0.8436    0.7323    0.7840      1554
          2     0.8585    0.7172    0.7815      2656
          3     0.8821    0.7856    0.8311      1600
          4     0.9739    0.8642    0.9158      4228
          5     0.9980    0.9990    0.9985      1020
          6     0.9703    0.8299    0.8947       394
          7     0.9974    0.9923    0.9949       783

avg / total     0.9527    0.9541    0.9524     54924


             precision    recall  f1-score   support

          0     0.9663    0.9883    0.9772     42689
          1     0.8443    0.7465    0.7923      1554
          2     0.8347    0.7907    0.8121      2656
          3     0.8940    0.7856    0.8363      1600
          4     0.9656    0.8775    0.9195      4228
          5     0.9990    1.0000    0.9995      1020
          6     0.9877    0.8173    0.8944       394
          7     1.0000    0.9949    0.9974       783

avg / total     0.9556    0.9566    0.9555     54924


             precision    recall  f1-score   support

          0     0.9665    0.9885    0.9774     42689
          1     0.8646    0.6782    0.7602      1554
          2     0.8026    0.8050    0.8038      2656
          3     0.9153    0.7700    0.8364      1600
          4     0.9606    0.8879    0.9228      4228
          5     1.0000    0.9990    0.9995      1020
          6     0.9907    0.8122    0.8926       394
          7     0.9962    0.9974    0.9968       783

avg / total     0.9550    0.9558    0.9546     54924


             precision    recall  f1-score   support

          0     0.9668    0.9891    0.9779     42689
          1     0.8867    0.6898    0.7760      1554
          2     0.8166    0.8095    0.8130      2656
          3     0.9313    0.7706    0.8434      1600
          4     0.9554    0.8912    0.9222      4228
          5     0.9980    0.9980    0.9980      1020
          6     0.9824    0.8503    0.9116       394
          7     0.9974    0.9936    0.9955       783

avg / total     0.9565    0.9573    0.9561     54924


             precision    recall  f1-score   support

          0     0.9683    0.9894    0.9787     42689
          1     0.8948    0.7387    0.8093      1554
          2     0.8225    0.8234    0.8230      2656
          3     0.9154    0.7975    0.8524      1600
          4     0.9726    0.8820    0.9251      4228
          5     0.9990    0.9990    0.9990      1020
          6     0.9733    0.8325    0.8974       394
          7     0.9987    0.9911    0.9949       783

avg / total     0.9590    0.9595    0.9586     54924


             precision    recall  f1-score   support

          0     0.9680    0.9890    0.9784     42689
          1     0.8642    0.7413    0.7981      1554
          2     0.8351    0.7929    0.8134      2656
          3     0.9098    0.7944    0.8482      1600
          4     0.9632    0.8910    0.9257      4228
          5     0.9990    0.9990    0.9990      1020
          6     0.9653    0.8477    0.9027       394
          7     0.9987    0.9936    0.9962       783

avg / total     0.9576    0.9586    0.9576     54924


             precision    recall  f1-score   support

          0     0.9680    0.9888    0.9783     42689
          1     0.8419    0.7844    0.8121      1554
          2     0.8686    0.7643    0.8131      2656
          3     0.8664    0.7981    0.8308      1600
          4     0.9568    0.8903    0.9223      4228
          5     1.0000    0.9990    0.9995      1020
          6     0.9909    0.8299    0.9033       394
          7     0.9987    0.9923    0.9955       783

avg / total     0.9570    0.9581    0.9571     54924


             precision    recall  f1-score   support

          0     0.9672    0.9886    0.9778     42689
          1     0.9107    0.6564    0.7629      1554
          2     0.7970    0.8099    0.8034      2656
          3     0.9051    0.7869    0.8419      1600
          4     0.9557    0.8929    0.9232      4228
          5     1.0000    0.9980    0.9990      1020
          6     0.9939    0.8299    0.9046       394
          7     0.9974    0.9962    0.9968       783

avg / total     0.9559    0.9564    0.9552     54924


             precision    recall  f1-score   support

          0     0.9676    0.9899    0.9786     42689
          1     0.8379    0.7883    0.8123      1554
          2     0.8701    0.7715    0.8178      2656
          3     0.9206    0.8044    0.8586      1600
          4     0.9608    0.8860    0.9219      4228
          5     0.9990    0.9990    0.9990      1020
          6     0.9675    0.8299    0.8934       394
          7     0.9962    0.9949    0.9955       783

avg / total     0.9583    0.9593    0.9583     54924


             precision    recall  f1-score   support

          0     0.9657    0.9907    0.9781     42689
          1     0.8638    0.7510    0.8034      1554
          2     0.8200    0.8027    0.8113      2656
          3     0.9389    0.7488    0.8331      1600
          4     0.9830    0.8754    0.9261      4228
          5     1.0000    0.9980    0.9990      1020
          6     0.9824    0.8477    0.9101       394
          7     0.9987    0.9936    0.9962       783

avg / total     0.9576    0.9581    0.9570     54924


             precision    recall  f1-score   support

          0     0.9652    0.9917    0.9783     42689
          1     0.8815    0.7040    0.7828      1554
          2     0.8436    0.7918    0.8169      2656
          3     0.9330    0.7569    0.8357      1600
          4     0.9626    0.8891    0.9244      4228
          5     0.9990    0.9990    0.9990      1020
          6     0.9878    0.8198    0.8960       394
          7     1.0000    0.9949    0.9974       783

avg / total     0.9571    0.9581    0.9567     54924


             precision    recall  f1-score   support

          0     0.9702    0.9872    0.9787     42689
          1     0.8751    0.7439    0.8042      1554
          2     0.8608    0.7963    0.8273      2656
          3     0.8749    0.8350    0.8545      1600
          4     0.9414    0.9002    0.9203      4228
          5     0.9990    0.9980    0.9985      1020
          6     0.9735    0.8376    0.9004       394
          7     0.9974    0.9949    0.9962       783

avg / total     0.9582    0.9592    0.9584     54924


             precision    recall  f1-score   support

          0     0.9660    0.9918    0.9787     42689
          1     0.8683    0.7973    0.8313      1554
          2     0.8870    0.7658    0.8220      2656
          3     0.9556    0.7394    0.8337      1600
          4     0.9560    0.9042    0.9294      4228
          5     0.9990    0.9990    0.9990      1020
          6     0.9910    0.8426    0.9108       394
          7     0.9974    0.9949    0.9962       783

avg / total     0.9596    0.9604    0.9591     54924


             precision    recall  f1-score   support

          0     0.9731    0.9930    0.9830     42689
          1     0.8945    0.8237    0.8576      1554
          2     0.8964    0.8309    0.8624      2656
          3     0.9405    0.8300    0.8818      1600
          4     0.9753    0.9049    0.9388      4228
          5     0.9990    0.9980    0.9985      1020
          6     0.9911    0.8452    0.9123       394
          7     0.9974    0.9949    0.9962       783

avg / total     0.9674    0.9679    0.9672     54924


             precision    recall  f1-score   support

          0     0.9744    0.9931    0.9836     42689
          1     0.8956    0.8333    0.8633      1554
          2     0.9024    0.8283    0.8638      2656
          3     0.9272    0.8519    0.8879      1600
          4     0.9791    0.9080    0.9422      4228
          5     1.0000    0.9990    0.9995      1020
          6     0.9854    0.8553    0.9158       394
          7     0.9987    0.9962    0.9974       783

avg / total     0.9686    0.9691    0.9685     54924


             precision    recall  f1-score   support

          0     0.9735    0.9938    0.9836     42689
          1     0.8951    0.8295    0.8611      1554
          2     0.9084    0.8291    0.8669      2656
          3     0.9506    0.8306    0.8866      1600
          4     0.9764    0.9096    0.9418      4228
          5     1.0000    0.9990    0.9995      1020
          6     0.9883    0.8579    0.9185       394
          7     0.9974    0.9962    0.9968       783

avg / total     0.9686    0.9691    0.9684     54924


             precision    recall  f1-score   support

          0     0.9750    0.9933    0.9840     42689
          1     0.9049    0.8269    0.8642      1554
          2     0.9058    0.8434    0.8735      2656
          3     0.9372    0.8481    0.8904      1600
          4     0.9739    0.9104    0.9411      4228
          5     1.0000    0.9990    0.9995      1020
          6     0.9912    0.8579    0.9197       394
          7     0.9987    0.9962    0.9974       783

avg / total     0.9694    0.9699    0.9693     54924


             precision    recall  f1-score   support

          0     0.9740    0.9940    0.9839     42689
          1     0.8896    0.8449    0.8667      1554
          2     0.9167    0.8325    0.8725      2656
          3     0.9556    0.8337    0.8905      1600
          4     0.9766    0.9085    0.9413      4228
          5     1.0000    0.9990    0.9995      1020
          6     0.9970    0.8553    0.9208       394
          7     0.9974    0.9962    0.9968       783

avg / total     0.9695    0.9699    0.9692     54924


             precision    recall  f1-score   support

          0     0.9752    0.9936    0.9843     42689
          1     0.8928    0.8417    0.8665      1554
          2     0.9093    0.8377    0.8720      2656
          3     0.9376    0.8450    0.8889      1600
          4     0.9769    0.9099    0.9422      4228
          5     1.0000    0.9990    0.9995      1020
          6     0.9941    0.8503    0.9166       394
          7     0.9974    0.9962    0.9968       783

avg / total     0.9696    0.9701    0.9695     54924


             precision    recall  f1-score   support

          0     0.9760    0.9939    0.9849     42689
          1     0.9028    0.8423    0.8715      1554
          2     0.9072    0.8539    0.8798      2656
          3     0.9504    0.8500    0.8974      1600
          4     0.9796    0.9099    0.9435      4228
          5     1.0000    0.9990    0.9995      1020
          6     0.9883    0.8604    0.9199       394
          7     0.9974    0.9962    0.9968       783

avg / total     0.9710    0.9714    0.9708     54924


             precision    recall  f1-score   support

          0     0.9759    0.9935    0.9846     42689
          1     0.8939    0.8565    0.8748      1554
          2     0.9114    0.8486    0.8789      2656
          3     0.9555    0.8319    0.8894      1600
          4     0.9753    0.9158    0.9446      4228
          5     1.0000    0.9990    0.9995      1020
          6     0.9941    0.8579    0.9210       394
          7     0.9974    0.9962    0.9968       783

avg / total     0.9707    0.9711    0.9706     54924


             precision    recall  f1-score   support

          0     0.9766    0.9930    0.9847     42689
          1     0.8897    0.8565    0.8728      1554
          2     0.9093    0.8532    0.8803      2656
          3     0.9436    0.8569    0.8981      1600
          4     0.9797    0.9123    0.9448      4228
          5     1.0000    0.9990    0.9995      1020
          6     0.9883    0.8553    0.9170       394
          7     0.9974    0.9962    0.9968       783

avg / total     0.9710    0.9713    0.9709     54924


             precision    recall  f1-score   support

          0     0.9751    0.9938    0.9843     42689
          1     0.8911    0.8475    0.8687      1554
          2     0.9111    0.8449    0.8767      2656
          3     0.9434    0.8337    0.8852      1600
          4     0.9827    0.9123    0.9462      4228
          5     1.0000    0.9990    0.9995      1020
          6     0.9941    0.8503    0.9166       394
          7     0.9974    0.9962    0.9968       783

avg / total     0.9702    0.9706    0.9700     54924


             precision    recall  f1-score   support

          0     0.9764    0.9938    0.9850     42689
          1     0.8983    0.8411    0.8687      1554
          2     0.9123    0.8460    0.8779      2656
          3     0.9551    0.8512    0.9002      1600
          4     0.9749    0.9186    0.9459      4228
          5     1.0000    0.9990    0.9995      1020
          6     0.9826    0.8579    0.9160       394
          7     0.9974    0.9962    0.9968       783

avg / total     0.9711    0.9715    0.9710     54924


             precision    recall  f1-score   support

          0     0.9757    0.9943    0.9849     42689
          1     0.8999    0.8391    0.8685      1554
          2     0.9041    0.8520    0.8773      2656
          3     0.9552    0.8387    0.8932      1600
          4     0.9840    0.9137    0.9475      4228
          5     0.9990    0.9990    0.9990      1020
          6     0.9882    0.8477    0.9126       394
          7     0.9974    0.9949    0.9962       783

avg / total     0.9710    0.9713    0.9708     54924


             precision    recall  f1-score   support

          0     0.9772    0.9932    0.9851     42689
          1     0.8999    0.8501    0.8743      1554
          2     0.9088    0.8550    0.8811      2656
          3     0.9372    0.8581    0.8959      1600
          4     0.9775    0.9160    0.9458      4228
          5     0.9990    0.9990    0.9990      1020
          6     0.9854    0.8553    0.9158       394
          7     0.9974    0.9949    0.9962       783

avg / total     0.9713    0.9717    0.9712     54924


             precision    recall  f1-score   support

          0     0.9774    0.9936    0.9854     42689
          1     0.8996    0.8533    0.8758      1554
          2     0.9088    0.8592    0.8833      2656
          3     0.9518    0.8512    0.8987      1600
          4     0.9798    0.9189    0.9484      4228
          5     1.0000    0.9990    0.9995      1020
          6     0.9883    0.8579    0.9185       394
          7     0.9974    0.9962    0.9968       783

avg / total     0.9721    0.9724    0.9719     54924


             precision    recall  f1-score   support

          0     0.9768    0.9941    0.9853     42689
          1     0.9052    0.8539    0.8788      1554
          2     0.9122    0.8566    0.8835      2656
          3     0.9529    0.8462    0.8964      1600
          4     0.9803    0.9165    0.9473      4228
          5     1.0000    0.9990    0.9995      1020
          6     0.9883    0.8579    0.9185       394
          7     0.9974    0.9962    0.9968       783

avg / total     0.9720    0.9723    0.9718     54924


             precision    recall  f1-score   support

          0     0.9777    0.9940    0.9858     42689
          1     0.9047    0.8494    0.8762      1554
          2     0.9083    0.8656    0.8864      2656
          3     0.9544    0.8512    0.8999      1600
          4     0.9811    0.9184    0.9487      4228
          5     1.0000    0.9990    0.9995      1020
          6     0.9855    0.8604    0.9187       394
          7     0.9974    0.9962    0.9968       783

avg / total     0.9726    0.9729    0.9725     54924


             precision    recall  f1-score   support

          0     0.9774    0.9940    0.9856     42689
          1     0.8982    0.8578    0.8776      1554
          2     0.9139    0.8596    0.8859      2656
          3     0.9519    0.8531    0.8998      1600
          4     0.9820    0.9167    0.9483      4228
          5     1.0000    0.9990    0.9995      1020
          6     0.9854    0.8579    0.9172       394
          7     0.9974    0.9962    0.9968       783

avg / total     0.9725    0.9728    0.9723     54924


             precision    recall  f1-score   support

          0     0.9777    0.9937    0.9856     42689
          1     0.9047    0.8488    0.8758      1554
          2     0.9057    0.8678    0.8864      2656
          3     0.9510    0.8500    0.8977      1600
          4     0.9796    0.9179    0.9477      4228
          5     1.0000    0.9990    0.9995      1020
          6     0.9883    0.8579    0.9185       394
          7     0.9974    0.9962    0.9968       783

avg / total     0.9723    0.9726    0.9722     54924


             precision    recall  f1-score   support

          0     0.9773    0.9942    0.9857     42689
          1     0.8947    0.8584    0.8762      1554
          2     0.9139    0.8596    0.8859      2656
          3     0.9537    0.8488    0.8981      1600
          4     0.9825    0.9167    0.9485      4228
          5     1.0000    0.9990    0.9995      1020
          6     0.9882    0.8528    0.9155       394
          7     0.9974    0.9962    0.9968       783

avg / total     0.9724    0.9727    0.9722     54924


             precision    recall  f1-score   support

          0     0.9771    0.9944    0.9856     42689
          1     0.9068    0.8578    0.8816      1554
          2     0.9160    0.8618    0.8881      2656
          3     0.9597    0.8494    0.9012      1600
          4     0.9800    0.9165    0.9472      4228
          5     1.0000    0.9990    0.9995      1020
          6     0.9882    0.8528    0.9155       394
          7     0.9974    0.9962    0.9968       783

avg / total     0.9726    0.9730    0.9725     54924


             precision    recall  f1-score   support

          0     0.9769    0.9945    0.9856     42689
          1     0.9003    0.8597    0.8795      1554
          2     0.9190    0.8498    0.8830      2656
          3     0.9541    0.8581    0.9036      1600
          4     0.9817    0.9160    0.9478      4228
          5     1.0000    0.9990    0.9995      1020
          6     0.9853    0.8528    0.9143       394
          7     0.9974    0.9962    0.9968       783

avg / total     0.9724    0.9728    0.9723     54924

val_acc:0.911350232911,0.915792740352,0.920617591079,0.926188922082,0.92973928344,0.933835849338,0.93929793736,0.937732138734,0.944614371033,0.946107340231,0.947563896943,0.949075075406,0.950604459957,0.953044196065,0.95193356872,0.952315915587,0.954081990767,0.956558141511,0.95579344839,0.957304626801,0.959489464812,0.958560906294,0.958105733842,0.95644889827,0.959307395164,0.958069319154,0.958087524577,0.95921635827,0.96039981417,0.967901097418,0.969084549789,0.969120966573,0.969867455496,0.969867452631,0.970104143821,0.971360427611,0.971105531506,0.971342221368,0.970595732445,0.971542497819,0.971324015737,0.971706362708,0.972416437711,0.972343607724,0.972926233295,0.972780576902,0.972616714983,0.97272595674,0.972962646498,0.972762369943
acc:0.885086419848,0.913239798503,0.918950581816,0.922877127024,0.928721420884,0.932945335825,0.937363450813,0.941211095146,0.945222598173,0.947637996548,0.950453937974,0.951291439259,0.952602308689,0.954793159965,0.956122236642,0.957572690492,0.959253762048,0.95930231372,0.959727132702,0.961280758622,0.962154671156,0.963022517605,0.962973967846,0.963301683998,0.963890364713,0.963550507734,0.964036016541,0.965510746744,0.966014464649,0.97366122165,0.976707787222,0.978012589544,0.978243205462,0.978941123669,0.979280980052,0.979299186882,0.979833243311,0.980670745016,0.980027448004,0.980361233176,0.980761778291,0.981034874803,0.982321470482,0.982770564792,0.983341036125,0.983316759335,0.983468481677,0.983529169665,0.983547376644,0.983699097682
val_loss:0.289133451054,0.264877822821,0.2464411316,0.229120937737,0.21153839191,0.201057140216,0.183611578714,0.190361078846,0.168931918778,0.1671021339,0.161044619662,0.156503963795,0.153131876088,0.147562842394,0.153395619742,0.14587659692,0.144315107978,0.139067396453,0.140872415325,0.136833631774,0.133556425793,0.134360704166,0.1355360986,0.13798460105,0.132733693293,0.140460622984,0.134508506854,0.132797846494,0.134525340484,0.110436352697,0.108959254259,0.109192978937,0.1066745042,0.107295678353,0.106763948325,0.106278752562,0.105222795371,0.104886941868,0.106604796959,0.106297569452,0.10633791117,0.105905512304,0.103292801931,0.104107003228,0.103325215948,0.10367475917,0.103085286114,0.103658405175,0.103979808893,0.104451070217
lr:0.0160827,0.0160827,0.0160827,0.0160827,0.0160827,0.0160827,0.0160827,0.0160827,0.0160827,0.0160827,0.0160827,0.0160827,0.0160827,0.0160827,0.0160827,0.0160827,0.0160827,0.0160827,0.0160827,0.0160827,0.0160827,0.0160827,0.0160827,0.0160827,0.0160827,0.0160827,0.0160827,0.0160827,0.0160827,0.00321655,0.00321655,0.00321655,0.00321655,0.00321655,0.00321655,0.00321655,0.00321655,0.00321655,0.00321655,0.00321655,0.00321655,0.00321655,0.001,0.001,0.001,0.001,0.001,0.001,0.001,0.001
loss:0.385785311615,0.283257596618,0.259200947071,0.239209606393,0.218872967998,0.201999403383,0.18873090278,0.175093152024,0.164069838592,0.156320425348,0.148268020116,0.144693777208,0.138593857665,0.134567289776,0.129748916846,0.126899256221,0.123129484373,0.120720304068,0.117098074974,0.113899438207,0.111406689401,0.10925747128,0.107776384012,0.107722387783,0.106358942708,0.107770335228,0.106790168339,0.100605154528,0.1006139776,0.0782431563,0.0687158320838,0.0655287070223,0.0635742042935,0.061814218346,0.0609388669862,0.0596384622797,0.0583924103375,0.0570694733999,0.0570353720762,0.056463257167,0.0551009720872,0.0551402158339,0.0506372068068,0.0490453325839,0.0482026087834,0.0487898859709,0.0480093528444,0.0477442499058,0.0475764788106,0.0472135773377
