
             precision    recall  f1-score   support

          0     0.9203    0.9964    0.9568     42689
          1     0.5758    0.6236    0.5987      1554
          2     0.7145    0.2959    0.4185      2656
          3     0.9871    0.3825    0.5514      1600
          4     0.9909    0.7488    0.8530      4228
          5     0.9980    1.0000    0.9990      1020
          6     0.9968    0.7944    0.8842       394
          7     1.0000    0.9860    0.9929       783

avg / total     0.9111    0.9135    0.9016     54924


             precision    recall  f1-score   support

          0     0.9229    0.9976    0.9588     42689
          1     0.6795    0.4788    0.5617      1554
          2     0.7241    0.4179    0.5300      2656
          3     0.9336    0.4831    0.6367      1600
          4     0.9891    0.7502    0.8533      4228
          5     0.9980    1.0000    0.9990      1020
          6     1.0000    0.8122    0.8964       394
          7     1.0000    0.9885    0.9942       783

avg / total     0.9148    0.9194    0.9101     54924


             precision    recall  f1-score   support

          0     0.9301    0.9972    0.9625     42689
          1     0.6430    0.6248    0.6338      1554
          2     0.8017    0.4172    0.5488      2656
          3     0.9682    0.4763    0.6385      1600
          4     0.9892    0.7807    0.8727      4228
          5     1.0000    1.0000    1.0000      1020
          6     0.9651    0.8426    0.8997       394
          7     0.9987    0.9936    0.9962       783

avg / total     0.9240    0.9256    0.9176     54924


             precision    recall  f1-score   support

          0     0.9378    0.9929    0.9646     42689
          1     0.6702    0.6107    0.6391      1554
          2     0.7852    0.4529    0.5745      2656
          3     0.8756    0.5806    0.6982      1600
          4     0.9672    0.8169    0.8858      4228
          5     1.0000    1.0000    1.0000      1020
          6     0.9655    0.8528    0.9057       394
          7     1.0000    0.9949    0.9974       783

avg / total     0.9256    0.9296    0.9234     54924


             precision    recall  f1-score   support

          0     0.9412    0.9929    0.9663     42689
          1     0.7847    0.5534    0.6491      1554
          2     0.7607    0.5840    0.6607      2656
          3     0.9622    0.5569    0.7055      1600
          4     0.9513    0.8314    0.8873      4228
          5     1.0000    1.0000    1.0000      1020
          6     0.9822    0.8401    0.9056       394
          7     1.0000    0.9936    0.9968       783

avg / total     0.9317    0.9346    0.9295     54924


             precision    recall  f1-score   support

          0     0.9420    0.9939    0.9672     42689
          1     0.7388    0.6699    0.7027      1554
          2     0.8343    0.5497    0.6627      2656
          3     0.9230    0.6069    0.7323      1600
          4     0.9709    0.8136    0.8853      4228
          5     1.0000    0.9980    0.9990      1020
          6     0.9970    0.8299    0.9058       394
          7     0.9974    0.9974    0.9974       783

avg / total     0.9350    0.9370    0.9325     54924


             precision    recall  f1-score   support

          0     0.9510    0.9898    0.9700     42689
          1     0.7406    0.6873    0.7130      1554
          2     0.8284    0.6035    0.6983      2656
          3     0.8694    0.6406    0.7377      1600
          4     0.9569    0.8607    0.9062      4228
          5     1.0000    1.0000    1.0000      1020
          6     0.9880    0.8350    0.9051       394
          7     1.0000    0.9974    0.9987       783

avg / total     0.9391    0.9416    0.9384     54924


             precision    recall  f1-score   support

          0     0.9540    0.9865    0.9700     42689
          1     0.8344    0.6840    0.7518      1554
          2     0.8440    0.6540    0.7370      2656
          3     0.8328    0.7069    0.7647      1600
          4     0.9317    0.8706    0.9001      4228
          5     0.9980    1.0000    0.9990      1020
          6     0.9822    0.8401    0.9056       394
          7     0.9987    0.9949    0.9968       783

avg / total     0.9417    0.9441    0.9416     54924


             precision    recall  f1-score   support

          0     0.9611    0.9813    0.9711     42689
          1     0.7542    0.7780    0.7659      1554
          2     0.7756    0.6935    0.7323      2656
          3     0.8520    0.7163    0.7783      1600
          4     0.9495    0.8709    0.9085      4228
          5     0.9990    0.9990    0.9990      1020
          6     0.9971    0.8604    0.9237       394
          7     0.9987    0.9936    0.9962       783

avg / total     0.9437    0.9450    0.9438     54924


             precision    recall  f1-score   support

          0     0.9626    0.9840    0.9732     42689
          1     0.8346    0.6982    0.7603      1554
          2     0.8194    0.7447    0.7803      2656
          3     0.7785    0.7931    0.7858      1600
          4     0.9619    0.8657    0.9112      4228
          5     1.0000    0.9990    0.9995      1020
          6     0.9911    0.8503    0.9153       394
          7     0.9974    0.9987    0.9981       783

avg / total     0.9481    0.9492    0.9480     54924


             precision    recall  f1-score   support

          0     0.9588    0.9913    0.9747     42689
          1     0.8685    0.6589    0.7494      1554
          2     0.8023    0.7654    0.7834      2656
          3     0.9313    0.6950    0.7960      1600
          4     0.9664    0.8564    0.9081      4228
          5     1.0000    0.9980    0.9990      1020
          6     0.9940    0.8426    0.9121       394
          7     0.9949    0.9936    0.9942       783

avg / total     0.9500    0.9510    0.9491     54924


             precision    recall  f1-score   support

          0     0.9582    0.9910    0.9743     42689
          1     0.8266    0.7329    0.7769      1554
          2     0.8303    0.7334    0.7789      2656
          3     0.9129    0.7206    0.8054      1600
          4     0.9786    0.8434    0.9060      4228
          5     0.9990    0.9990    0.9990      1020
          6     0.9795    0.8503    0.9103       394
          7     0.9974    0.9923    0.9949       783

avg / total     0.9500    0.9512    0.9494     54924


             precision    recall  f1-score   support

          0     0.9593    0.9893    0.9741     42689
          1     0.8353    0.7149    0.7705      1554
          2     0.8367    0.7078    0.7669      2656
          3     0.8895    0.7294    0.8015      1600
          4     0.9525    0.8728    0.9109      4228
          5     1.0000    0.9990    0.9995      1020
          6     0.9940    0.8426    0.9121       394
          7     0.9949    0.9987    0.9968       783

avg / total     0.9488    0.9506    0.9488     54924


             precision    recall  f1-score   support

          0     0.9608    0.9900    0.9751     42689
          1     0.8756    0.6795    0.7652      1554
          2     0.8274    0.7673    0.7962      2656
          3     0.8999    0.7475    0.8167      1600
          4     0.9604    0.8612    0.9081      4228
          5     1.0000    0.9980    0.9990      1020
          6     0.9565    0.8376    0.8931       394
          7     0.9949    0.9974    0.9962       783

avg / total     0.9513    0.9526    0.9509     54924


             precision    recall  f1-score   support

          0     0.9654    0.9850    0.9751     42689
          1     0.8575    0.7394    0.7941      1554
          2     0.8650    0.7481    0.8023      2656
          3     0.8614    0.7806    0.8190      1600
          4     0.9225    0.9009    0.9116      4228
          5     1.0000    1.0000    1.0000      1020
          6     0.9350    0.8401    0.8850       394
          7     0.9987    0.9974    0.9981       783

avg / total     0.9521    0.9536    0.9523     54924


             precision    recall  f1-score   support

          0     0.9667    0.9867    0.9766     42689
          1     0.7614    0.8069    0.7835      1554
          2     0.8822    0.6770    0.7661      2656
          3     0.8386    0.8019    0.8198      1600
          4     0.9427    0.8917    0.9165      4228
          5     1.0000    1.0000    1.0000      1020
          6     0.9940    0.8477    0.9151       394
          7     0.9987    0.9949    0.9968       783

avg / total     0.9525    0.9533    0.9520     54924


             precision    recall  f1-score   support

          0     0.9675    0.9888    0.9780     42689
          1     0.8438    0.7857    0.8137      1554
          2     0.8703    0.7782    0.8217      2656
          3     0.8670    0.7863    0.8246      1600
          4     0.9642    0.8848    0.9228      4228
          5     1.0000    1.0000    1.0000      1020
          6     0.9824    0.8477    0.9101       394
          7     0.9974    0.9949    0.9962       783

avg / total     0.9572    0.9582    0.9573     54924


             precision    recall  f1-score   support

          0     0.9673    0.9870    0.9771     42689
          1     0.8148    0.7986    0.8066      1554
          2     0.8510    0.7636    0.8049      2656
          3     0.9391    0.7319    0.8226      1600
          4     0.9399    0.9063    0.9228      4228
          5     1.0000    0.9980    0.9990      1020
          6     0.9852    0.8452    0.9098       394
          7     0.9974    0.9936    0.9955       783

avg / total     0.9556    0.9565    0.9554     54924


             precision    recall  f1-score   support

          0     0.9678    0.9894    0.9785     42689
          1     0.8425    0.7780    0.8090      1554
          2     0.8441    0.7952    0.8189      2656
          3     0.9127    0.7581    0.8283      1600
          4     0.9678    0.8886    0.9265      4228
          5     1.0000    0.9990    0.9995      1020
          6     0.9940    0.8376    0.9091       394
          7     0.9974    0.9936    0.9955       783

avg / total     0.9578    0.9587    0.9577     54924


             precision    recall  f1-score   support

          0     0.9689    0.9861    0.9775     42689
          1     0.8092    0.7889    0.7990      1554
          2     0.8637    0.7560    0.8063      2656
          3     0.8300    0.8119    0.8209      1600
          4     0.9608    0.8931    0.9257      4228
          5     1.0000    0.9980    0.9990      1020
          6     0.9854    0.8579    0.9172       394
          7     0.9974    0.9949    0.9962       783

avg / total     0.9557    0.9566    0.9558     54924


             precision    recall  f1-score   support

          0     0.9680    0.9870    0.9774     42689
          1     0.8647    0.7529    0.8050      1554
          2     0.8298    0.8170    0.8234      2656
          3     0.8819    0.7562    0.8143      1600
          4     0.9599    0.8900    0.9237      4228
          5     1.0000    0.9990    0.9995      1020
          6     0.9970    0.8553    0.9208       394
          7     0.9974    0.9936    0.9955       783

avg / total     0.9565    0.9573    0.9564     54924


             precision    recall  f1-score   support

          0     0.9744    0.9920    0.9831     42689
          1     0.8571    0.8378    0.8474      1554
          2     0.8920    0.8332    0.8616      2656
          3     0.9425    0.8100    0.8713      1600
          4     0.9744    0.9111    0.9417      4228
          5     1.0000    0.9990    0.9995      1020
          6     0.9970    0.8503    0.9178       394
          7     0.9987    0.9949    0.9968       783

avg / total     0.9671    0.9676    0.9670     54924


             precision    recall  f1-score   support

          0     0.9753    0.9921    0.9836     42689
          1     0.8889    0.8134    0.8495      1554
          2     0.9049    0.8381    0.8702      2656
          3     0.9304    0.8438    0.8850      1600
          4     0.9630    0.9179    0.9399      4228
          5     1.0000    0.9990    0.9995      1020
          6     0.9971    0.8604    0.9237       394
          7     0.9987    0.9949    0.9968       783

avg / total     0.9682    0.9688    0.9682     54924


             precision    recall  f1-score   support

          0     0.9744    0.9930    0.9836     42689
          1     0.8904    0.8153    0.8512      1554
          2     0.8914    0.8498    0.8701      2656
          3     0.9536    0.8094    0.8756      1600
          4     0.9710    0.9113    0.9402      4228
          5     1.0000    0.9990    0.9995      1020
          6     0.9971    0.8604    0.9237       394
          7     0.9987    0.9949    0.9968       783

avg / total     0.9681    0.9686    0.9679     54924


             precision    recall  f1-score   support

          0     0.9761    0.9929    0.9844     42689
          1     0.8778    0.8456    0.8614      1554
          2     0.9176    0.8426    0.8785      2656
          3     0.9346    0.8400    0.8848      1600
          4     0.9719    0.9158    0.9430      4228
          5     1.0000    0.9990    0.9995      1020
          6     0.9971    0.8655    0.9266       394
          7     0.9987    0.9949    0.9968       783

avg / total     0.9699    0.9703    0.9698     54924


             precision    recall  f1-score   support

          0     0.9752    0.9934    0.9842     42689
          1     0.8852    0.8288    0.8561      1554
          2     0.9141    0.8291    0.8695      2656
          3     0.9347    0.8500    0.8903      1600
          4     0.9698    0.9123    0.9402      4228
          5     1.0000    0.9990    0.9995      1020
          6     0.9971    0.8706    0.9295       394
          7     0.9987    0.9949    0.9968       783

avg / total     0.9691    0.9696    0.9690     54924


             precision    recall  f1-score   support

          0     0.9757    0.9935    0.9845     42689
          1     0.9044    0.8153    0.8575      1554
          2     0.9012    0.8550    0.8775      2656
          3     0.9470    0.8381    0.8893      1600
          4     0.9736    0.9158    0.9438      4228
          5     1.0000    0.9990    0.9995      1020
          6     0.9971    0.8655    0.9266       394
          7     0.9987    0.9949    0.9968       783

avg / total     0.9700    0.9705    0.9699     54924


             precision    recall  f1-score   support

          0     0.9762    0.9931    0.9846     42689
          1     0.8893    0.8327    0.8601      1554
          2     0.9022    0.8581    0.8796      2656
          3     0.9412    0.8200    0.8764      1600
          4     0.9761    0.9186    0.9465      4228
          5     1.0000    0.9990    0.9995      1020
          6     0.9971    0.8629    0.9252       394
          7     0.9987    0.9936    0.9962       783

avg / total     0.9700    0.9705    0.9699     54924


             precision    recall  f1-score   support

          0     0.9766    0.9934    0.9849     42689
          1     0.8890    0.8346    0.8609      1554
          2     0.9108    0.8539    0.8815      2656
          3     0.9298    0.8525    0.8895      1600
          4     0.9797    0.9139    0.9457      4228
          5     1.0000    0.9990    0.9995      1020
          6     0.9942    0.8706    0.9283       394
          7     0.9987    0.9949    0.9968       783

avg / total     0.9707    0.9712    0.9707     54924


             precision    recall  f1-score   support

          0     0.9766    0.9938    0.9851     42689
          1     0.8918    0.8430    0.8667      1554
          2     0.9136    0.8596    0.8857      2656
          3     0.9460    0.8431    0.8916      1600
          4     0.9790    0.9141    0.9455      4228
          5     1.0000    0.9990    0.9995      1020
          6     0.9942    0.8655    0.9254       394
          7     0.9974    0.9936    0.9955       783

avg / total     0.9713    0.9717    0.9712     54924


             precision    recall  f1-score   support

          0     0.9761    0.9941    0.9850     42689
          1     0.8930    0.8378    0.8645      1554
          2     0.9106    0.8588    0.8839      2656
          3     0.9548    0.8313    0.8887      1600
          4     0.9792    0.9137    0.9453      4228
          5     1.0000    0.9990    0.9995      1020
          6     0.9913    0.8706    0.9270       394
          7     0.9987    0.9949    0.9968       783

avg / total     0.9711    0.9715    0.9709     54924


             precision    recall  f1-score   support

          0     0.9762    0.9939    0.9850     42689
          1     0.9105    0.8179    0.8617      1554
          2     0.8932    0.8720    0.8825      2656
          3     0.9529    0.8344    0.8897      1600
          4     0.9809    0.9113    0.9448      4228
          5     1.0000    0.9990    0.9995      1020
          6     0.9942    0.8731    0.9297       394
          7     0.9987    0.9936    0.9962       783

avg / total     0.9709    0.9712    0.9707     54924


             precision    recall  f1-score   support

          0     0.9762    0.9939    0.9849     42689
          1     0.8997    0.8256    0.8611      1554
          2     0.9125    0.8562    0.8834      2656
          3     0.9370    0.8462    0.8893      1600
          4     0.9773    0.9149    0.9450      4228
          5     1.0000    0.9990    0.9995      1020
          6     0.9971    0.8579    0.9222       394
          7     0.9974    0.9949    0.9962       783

avg / total     0.9708    0.9712    0.9707     54924


             precision    recall  f1-score   support

          0     0.9781    0.9941    0.9860     42689
          1     0.8926    0.8507    0.8712      1554
          2     0.9177    0.8648    0.8905      2656
          3     0.9488    0.8569    0.9005      1600
          4     0.9778    0.9167    0.9463      4228
          5     1.0000    0.9990    0.9995      1020
          6     0.9942    0.8655    0.9254       394
          7     0.9987    0.9949    0.9968       783

avg / total     0.9727    0.9730    0.9726     54924


             precision    recall  f1-score   support

          0     0.9778    0.9943    0.9860     42689
          1     0.8938    0.8449    0.8687      1554
          2     0.9185    0.8618    0.8893      2656
          3     0.9531    0.8506    0.8989      1600
          4     0.9766    0.9198    0.9474      4228
          5     1.0000    0.9990    0.9995      1020
          6     0.9942    0.8655    0.9254       394
          7     0.9987    0.9949    0.9968       783

avg / total     0.9726    0.9729    0.9725     54924


             precision    recall  f1-score   support

          0     0.9790    0.9935    0.9862     42689
          1     0.8891    0.8565    0.8725      1554
          2     0.9162    0.8648    0.8898      2656
          3     0.9503    0.8606    0.9032      1600
          4     0.9736    0.9229    0.9475      4228
          5     1.0000    0.9990    0.9995      1020
          6     0.9942    0.8706    0.9283       394
          7     0.9987    0.9949    0.9968       783

avg / total     0.9730    0.9733    0.9729     54924


             precision    recall  f1-score   support

          0     0.9784    0.9939    0.9861     42689
          1     0.8953    0.8423    0.8680      1554
          2     0.9173    0.8682    0.8921      2656
          3     0.9470    0.8594    0.9010      1600
          4     0.9752    0.9205    0.9471      4228
          5     1.0000    0.9990    0.9995      1020
          6     0.9942    0.8680    0.9268       394
          7     0.9987    0.9949    0.9968       783

avg / total     0.9728    0.9731    0.9727     54924


             precision    recall  f1-score   support

          0     0.9784    0.9941    0.9862     42689
          1     0.8948    0.8591    0.8766      1554
          2     0.9225    0.8652    0.8929      2656
          3     0.9448    0.8562    0.8984      1600
          4     0.9783    0.9189    0.9477      4228
          5     1.0000    0.9990    0.9995      1020
          6     0.9942    0.8706    0.9283       394
          7     0.9987    0.9949    0.9968       783

avg / total     0.9732    0.9735    0.9731     54924


             precision    recall  f1-score   support

          0     0.9787    0.9939    0.9863     42689
          1     0.8976    0.8520    0.8742      1554
          2     0.9197    0.8630    0.8904      2656
          3     0.9466    0.8538    0.8978      1600
          4     0.9739    0.9260    0.9493      4228
          5     1.0000    0.9990    0.9995      1020
          6     0.9942    0.8706    0.9283       394
          7     0.9987    0.9949    0.9968       783

avg / total     0.9731    0.9735    0.9730     54924


             precision    recall  f1-score   support

          0     0.9792    0.9934    0.9863     42689
          1     0.9035    0.8494    0.8756      1554
          2     0.9121    0.8746    0.8929      2656
          3     0.9456    0.8581    0.8997      1600
          4     0.9718    0.9224    0.9465      4228
          5     1.0000    0.9990    0.9995      1020
          6     0.9942    0.8731    0.9297       394
          7     0.9987    0.9949    0.9968       783

avg / total     0.9731    0.9734    0.9730     54924


             precision    recall  f1-score   support

          0     0.9785    0.9941    0.9863     42689
          1     0.9045    0.8475    0.8751      1554
          2     0.9137    0.8773    0.8951      2656
          3     0.9561    0.8444    0.8968      1600
          4     0.9757    0.9217    0.9479      4228
          5     1.0000    0.9990    0.9995      1020
          6     0.9942    0.8655    0.9254       394
          7     0.9987    0.9936    0.9962       783

avg / total     0.9732    0.9735    0.9731     54924


             precision    recall  f1-score   support

          0     0.9789    0.9941    0.9864     42689
          1     0.8955    0.8546    0.8745      1554
          2     0.9258    0.8645    0.8941      2656
          3     0.9473    0.8644    0.9039      1600
          4     0.9743    0.9234    0.9481      4228
          5     1.0000    0.9990    0.9995      1020
          6     0.9942    0.8706    0.9283       394
          7     0.9987    0.9949    0.9968       783

avg / total     0.9735    0.9739    0.9734     54924


             precision    recall  f1-score   support

          0     0.9773    0.9949    0.9860     42689
          1     0.9140    0.8346    0.8725      1554
          2     0.9132    0.8720    0.8921      2656
          3     0.9488    0.8456    0.8942      1600
          4     0.9840    0.9165    0.9491      4228
          5     1.0000    0.9990    0.9995      1020
          6     0.9942    0.8731    0.9297       394
          7     0.9987    0.9949    0.9968       783

avg / total     0.9729    0.9733    0.9727     54924


             precision    recall  f1-score   support

          0     0.9783    0.9945    0.9863     42689
          1     0.8999    0.8507    0.8746      1554
          2     0.9194    0.8633    0.8905      2656
          3     0.9497    0.8606    0.9030      1600
          4     0.9798    0.9201    0.9490      4228
          5     1.0000    0.9990    0.9995      1020
          6     0.9913    0.8706    0.9270       394
          7     0.9987    0.9936    0.9962       783

avg / total     0.9733    0.9736    0.9732     54924


             precision    recall  f1-score   support

          0     0.9795    0.9937    0.9865     42689
          1     0.8980    0.8501    0.8734      1554
          2     0.9119    0.8735    0.8923      2656
          3     0.9519    0.8544    0.9005      1600
          4     0.9719    0.9260    0.9484      4228
          5     1.0000    0.9990    0.9995      1020
          6     0.9942    0.8629    0.9239       394
          7     0.9987    0.9949    0.9968       783

avg / total     0.9733    0.9737    0.9733     54924


             precision    recall  f1-score   support

          0     0.9786    0.9943    0.9864     42689
          1     0.8966    0.8533    0.8744      1554
          2     0.9132    0.8678    0.8900      2656
          3     0.9537    0.8494    0.8985      1600
          4     0.9799    0.9224    0.9503      4228
          5     1.0000    0.9990    0.9995      1020
          6     0.9942    0.8706    0.9283       394
          7     0.9987    0.9949    0.9968       783

avg / total     0.9733    0.9736    0.9732     54924


             precision    recall  f1-score   support

          0     0.9791    0.9941    0.9865     42689
          1     0.8920    0.8610    0.8762      1554
          2     0.9210    0.8686    0.8940      2656
          3     0.9599    0.8519    0.9026      1600
          4     0.9748    0.9236    0.9485      4228
          5     1.0000    0.9990    0.9995      1020
          6     0.9914    0.8756    0.9299       394
          7     0.9987    0.9949    0.9968       783

avg / total     0.9737    0.9740    0.9735     54924


             precision    recall  f1-score   support

          0     0.9784    0.9941    0.9862     42689
          1     0.8914    0.8559    0.8733      1554
          2     0.9195    0.8641    0.8909      2656
          3     0.9531    0.8506    0.8989      1600
          4     0.9772    0.9222    0.9489      4228
          5     1.0000    0.9990    0.9995      1020
          6     0.9913    0.8706    0.9270       394
          7     0.9987    0.9936    0.9962       783

avg / total     0.9730    0.9734    0.9729     54924


             precision    recall  f1-score   support

          0     0.9786    0.9940    0.9862     42689
          1     0.8919    0.8655    0.8785      1554
          2     0.9212    0.8622    0.8907      2656
          3     0.9511    0.8512    0.8984      1600
          4     0.9777    0.9229    0.9495      4228
          5     1.0000    0.9990    0.9995      1020
          6     0.9942    0.8731    0.9297       394
          7     0.9987    0.9936    0.9962       783

avg / total     0.9733    0.9736    0.9732     54924


             precision    recall  f1-score   support

          0     0.9790    0.9939    0.9864     42689
          1     0.8855    0.8655    0.8754      1554
          2     0.9278    0.8566    0.8908      2656
          3     0.9500    0.8550    0.9000      1600
          4     0.9722    0.9274    0.9493      4228
          5     1.0000    0.9990    0.9995      1020
          6     0.9942    0.8731    0.9297       394
          7     0.9987    0.9936    0.9962       783

avg / total     0.9733    0.9737    0.9732     54924

val_acc:0.913480443892,0.91941591837,0.925642702812,0.929611825946,0.934582329141,0.937040269127,0.941628428707,0.94412278428,0.945033133447,0.949166116134,0.951023227484,0.951168881619,0.950640882184,0.952607236307,0.953553995734,0.953317306623,0.95823319065,0.956521735844,0.95870657201,0.956612769709,0.957322844621,0.967591577309,0.96877502862,0.968574751236,0.970304412745,0.969612547844,0.970486484533,0.97046827746,0.971160143095,0.971688144926,0.971451455082,0.971232973217,0.971214764299,0.973017252236,0.972944426177,0.973326772762,0.97314470245,0.97349063453,0.973454220762,0.973436013325,0.973545253889,0.973854774784,0.973253945596,0.973636291812,0.973690912278,0.973618085482,0.973964016086,0.973363186529,0.973581670977,0.973672703734
acc:0.892423652114,0.915394230063,0.921608727687,0.92704641096,0.932878570161,0.937587994075,0.942673687153,0.945544249798,0.949039904994,0.952614453138,0.952851137976,0.95550322372,0.956977952561,0.958033932135,0.959259839395,0.959484385858,0.961050147965,0.962895077072,0.962779768575,0.963641544285,0.964218084113,0.972829773731,0.976756319224,0.97713865508,0.97792760549,0.978552696561,0.978704416396,0.979086755023,0.979365923154,0.980148801668,0.980767824016,0.980974163839,0.980452244834,0.982673440618,0.982861574415,0.983165017309,0.983189293163,0.983662663559,0.983705146192,0.983662662998,0.983529148462,0.983899349121,0.983960035308,0.983917554205,0.984263477477,0.98429382322,0.984227066287,0.98427561572,0.984433406463,0.984688298982
val_loss:0.288193851322,0.257533749624,0.236337708662,0.217118156493,0.200022458403,0.191115375329,0.176753785696,0.171007486665,0.166323653358,0.157171892269,0.153749268337,0.154335663127,0.155267593195,0.148959200642,0.147981417325,0.146646481054,0.134288717584,0.138649788901,0.137048606517,0.138478654713,0.136920664932,0.110724665955,0.108519390319,0.10738984681,0.105396830873,0.106625718017,0.105245028728,0.105780047072,0.104668130596,0.105620830246,0.106625525626,0.106725494809,0.106656497003,0.102733898097,0.102642622778,0.101495732253,0.102550832734,0.102161416191,0.103103830399,0.102059242694,0.103191464022,0.102648507059,0.104585879536,0.103684805494,0.10270806566,0.103251878676,0.102987046843,0.104010164938,0.104558048618,0.104072595736
lr:0.012927,0.012927,0.012927,0.012927,0.012927,0.012927,0.012927,0.012927,0.012927,0.012927,0.012927,0.012927,0.012927,0.012927,0.012927,0.012927,0.012927,0.012927,0.012927,0.012927,0.012927,0.00258539,0.00258539,0.00258539,0.00258539,0.00258539,0.00258539,0.00258539,0.00258539,0.00258539,0.00258539,0.00258539,0.00258539,0.001,0.001,0.001,0.001,0.001,0.001,0.001,0.001,0.001,0.001,0.001,0.001,0.001,0.001,0.001,0.001,0.001
loss:0.356701230124,0.274536562037,0.248737412728,0.226375445981,0.205544477509,0.188456167991,0.173466572518,0.162950453213,0.152785352941,0.144763950213,0.140657457828,0.134262712303,0.128699845272,0.125443074913,0.121910402647,0.11960564112,0.115165483002,0.11139875356,0.110452019991,0.10839427877,0.106051840553,0.0806097706915,0.071435342052,0.0684044984282,0.0658506112564,0.0639999927938,0.0627313783111,0.0617188451658,0.0602773007314,0.0590375421276,0.05717841109,0.0568106534273,0.0567865532421,0.0516540397775,0.0504933199211,0.0495338240605,0.0496264031024,0.0479387153755,0.0484121797317,0.0481737342594,0.048071968329,0.0473479890115,0.0467305698552,0.04716708428,0.0462566314391,0.0462971581043,0.0458758703791,0.0459943256112,0.0457269603985,0.0451684480017
