
             precision    recall  f1-score   support

          0     0.9158    0.9984    0.9553     42689
          1     0.6581    0.2812    0.3940      1554
          2     0.6127    0.4206    0.4988      2656
          3     0.9428    0.4019    0.5635      1600
          4     0.9939    0.7346    0.8448      4228
          5     0.9980    1.0000    0.9990      1020
          6     0.9966    0.7487    0.8551       394
          7     1.0000    0.9847    0.9923       783

avg / total     0.9039    0.9105    0.8981     54924


             precision    recall  f1-score   support

          0     0.9217    0.9974    0.9581     42689
          1     0.5950    0.5804    0.5876      1554
          2     0.7355    0.2963    0.4224      2656
          3     0.9404    0.4537    0.6121      1600
          4     0.9905    0.7654    0.8635      4228
          5     0.9980    1.0000    0.9990      1020
          6     0.9968    0.7893    0.8810       394
          7     1.0000    0.9821    0.9910       783

avg / total     0.9124    0.9164    0.9050     54924


             precision    recall  f1-score   support

          0     0.9268    0.9963    0.9603     42689
          1     0.7162    0.3378    0.4591      1554
          2     0.6428    0.5041    0.5651      2656
          3     0.9367    0.4813    0.6358      1600
          4     0.9945    0.7744    0.8707      4228
          5     1.0000    1.0000    1.0000      1020
          6     1.0000    0.7919    0.8839       394
          7     1.0000    0.9885    0.9942       783

avg / total     0.9155    0.9202    0.9113     54924


             precision    recall  f1-score   support

          0     0.9284    0.9973    0.9616     42689
          1     0.7587    0.4331    0.5514      1554
          2     0.7007    0.4928    0.5787      2656
          3     0.9430    0.5062    0.6588      1600
          4     0.9898    0.7803    0.8726      4228
          5     0.9990    1.0000    0.9995      1020
          6     0.9969    0.8147    0.8966       394
          7     1.0000    0.9911    0.9955       783

avg / total     0.9206    0.9246    0.9165     54924


             precision    recall  f1-score   support

          0     0.9332    0.9956    0.9634     42689
          1     0.7121    0.5142    0.5972      1554
          2     0.7359    0.4804    0.5813      2656
          3     0.9032    0.5363    0.6729      1600
          4     0.9844    0.8046    0.8855      4228
          5     1.0000    1.0000    1.0000      1020
          6     1.0000    0.8147    0.8979       394
          7     1.0000    0.9898    0.9949       783

avg / total     0.9231    0.9277    0.9207     54924


             precision    recall  f1-score   support

          0     0.9381    0.9913    0.9640     42689
          1     0.6737    0.6338    0.6532      1554
          2     0.8015    0.4379    0.5664      2656
          3     0.8694    0.5869    0.7007      1600
          4     0.9557    0.8366    0.8922      4228
          5     1.0000    1.0000    1.0000      1020
          6     0.9906    0.8020    0.8864       394
          7     0.9987    0.9962    0.9974       783

avg / total     0.9258    0.9296    0.9233     54924


             precision    recall  f1-score   support

          0     0.9387    0.9943    0.9657     42689
          1     0.7753    0.5528    0.6454      1554
          2     0.7623    0.5580    0.6443      2656
          3     0.9449    0.5575    0.7013      1600
          4     0.9693    0.8217    0.8894      4228
          5     1.0000    1.0000    1.0000      1020
          6     1.0000    0.8325    0.9086       394
          7     1.0000    0.9949    0.9974       783

avg / total     0.9306    0.9337    0.9282     54924


             precision    recall  f1-score   support

          0     0.9429    0.9924    0.9670     42689
          1     0.7662    0.5547    0.6435      1554
          2     0.7490    0.5809    0.6544      2656
          3     0.9167    0.6050    0.7289      1600
          4     0.9749    0.8351    0.8996      4228
          5     1.0000    1.0000    1.0000      1020
          6     0.9939    0.8325    0.9061       394
          7     0.9974    0.9962    0.9968       783

avg / total     0.9324    0.9358    0.9312     54924


             precision    recall  f1-score   support

          0     0.9451    0.9912    0.9676     42689
          1     0.7197    0.6313    0.6726      1554
          2     0.7920    0.5535    0.6516      2656
          3     0.8681    0.6294    0.7297      1600
          4     0.9698    0.8344    0.8970      4228
          5     1.0000    0.9990    0.9995      1020
          6     0.9912    0.8528    0.9168       394
          7     0.9987    0.9949    0.9968       783

avg / total     0.9331    0.9364    0.9323     54924


             precision    recall  f1-score   support

          0     0.9480    0.9894    0.9682     42689
          1     0.7347    0.6699    0.7008      1554
          2     0.8068    0.5456    0.6509      2656
          3     0.9234    0.6250    0.7454      1600
          4     0.9317    0.8685    0.8990      4228
          5     1.0000    1.0000    1.0000      1020
          6     0.9940    0.8376    0.9091       394
          7     0.9987    0.9974    0.9981       783

avg / total     0.9352    0.9382    0.9341     54924


             precision    recall  f1-score   support

          0     0.9441    0.9937    0.9682     42689
          1     0.7910    0.5798    0.6691      1554
          2     0.7821    0.5757    0.6632      2656
          3     0.9490    0.6050    0.7389      1600
          4     0.9609    0.8543    0.9045      4228
          5     1.0000    1.0000    1.0000      1020
          6     1.0000    0.8046    0.8917       394
          7     1.0000    0.9974    0.9987       783

avg / total     0.9356    0.9385    0.9339     54924


             precision    recall  f1-score   support

          0     0.9490    0.9930    0.9705     42689
          1     0.8008    0.6441    0.7140      1554
          2     0.8066    0.6314    0.7083      2656
          3     0.9422    0.6312    0.7560      1600
          4     0.9702    0.8550    0.9090      4228
          5     1.0000    1.0000    1.0000      1020
          6     1.0000    0.8426    0.9146       394
          7     1.0000    0.9962    0.9981       783

avg / total     0.9414    0.9436    0.9401     54924


             precision    recall  f1-score   support

          0     0.9509    0.9921    0.9710     42689
          1     0.8491    0.5721    0.6836      1554
          2     0.7831    0.6389    0.7037      2656
          3     0.8798    0.7094    0.7855      1600
          4     0.9711    0.8588    0.9115      4228
          5     1.0000    1.0000    1.0000      1020
          6     0.9854    0.8553    0.9158       394
          7     1.0000    0.9962    0.9981       783

avg / total     0.9412    0.9438    0.9405     54924


             precision    recall  f1-score   support

          0     0.9539    0.9895    0.9714     42689
          1     0.8121    0.6564    0.7260      1554
          2     0.8035    0.6529    0.7204      2656
          3     0.8974    0.6831    0.7757      1600
          4     0.9575    0.8784    0.9162      4228
          5     0.9932    1.0000    0.9966      1020
          6     0.9909    0.8325    0.9048       394
          7     1.0000    0.9885    0.9942       783

avg / total     0.9429    0.9454    0.9427     54924


             precision    recall  f1-score   support

          0     0.9496    0.9929    0.9708     42689
          1     0.7842    0.6596    0.7165      1554
          2     0.8195    0.6035    0.6951      2656
          3     0.9319    0.6412    0.7597      1600
          4     0.9627    0.8605    0.9087      4228
          5     1.0000    1.0000    1.0000      1020
          6     0.9883    0.8579    0.9185       394
          7     1.0000    0.9949    0.9974       783

avg / total     0.9410    0.9434    0.9399     54924


             precision    recall  f1-score   support

          0     0.9503    0.9927    0.9710     42689
          1     0.7902    0.7027    0.7439      1554
          2     0.8306    0.6186    0.7091      2656
          3     0.9566    0.6200    0.7524      1600
          4     0.9668    0.8680    0.9148      4228
          5     1.0000    1.0000    1.0000      1020
          6     0.9970    0.8426    0.9133       394
          7     0.9974    0.9987    0.9981       783

avg / total     0.9433    0.9451    0.9417     54924


             precision    recall  f1-score   support

          0     0.9522    0.9926    0.9720     42689
          1     0.8149    0.6885    0.7464      1554
          2     0.8290    0.6480    0.7274      2656
          3     0.9330    0.6706    0.7804      1600
          4     0.9715    0.8616    0.9133      4228
          5     0.9990    1.0000    0.9995      1020
          6     0.9970    0.8376    0.9103       394
          7     1.0000    0.9962    0.9981       783

avg / total     0.9451    0.9470    0.9441     54924


             precision    recall  f1-score   support

          0     0.9556    0.9896    0.9723     42689
          1     0.8757    0.5940    0.7078      1554
          2     0.7522    0.7428    0.7475      2656
          3     0.8947    0.7013    0.7863      1600
          4     0.9849    0.8493    0.9121      4228
          5     1.0000    1.0000    1.0000      1020
          6     0.9940    0.8477    0.9151       394
          7     1.0000    0.9962    0.9981       783

avg / total     0.9457    0.9466    0.9444     54924


             precision    recall  f1-score   support

          0     0.9563    0.9895    0.9726     42689
          1     0.8155    0.6654    0.7328      1554
          2     0.7764    0.7139    0.7438      2656
          3     0.9292    0.7050    0.8017      1600
          4     0.9794    0.8567    0.9140      4228
          5     1.0000    1.0000    1.0000      1020
          6     0.9910    0.8426    0.9108       394
          7     1.0000    0.9923    0.9962       783

avg / total     0.9463    0.9477    0.9457     54924


             precision    recall  f1-score   support

          0     0.9579    0.9908    0.9741     42689
          1     0.8348    0.6731    0.7453      1554
          2     0.8149    0.6980    0.7520      2656
          3     0.8773    0.7506    0.8090      1600
          4     0.9810    0.8664    0.9201      4228
          5     1.0000    1.0000    1.0000      1020
          6     0.9940    0.8477    0.9151       394
          7     0.9987    0.9949    0.9968       783

avg / total     0.9486    0.9503    0.9483     54924


             precision    recall  f1-score   support

          0     0.9583    0.9888    0.9733     42689
          1     0.8562    0.6667    0.7496      1554
          2     0.8274    0.6894    0.7521      2656
          3     0.8394    0.7806    0.8089      1600
          4     0.9652    0.8737    0.9172      4228
          5     1.0000    0.9990    0.9995      1020
          6     0.9881    0.8401    0.9081       394
          7     0.9962    0.9974    0.9968       783

avg / total     0.9477    0.9495    0.9475     54924


             precision    recall  f1-score   support

          0     0.9610    0.9879    0.9743     42689
          1     0.7858    0.7387    0.7615      1554
          2     0.8401    0.6807    0.7521      2656
          3     0.9183    0.7238    0.8095      1600
          4     0.9398    0.8976    0.9182      4228
          5     1.0000    0.9990    0.9995      1020
          6     0.9939    0.8299    0.9046       394
          7     0.9987    0.9974    0.9981       783

avg / total     0.9488    0.9505    0.9487     54924


             precision    recall  f1-score   support

          0     0.9605    0.9906    0.9753     42689
          1     0.8328    0.6892    0.7542      1554
          2     0.8339    0.6860    0.7527      2656
          3     0.9181    0.7844    0.8460      1600
          4     0.9624    0.8900    0.9248      4228
          5     1.0000    0.9990    0.9995      1020
          6     0.9854    0.8579    0.9172       394
          7     0.9949    0.9974    0.9962       783

avg / total     0.9511    0.9529    0.9510     54924


             precision    recall  f1-score   support

          0     0.9568    0.9924    0.9743     42689
          1     0.8230    0.7059    0.7600      1554
          2     0.8481    0.6536    0.7383      2656
          3     0.9340    0.7256    0.8167      1600
          4     0.9602    0.8836    0.9203      4228
          5     0.9990    0.9990    0.9990      1020
          6     0.9940    0.8452    0.9136       394
          7     0.9974    0.9911    0.9942       783

avg / total     0.9490    0.9508    0.9484     54924


             precision    recall  f1-score   support

          0     0.9646    0.9885    0.9764     42689
          1     0.8151    0.7317    0.7711      1554
          2     0.8105    0.7229    0.7642      2656
          3     0.9093    0.7644    0.8306      1600
          4     0.9617    0.8919    0.9255      4228
          5     0.9980    1.0000    0.9990      1020
          6     0.9827    0.8629    0.9189       394
          7     1.0000    0.9949    0.9974       783

avg / total     0.9523    0.9538    0.9525     54924


             precision    recall  f1-score   support

          0     0.9620    0.9896    0.9756     42689
          1     0.8466    0.6924    0.7618      1554
          2     0.7893    0.7417    0.7648      2656
          3     0.9428    0.7319    0.8241      1600
          4     0.9677    0.8858    0.9249      4228
          5     1.0000    0.9882    0.9941      1020
          6     0.9970    0.8477    0.9163       394
          7     0.9848    0.9923    0.9885       783

avg / total     0.9515    0.9527    0.9511     54924


             precision    recall  f1-score   support

          0     0.9591    0.9914    0.9750     42689
          1     0.8097    0.7284    0.7669      1554
          2     0.8416    0.6800    0.7522      2656
          3     0.9158    0.7481    0.8235      1600
          4     0.9766    0.8787    0.9250      4228
          5     1.0000    1.0000    1.0000      1020
          6     0.9882    0.8528    0.9155       394
          7     1.0000    0.9949    0.9974       783

avg / total     0.9508    0.9524    0.9504     54924


             precision    recall  f1-score   support

          0     0.9606    0.9917    0.9759     42689
          1     0.8416    0.6737    0.7484      1554
          2     0.8303    0.6947    0.7565      2656
          3     0.9152    0.7694    0.8360      1600
          4     0.9656    0.8905    0.9265      4228
          5     0.9990    0.9980    0.9985      1020
          6     0.9913    0.8680    0.9256       394
          7     0.9974    0.9923    0.9949       783

avg / total     0.9514    0.9533    0.9513     54924


             precision    recall  f1-score   support

          0     0.9589    0.9936    0.9760     42689
          1     0.8252    0.7079    0.7620      1554
          2     0.8466    0.7063    0.7701      2656
          3     0.9588    0.7131    0.8179      1600
          4     0.9803    0.8822    0.9287      4228
          5     1.0000    1.0000    1.0000      1020
          6     0.9855    0.8604    0.9187       394
          7     1.0000    0.9987    0.9994       783

avg / total     0.9529    0.9541    0.9521     54924


             precision    recall  f1-score   support

          0     0.9627    0.9908    0.9765     42689
          1     0.7744    0.7709    0.7727      1554
          2     0.8414    0.6992    0.7637      2656
          3     0.9306    0.7462    0.8283      1600
          4     0.9738    0.8791    0.9241      4228
          5     1.0000    1.0000    1.0000      1020
          6     0.9941    0.8553    0.9195       394
          7     1.0000    0.9936    0.9968       783

avg / total     0.9529    0.9540    0.9524     54924


             precision    recall  f1-score   support

          0     0.9573    0.9928    0.9747     42689
          1     0.7732    0.7568    0.7649      1554
          2     0.8678    0.6401    0.7367      2656
          3     0.9459    0.6994    0.8042      1600
          4     0.9703    0.8817    0.9239      4228
          5     0.9980    1.0000    0.9990      1020
          6     0.9825    0.8553    0.9145       394
          7     0.9974    0.9962    0.9968       783

avg / total     0.9499    0.9512    0.9487     54924


             precision    recall  f1-score   support

          0     0.9576    0.9930    0.9750     42689
          1     0.8029    0.7471    0.7740      1554
          2     0.8706    0.6713    0.7581      2656
          3     0.9503    0.6931    0.8016      1600
          4     0.9694    0.8836    0.9245      4228
          5     0.9990    1.0000    0.9995      1020
          6     0.9941    0.8579    0.9210       394
          7     1.0000    0.9936    0.9968       783

avg / total     0.9513    0.9525    0.9503     54924


             precision    recall  f1-score   support

          0     0.9672    0.9934    0.9801     42689
          1     0.8561    0.7542    0.8019      1554
          2     0.8659    0.7756    0.8183      2656
          3     0.9606    0.7769    0.8590      1600
          4     0.9803    0.9040    0.9406      4228
          5     0.9990    1.0000    0.9995      1020
          6     0.9971    0.8579    0.9222       394
          7     1.0000    0.9923    0.9962       783

avg / total     0.9612    0.9620    0.9608     54924


             precision    recall  f1-score   support

          0     0.9681    0.9940    0.9809     42689
          1     0.8892    0.7439    0.8101      1554
          2     0.8717    0.7854    0.8263      2656
          3     0.9536    0.7969    0.8682      1600
          4     0.9780    0.9061    0.9407      4228
          5     1.0000    1.0000    1.0000      1020
          6     0.9799    0.8655    0.9191       394
          7     1.0000    0.9962    0.9981       783

avg / total     0.9627    0.9635    0.9624     54924


             precision    recall  f1-score   support

          0     0.9698    0.9935    0.9815     42689
          1     0.8705    0.7658    0.8148      1554
          2     0.8772    0.7850    0.8285      2656
          3     0.9563    0.8069    0.8753      1600
          4     0.9750    0.9130    0.9430      4228
          5     1.0000    1.0000    1.0000      1020
          6     0.9971    0.8604    0.9237       394
          7     1.0000    0.9936    0.9968       783

avg / total     0.9637    0.9645    0.9635     54924


             precision    recall  f1-score   support

          0     0.9691    0.9942    0.9815     42689
          1     0.8649    0.7664    0.8127      1554
          2     0.8760    0.7925    0.8322      2656
          3     0.9548    0.8050    0.8735      1600
          4     0.9847    0.9004    0.9407      4228
          5     1.0000    1.0000    1.0000      1020
          6     0.9970    0.8528    0.9193       394
          7     1.0000    0.9962    0.9981       783

avg / total     0.9637    0.9644    0.9634     54924


             precision    recall  f1-score   support

          0     0.9705    0.9932    0.9817     42689
          1     0.8611    0.7819    0.8196      1554
          2     0.8840    0.7918    0.8354      2656
          3     0.9591    0.8056    0.8757      1600
          4     0.9735    0.9123    0.9419      4228
          5     1.0000    1.0000    1.0000      1020
          6     0.9941    0.8553    0.9195       394
          7     1.0000    0.9962    0.9981       783

avg / total     0.9643    0.9650    0.9640     54924


             precision    recall  f1-score   support

          0     0.9724    0.9923    0.9823     42689
          1     0.8727    0.7722    0.8194      1554
          2     0.8736    0.8042    0.8375      2656
          3     0.9321    0.8325    0.8795      1600
          4     0.9753    0.9158    0.9446      4228
          5     0.9990    1.0000    0.9995      1020
          6     0.9912    0.8579    0.9197       394
          7     1.0000    0.9949    0.9974       783

avg / total     0.9649    0.9657    0.9649     54924


             precision    recall  f1-score   support

          0     0.9707    0.9939    0.9822     42689
          1     0.8603    0.7767    0.8164      1554
          2     0.8818    0.7948    0.8360      2656
          3     0.9567    0.8150    0.8802      1600
          4     0.9813    0.9082    0.9434      4228
          5     1.0000    1.0000    1.0000      1020
          6     0.9942    0.8629    0.9239       394
          7     1.0000    0.9949    0.9974       783

avg / total     0.9648    0.9655    0.9646     54924


             precision    recall  f1-score   support

          0     0.9707    0.9941    0.9823     42689
          1     0.8754    0.7683    0.8184      1554
          2     0.8754    0.8016    0.8369      2656
          3     0.9678    0.8081    0.8808      1600
          4     0.9802    0.9113    0.9445      4228
          5     1.0000    1.0000    1.0000      1020
          6     0.9942    0.8655    0.9254       394
          7     1.0000    0.9962    0.9981       783

avg / total     0.9652    0.9659    0.9649     54924


             precision    recall  f1-score   support

          0     0.9716    0.9934    0.9824     42689
          1     0.8712    0.7793    0.8227      1554
          2     0.8722    0.8069    0.8383      2656
          3     0.9647    0.8025    0.8762      1600
          4     0.9793    0.9170    0.9471      4228
          5     1.0000    1.0000    1.0000      1020
          6     0.9971    0.8629    0.9252       394
          7     1.0000    0.9949    0.9974       783

avg / total     0.9655    0.9661    0.9652     54924


             precision    recall  f1-score   support

          0     0.9719    0.9935    0.9826     42689
          1     0.8723    0.7780    0.8224      1554
          2     0.8805    0.7993    0.8380      2656
          3     0.9474    0.8331    0.8866      1600
          4     0.9797    0.9123    0.9448      4228
          5     1.0000    0.9990    0.9995      1020
          6     0.9971    0.8655    0.9266       394
          7     0.9987    0.9974    0.9981       783

avg / total     0.9656    0.9664    0.9655     54924


             precision    recall  f1-score   support

          0     0.9728    0.9929    0.9827     42689
          1     0.8749    0.7741    0.8214      1554
          2     0.8754    0.8148    0.8440      2656
          3     0.9541    0.8306    0.8881      1600
          4     0.9758    0.9165    0.9452      4228
          5     1.0000    0.9980    0.9990      1020
          6     0.9971    0.8629    0.9252       394
          7     0.9962    0.9974    0.9968       783

avg / total     0.9660    0.9667    0.9659     54924


             precision    recall  f1-score   support

          0     0.9723    0.9933    0.9827     42689
          1     0.8694    0.7799    0.8223      1554
          2     0.8712    0.8072    0.8380      2656
          3     0.9601    0.8263    0.8881      1600
          4     0.9823    0.9165    0.9482      4228
          5     1.0000    1.0000    1.0000      1020
          6     0.9970    0.8503    0.9178       394
          7     1.0000    0.9962    0.9981       783

avg / total     0.9660    0.9666    0.9658     54924


             precision    recall  f1-score   support

          0     0.9705    0.9945    0.9824     42689
          1     0.8799    0.7870    0.8308      1554
          2     0.8858    0.7884    0.8343      2656
          3     0.9729    0.8069    0.8821      1600
          4     0.9785    0.9163    0.9464      4228
          5     1.0000    0.9990    0.9995      1020
          6     0.9971    0.8604    0.9237       394
          7     0.9987    0.9962    0.9974       783

avg / total     0.9657    0.9663    0.9653     54924


             precision    recall  f1-score   support

          0     0.9715    0.9945    0.9829     42689
          1     0.8776    0.7748    0.8230      1554
          2     0.8805    0.8046    0.8408      2656
          3     0.9727    0.8225    0.8913      1600
          4     0.9822    0.9139    0.9468      4228
          5     1.0000    1.0000    1.0000      1020
          6     0.9971    0.8604    0.9237       394
          7     1.0000    0.9962    0.9981       783

avg / total     0.9664    0.9670    0.9662     54924


             precision    recall  f1-score   support

          0     0.9728    0.9935    0.9831     42689
          1     0.8649    0.7954    0.8287      1554
          2     0.8836    0.8114    0.8459      2656
          3     0.9633    0.8194    0.8855      1600
          4     0.9803    0.9179    0.9481      4228
          5     1.0000    0.9990    0.9995      1020
          6     0.9971    0.8604    0.9237       394
          7     0.9987    0.9962    0.9974       783

avg / total     0.9668    0.9674    0.9666     54924


             precision    recall  f1-score   support

          0     0.9746    0.9932    0.9838     42689
          1     0.8752    0.7941    0.8327      1554
          2     0.8758    0.8257    0.8500      2656
          3     0.9565    0.8387    0.8938      1600
          4     0.9816    0.9193    0.9494      4228
          5     1.0000    1.0000    1.0000      1020
          6     0.9971    0.8655    0.9266       394
          7     1.0000    0.9962    0.9981       783

avg / total     0.9680    0.9685    0.9679     54924


             precision    recall  f1-score   support

          0     0.9735    0.9937    0.9835     42689
          1     0.8701    0.8018    0.8346      1554
          2     0.8806    0.8219    0.8502      2656
          3     0.9693    0.8281    0.8932      1600
          4     0.9832    0.9139    0.9473      4228
          5     1.0000    1.0000    1.0000      1020
          6     0.9971    0.8604    0.9237       394
          7     1.0000    0.9962    0.9981       783

avg / total     0.9677    0.9682    0.9675     54924


             precision    recall  f1-score   support

          0     0.9741    0.9938    0.9839     42689
          1     0.8759    0.7902    0.8309      1554
          2     0.8741    0.8261    0.8494      2656
          3     0.9640    0.8356    0.8952      1600
          4     0.9850    0.9151    0.9487      4228
          5     1.0000    1.0000    1.0000      1020
          6     0.9971    0.8680    0.9281       394
          7     1.0000    0.9974    0.9987       783

avg / total     0.9681    0.9686    0.9679     54924

val_acc:0.910530915121,0.916375345959,0.920235232167,0.924586694596,0.927700092128,0.929611823784,0.933653773718,0.935765785419,0.936439443686,0.93818731347,0.938515040617,0.943558374212,0.943849686971,0.945379071451,0.943430927591,0.945069554702,0.946963079398,0.94658073349,0.947654947624,0.950313167925,0.949548467602,0.950531648991,0.952916763957,0.950804755256,0.953808907527,0.952661866866,0.952370557896,0.95328090162,0.954136630867,0.95397277028,0.951150687643,0.9525344189,0.962038456782,0.96354963557,0.964496394051,0.964387155675,0.964987983469,0.965679850428,0.965515986438,0.965861922198,0.966098611123,0.966353507827,0.966681229001,0.966626611491,0.966335303403,0.967045373037,0.967391305008,0.968538341879,0.968210616885,0.968556554378
acc:0.884230713889,0.912535805164,0.917548669576,0.920716604177,0.925001207689,0.928235904594,0.930523860606,0.934001309846,0.935639897478,0.938364811101,0.93917196941,0.941423511383,0.942248876294,0.944743169965,0.944888824157,0.945465365449,0.946642721247,0.948208485207,0.948997432375,0.949410114186,0.949938102339,0.950672433959,0.950896981975,0.952323159989,0.952256403001,0.952747978669,0.952911837345,0.953694719168,0.954659663486,0.955266548108,0.954890281302,0.955072346596,0.963332042084,0.966943002531,0.968442004549,0.968854688647,0.96926129964,0.97017769537,0.970274796976,0.970887749332,0.970675340152,0.97133684435,0.971864832468,0.972204688475,0.971834489268,0.972380684621,0.972095448635,0.974170992075,0.974747533615,0.975069181502
val_loss:0.285188729212,0.2659769629,0.245200074563,0.234061820279,0.218775033307,0.20926799696,0.197961751122,0.191827230008,0.187123906295,0.182169428418,0.183298810828,0.171683074217,0.169685763858,0.165540073267,0.171021906064,0.16746275671,0.163112506645,0.16298578386,0.161295236,0.152695037822,0.155733016806,0.152015846034,0.146963496402,0.153088521318,0.145674390053,0.14685941758,0.145987436752,0.14262805224,0.143088113725,0.144952751415,0.151251732024,0.147997722275,0.121158004486,0.118507617888,0.117311425833,0.117205453269,0.114671573223,0.113932212719,0.115008830625,0.11515085466,0.114340391199,0.11330197988,0.112714546258,0.113075544709,0.11549242313,0.113843566071,0.113133643033,0.109728628993,0.11033424587,0.109718915199
lr:0.0274834,0.0274834,0.0274834,0.0274834,0.0274834,0.0274834,0.0274834,0.0274834,0.0274834,0.0274834,0.0274834,0.0274834,0.0274834,0.0274834,0.0274834,0.0274834,0.0274834,0.0274834,0.0274834,0.0274834,0.0274834,0.0274834,0.0274834,0.0274834,0.0274834,0.0274834,0.0274834,0.0274834,0.0274834,0.0274834,0.0274834,0.0274834,0.00549668,0.00549668,0.00549668,0.00549668,0.00549668,0.00549668,0.00549668,0.00549668,0.00549668,0.00549668,0.00549668,0.00549668,0.00549668,0.00549668,0.00549668,0.00109934,0.00109934,0.00109934
loss:0.387075599765,0.283632637578,0.262450137884,0.246312437934,0.230671182731,0.219371946906,0.209059175784,0.198347270793,0.191811347249,0.185128057596,0.180131485491,0.174675984494,0.169730804006,0.16371095098,0.162763957672,0.160515202154,0.15785218325,0.151036746693,0.15072317226,0.149303241305,0.146960242309,0.145668290674,0.14399195236,0.140051737263,0.139143381874,0.13762048324,0.137565048954,0.136399995746,0.133217002279,0.131077464766,0.13070315453,0.131987933056,0.108515200244,0.0992380230563,0.0936657912111,0.0915773804529,0.090174338676,0.0881606852048,0.0871106679968,0.0854530208644,0.0858525679184,0.0837406501713,0.0823612360707,0.082101980078,0.0813179035225,0.0804512730886,0.0804896965564,0.0760236344991,0.0746982032988,0.0735489903022
