
             precision    recall  f1-score   support

          0     0.9186    0.9975    0.9564     42689
          1     0.5501    0.5335    0.5417      1554
          2     0.6785    0.2733    0.3897      2656
          3     0.9277    0.4088    0.5675      1600
          4     0.9900    0.7474    0.8518      4228
          5     0.9971    1.0000    0.9985      1020
          6     0.9966    0.7538    0.8584       394
          7     0.9974    0.9834    0.9904       783

avg / total     0.9054    0.9110    0.8984     54924


             precision    recall  f1-score   support

          0     0.9206    0.9982    0.9579     42689
          1     0.6619    0.4775    0.5548      1554
          2     0.7126    0.3761    0.4924      2656
          3     0.9350    0.4494    0.6070      1600
          4     0.9929    0.7602    0.8611      4228
          5     0.9990    1.0000    0.9995      1020
          6     0.9968    0.7944    0.8842       394
          7     1.0000    0.9885    0.9942       783

avg / total     0.9124    0.9175    0.9070     54924


             precision    recall  f1-score   support

          0     0.9276    0.9959    0.9605     42689
          1     0.6610    0.4781    0.5549      1554
          2     0.6980    0.4367    0.5373      2656
          3     0.9193    0.4769    0.6280      1600
          4     0.9841    0.7770    0.8684      4228
          5     0.9990    1.0000    0.9995      1020
          6     0.9912    0.8528    0.9168       394
          7     0.9987    0.9936    0.9962       783

avg / total     0.9158    0.9212    0.9127     54924


             precision    recall  f1-score   support

          0     0.9312    0.9959    0.9624     42689
          1     0.6784    0.5972    0.6352      1554
          2     0.7766    0.4567    0.5752      2656
          3     0.9214    0.5131    0.6592      1600
          4     0.9907    0.7772    0.8710      4228
          5     1.0000    1.0000    1.0000      1020
          6     0.9970    0.8299    0.9058       394
          7     0.9987    0.9962    0.9974       783

avg / total     0.9235    0.9265    0.9194     54924


             precision    recall  f1-score   support

          0     0.9379    0.9931    0.9647     42689
          1     0.7105    0.6017    0.6516      1554
          2     0.7515    0.5489    0.6345      2656
          3     0.9827    0.4969    0.6600      1600
          4     0.9709    0.8117    0.8842      4228
          5     0.9990    1.0000    0.9995      1020
          6     0.9939    0.8223    0.9000       394
          7     1.0000    0.9898    0.9949       783

avg / total     0.9287    0.9310    0.9254     54924


             precision    recall  f1-score   support

          0     0.9440    0.9869    0.9650     42689
          1     0.7377    0.6190    0.6732      1554
          2     0.7466    0.5911    0.6598      2656
          3     0.9106    0.5663    0.6983      1600
          4     0.9356    0.8318    0.8807      4228
          5     1.0000    0.9990    0.9995      1020
          6     0.9852    0.8426    0.9083       394
          7     0.9974    0.9949    0.9962       783

avg / total     0.9291    0.9324    0.9284     54924


             precision    recall  f1-score   support

          0     0.9452    0.9905    0.9673     42689
          1     0.7988    0.6133    0.6938      1554
          2     0.7951    0.6092    0.6898      2656
          3     0.8778    0.6062    0.7172      1600
          4     0.9547    0.8380    0.8926      4228
          5     0.9990    1.0000    0.9995      1020
          6     0.9711    0.8528    0.9081       394
          7     1.0000    0.9923    0.9962       783

avg / total     0.9345    0.9377    0.9337     54924


             precision    recall  f1-score   support

          0     0.9522    0.9861    0.9689     42689
          1     0.7302    0.7104    0.7202      1554
          2     0.7902    0.6352    0.7042      2656
          3     0.9026    0.6081    0.7267      1600
          4     0.9373    0.8524    0.8929      4228
          5     0.9990    1.0000    0.9995      1020
          6     0.9741    0.8579    0.9123       394
          7     0.9974    0.9949    0.9962       783

avg / total     0.9372    0.9395    0.9367     54924


             precision    recall  f1-score   support

          0     0.9625    0.9799    0.9711     42689
          1     0.7999    0.6866    0.7389      1554
          2     0.7590    0.7564    0.7577      2656
          3     0.8728    0.7119    0.7842      1600
          4     0.9199    0.8746    0.8967      4228
          5     1.0000    1.0000    1.0000      1020
          6     0.9829    0.8756    0.9262       394
          7     0.9974    0.9974    0.9974       783

avg / total     0.9435    0.9448    0.9436     54924


             precision    recall  f1-score   support

          0     0.9571    0.9862    0.9714     42689
          1     0.8157    0.6834    0.7437      1554
          2     0.7557    0.7816    0.7685      2656
          3     0.9170    0.6419    0.7551      1600
          4     0.9763    0.8394    0.9027      4228
          5     0.9990    1.0000    0.9995      1020
          6     0.9939    0.8299    0.9046       394
          7     0.9987    0.9962    0.9974       783

avg / total     0.9453    0.9457    0.9440     54924


             precision    recall  f1-score   support

          0     0.9618    0.9874    0.9744     42689
          1     0.8265    0.7297    0.7751      1554
          2     0.8112    0.7636    0.7867      2656
          3     0.8988    0.7163    0.7972      1600
          4     0.9610    0.8621    0.9089      4228
          5     1.0000    1.0000    1.0000      1020
          6     0.9582    0.8731    0.9137       394
          7     1.0000    0.9962    0.9981       783

avg / total     0.9500    0.9513    0.9499     54924


             precision    recall  f1-score   support

          0     0.9607    0.9885    0.9744     42689
          1     0.8504    0.7021    0.7691      1554
          2     0.8084    0.7801    0.7940      2656
          3     0.9285    0.7063    0.8023      1600
          4     0.9580    0.8623    0.9076      4228
          5     0.9990    1.0000    0.9995      1020
          6     0.9910    0.8401    0.9093       394
          7     1.0000    0.9936    0.9968       783

avg / total     0.9506    0.9516    0.9500     54924


             precision    recall  f1-score   support

          0     0.9612    0.9919    0.9763     42689
          1     0.8341    0.7439    0.7864      1554
          2     0.8582    0.7338    0.7912      2656
          3     0.9323    0.7144    0.8089      1600
          4     0.9681    0.8827    0.9234      4228
          5     1.0000    1.0000    1.0000      1020
          6     0.9940    0.8401    0.9106       394
          7     1.0000    0.9962    0.9981       783

avg / total     0.9538    0.9550    0.9533     54924


             precision    recall  f1-score   support

          0     0.9664    0.9840    0.9751     42689
          1     0.8496    0.7272    0.7836      1554
          2     0.8239    0.7925    0.8079      2656
          3     0.8332    0.7806    0.8061      1600
          4     0.9494    0.8829    0.9150      4228
          5     1.0000    1.0000    1.0000      1020
          6     0.9881    0.8452    0.9111       394
          7     1.0000    1.0000    1.0000       783

avg / total     0.9523    0.9533    0.9524     54924


             precision    recall  f1-score   support

          0     0.9695    0.9845    0.9769     42689
          1     0.8223    0.7625    0.7913      1554
          2     0.8018    0.8133    0.8075      2656
          3     0.8940    0.7800    0.8331      1600
          4     0.9564    0.8827    0.9181      4228
          5     1.0000    1.0000    1.0000      1020
          6     0.9794    0.8452    0.9074       394
          7     1.0000    0.9974    0.9987       783

avg / total     0.9551    0.9556    0.9550     54924


             precision    recall  f1-score   support

          0     0.9681    0.9867    0.9773     42689
          1     0.8243    0.7606    0.7912      1554
          2     0.8393    0.7884    0.8130      2656
          3     0.8926    0.7738    0.8289      1600
          4     0.9482    0.8874    0.9168      4228
          5     1.0000    1.0000    1.0000      1020
          6     0.9911    0.8477    0.9138       394
          7     1.0000    0.9987    0.9994       783

avg / total     0.9553    0.9563    0.9554     54924


             precision    recall  f1-score   support

          0     0.9663    0.9899    0.9780     42689
          1     0.8190    0.8005    0.8096      1554
          2     0.8728    0.7933    0.8312      2656
          3     0.8984    0.7738    0.8314      1600
          4     0.9717    0.8623    0.9138      4228
          5     0.9990    1.0000    0.9995      1020
          6     0.9910    0.8376    0.9078       394
          7     1.0000    0.9949    0.9974       783

avg / total     0.9573    0.9581    0.9571     54924


             precision    recall  f1-score   support

          0     0.9665    0.9907    0.9784     42689
          1     0.8341    0.7928    0.8129      1554
          2     0.8885    0.7681    0.8239      2656
          3     0.8804    0.7819    0.8282      1600
          4     0.9758    0.8872    0.9294      4228
          5     0.9990    1.0000    0.9995      1020
          6     0.9939    0.8274    0.9030       394
          7     1.0000    0.9949    0.9974       783

avg / total     0.9585    0.9593    0.9583     54924


             precision    recall  f1-score   support

          0     0.9640    0.9920    0.9778     42689
          1     0.8137    0.8237    0.8187      1554
          2     0.9051    0.7252    0.8052      2656
          3     0.9415    0.7338    0.8247      1600
          4     0.9611    0.8877    0.9229      4228
          5     1.0000    1.0000    1.0000      1020
          6     0.9853    0.8503    0.9128       394
          7     1.0000    0.9962    0.9981       783

avg / total     0.9573    0.9580    0.9565     54924


             precision    recall  f1-score   support

          0     0.9693    0.9895    0.9793     42689
          1     0.8596    0.7645    0.8093      1554
          2     0.8519    0.8053    0.8279      2656
          3     0.9534    0.7794    0.8576      1600
          4     0.9529    0.8997    0.9255      4228
          5     1.0000    1.0000    1.0000      1020
          6     0.9545    0.8528    0.9008       394
          7     1.0000    0.9987    0.9994       783

avg / total     0.9597    0.9605    0.9596     54924


             precision    recall  f1-score   support

          0     0.9723    0.9849    0.9786     42689
          1     0.7837    0.8275    0.8050      1554
          2     0.8479    0.8057    0.8263      2656
          3     0.9437    0.7550    0.8389      1600
          4     0.9389    0.9087    0.9236      4228
          5     1.0000    1.0000    1.0000      1020
          6     0.9854    0.8553    0.9158       394
          7     1.0000    0.9987    0.9994       783

avg / total     0.9585    0.9588    0.9582     54924


             precision    recall  f1-score   support

          0     0.9683    0.9918    0.9799     42689
          1     0.8601    0.7793    0.8177      1554
          2     0.8834    0.7903    0.8343      2656
          3     0.9409    0.7756    0.8503      1600
          4     0.9598    0.8988    0.9283      4228
          5     1.0000    1.0000    1.0000      1020
          6     0.9794    0.8426    0.9059       394
          7     1.0000    0.9974    0.9987       783

avg / total     0.9608    0.9617    0.9606     54924


             precision    recall  f1-score   support

          0     0.9687    0.9922    0.9803     42689
          1     0.8825    0.7735    0.8244      1554
          2     0.8858    0.8061    0.8441      2656
          3     0.9214    0.7981    0.8553      1600
          4     0.9669    0.8907    0.9272      4228
          5     1.0000    1.0000    1.0000      1020
          6     0.9852    0.8426    0.9083       394
          7     0.9962    0.9962    0.9962       783

avg / total     0.9618    0.9626    0.9616     54924


             precision    recall  f1-score   support

          0     0.9748    0.9853    0.9800     42689
          1     0.8282    0.8192    0.8237      1554
          2     0.8728    0.8061    0.8381      2656
          3     0.8766    0.8387    0.8572      1600
          4     0.9408    0.9137    0.9270      4228
          5     0.9990    1.0000    0.9995      1020
          6     0.9826    0.8579    0.9160       394
          7     1.0000    0.9987    0.9994       783

avg / total     0.9611    0.9617    0.9613     54924


             precision    recall  f1-score   support

          0     0.9731    0.9864    0.9797     42689
          1     0.8192    0.8366    0.8278      1554
          2     0.8530    0.8261    0.8393      2656
          3     0.9173    0.8037    0.8568      1600
          4     0.9615    0.8990    0.9292      4228
          5     1.0000    1.0000    1.0000      1020
          6     0.9941    0.8503    0.9166       394
          7     1.0000    0.9974    0.9987       783

avg / total     0.9614    0.9618    0.9613     54924


             precision    recall  f1-score   support

          0     0.9719    0.9903    0.9810     42689
          1     0.8748    0.7825    0.8261      1554
          2     0.8631    0.8358    0.8493      2656
          3     0.9275    0.7994    0.8587      1600
          4     0.9655    0.9007    0.9320      4228
          5     1.0000    1.0000    1.0000      1020
          6     0.9797    0.8553    0.9133       394
          7     1.0000    0.9962    0.9981       783

avg / total     0.9631    0.9637    0.9630     54924


             precision    recall  f1-score   support

          0     0.9700    0.9910    0.9804     42689
          1     0.8543    0.8037    0.8282      1554
          2     0.8947    0.8027    0.8462      2656
          3     0.9262    0.8000    0.8585      1600
          4     0.9637    0.8971    0.9292      4228
          5     1.0000    1.0000    1.0000      1020
          6     0.9713    0.8579    0.9111       394
          7     1.0000    0.9974    0.9987       783

avg / total     0.9623    0.9631    0.9622     54924


             precision    recall  f1-score   support

          0     0.9723    0.9917    0.9819     42689
          1     0.8347    0.8224    0.8285      1554
          2     0.8882    0.8080    0.8462      2656
          3     0.9357    0.8006    0.8629      1600
          4     0.9730    0.9033    0.9368      4228
          5     1.0000    1.0000    1.0000      1020
          6     0.9826    0.8579    0.9160       394
          7     1.0000    0.9962    0.9981       783

avg / total     0.9643    0.9649    0.9641     54924


             precision    recall  f1-score   support

          0     0.9708    0.9907    0.9807     42689
          1     0.8021    0.8320    0.8168      1554
          2     0.8916    0.7831    0.8338      2656
          3     0.9320    0.8144    0.8692      1600
          4     0.9720    0.8947    0.9318      4228
          5     1.0000    1.0000    1.0000      1020
          6     0.9939    0.8299    0.9046       394
          7     1.0000    0.9936    0.9968       783

avg / total     0.9623    0.9627    0.9620     54924


             precision    recall  f1-score   support

          0     0.9735    0.9899    0.9816     42689
          1     0.8694    0.7928    0.8294      1554
          2     0.8553    0.8543    0.8548      2656
          3     0.9508    0.7969    0.8671      1600
          4     0.9666    0.9044    0.9345      4228
          5     1.0000    1.0000    1.0000      1020
          6     0.9717    0.8706    0.9183       394
          7     1.0000    0.9936    0.9968       783

avg / total     0.9645    0.9649    0.9643     54924


             precision    recall  f1-score   support

          0     0.9732    0.9884    0.9808     42689
          1     0.8582    0.7870    0.8211      1554
          2     0.8458    0.8404    0.8431      2656
          3     0.9197    0.7944    0.8524      1600
          4     0.9655    0.9078    0.9358      4228
          5     1.0000    1.0000    1.0000      1020
          6     0.9514    0.8452    0.8952       394
          7     1.0000    0.9949    0.9974       783

avg / total     0.9624    0.9630    0.9624     54924


             precision    recall  f1-score   support

          0     0.9741    0.9887    0.9813     42689
          1     0.8575    0.8172    0.8369      1554
          2     0.8804    0.8317    0.8554      2656
          3     0.8805    0.8431    0.8614      1600
          4     0.9729    0.9016    0.9359      4228
          5     1.0000    1.0000    1.0000      1020
          6     0.9520    0.8553    0.9011       394
          7     1.0000    0.9974    0.9987       783

avg / total     0.9641    0.9647    0.9642     54924


             precision    recall  f1-score   support

          0     0.9740    0.9906    0.9822     42689
          1     0.8525    0.8108    0.8311      1554
          2     0.8816    0.8298    0.8549      2656
          3     0.9236    0.8231    0.8705      1600
          4     0.9714    0.9082    0.9388      4228
          5     1.0000    0.9990    0.9995      1020
          6     0.9683    0.8528    0.9069       394
          7     0.9987    0.9974    0.9981       783

avg / total     0.9652    0.9658    0.9652     54924


             precision    recall  f1-score   support

          0     0.9705    0.9925    0.9814     42689
          1     0.8483    0.8243    0.8362      1554
          2     0.8956    0.7982    0.8441      2656
          3     0.9440    0.7906    0.8605      1600
          4     0.9777    0.9035    0.9392      4228
          5     1.0000    1.0000    1.0000      1020
          6     0.9768    0.8553    0.9120       394
          7     1.0000    0.9936    0.9968       783

avg / total     0.9642    0.9648    0.9639     54924


             precision    recall  f1-score   support

          0     0.9731    0.9907    0.9818     42689
          1     0.8478    0.8282    0.8379      1554
          2     0.8889    0.8283    0.8575      2656
          3     0.9167    0.8325    0.8726      1600
          4     0.9783    0.8974    0.9361      4228
          5     1.0000    0.9980    0.9990      1020
          6     0.9824    0.8503    0.9116       394
          7     0.9974    0.9936    0.9955       783

avg / total     0.9651    0.9656    0.9650     54924


             precision    recall  f1-score   support

          0     0.9718    0.9916    0.9816     42689
          1     0.8224    0.8494    0.8357      1554
          2     0.9103    0.7722    0.8356      2656
          3     0.9311    0.8187    0.8713      1600
          4     0.9672    0.9063    0.9358      4228
          5     1.0000    1.0000    1.0000      1020
          6     0.9912    0.8528    0.9168       394
          7     1.0000    0.9949    0.9974       783

avg / total     0.9641    0.9646    0.9638     54924


             precision    recall  f1-score   support

          0     0.9737    0.9904    0.9820     42689
          1     0.8519    0.8256    0.8386      1554
          2     0.8812    0.8291    0.8543      2656
          3     0.9263    0.8250    0.8727      1600
          4     0.9738    0.9049    0.9381      4228
          5     1.0000    1.0000    1.0000      1020
          6     0.9738    0.8503    0.9079       394
          7     1.0000    0.9974    0.9987       783

avg / total     0.9653    0.9658    0.9652     54924


             precision    recall  f1-score   support

          0     0.9777    0.9929    0.9853     42689
          1     0.8799    0.8488    0.8641      1554
          2     0.9054    0.8535    0.8787      2656
          3     0.9530    0.8500    0.8986      1600
          4     0.9757    0.9224    0.9483      4228
          5     1.0000    1.0000    1.0000      1020
          6     0.9883    0.8579    0.9185       394
          7     1.0000    0.9974    0.9987       783

avg / total     0.9714    0.9718    0.9713     54924


             precision    recall  f1-score   support

          0     0.9772    0.9936    0.9853     42689
          1     0.8773    0.8604    0.8687      1554
          2     0.9199    0.8513    0.8842      2656
          3     0.9500    0.8431    0.8934      1600
          4     0.9791    0.9198    0.9485      4228
          5     1.0000    1.0000    1.0000      1020
          6     0.9826    0.8579    0.9160       394
          7     1.0000    0.9974    0.9987       783

avg / total     0.9717    0.9721    0.9716     54924


             precision    recall  f1-score   support

          0     0.9779    0.9936    0.9857     42689
          1     0.8807    0.8552    0.8678      1554
          2     0.9109    0.8588    0.8841      2656
          3     0.9573    0.8406    0.8952      1600
          4     0.9797    0.9234    0.9507      4228
          5     1.0000    1.0000    1.0000      1020
          6     0.9826    0.8579    0.9160       394
          7     1.0000    0.9974    0.9987       783

avg / total     0.9722    0.9725    0.9721     54924


             precision    recall  f1-score   support

          0     0.9788    0.9926    0.9857     42689
          1     0.8837    0.8507    0.8669      1554
          2     0.9062    0.8769    0.8913      2656
          3     0.9483    0.8481    0.8954      1600
          4     0.9774    0.9219    0.9489      4228
          5     1.0000    1.0000    1.0000      1020
          6     0.9826    0.8579    0.9160       394
          7     1.0000    0.9974    0.9987       783

avg / total     0.9723    0.9726    0.9722     54924


             precision    recall  f1-score   support

          0     0.9772    0.9939    0.9855     42689
          1     0.8938    0.8501    0.8714      1554
          2     0.9097    0.8690    0.8889      2656
          3     0.9635    0.8413    0.8982      1600
          4     0.9808    0.9160    0.9473      4228
          5     1.0000    1.0000    1.0000      1020
          6     0.9854    0.8579    0.9172       394
          7     1.0000    0.9974    0.9987       783

avg / total     0.9722    0.9725    0.9721     54924


             precision    recall  f1-score   support

          0     0.9784    0.9930    0.9857     42689
          1     0.8813    0.8649    0.8730      1554
          2     0.9174    0.8614    0.8885      2656
          3     0.9506    0.8544    0.8999      1600
          4     0.9767    0.9224    0.9488      4228
          5     1.0000    1.0000    1.0000      1020
          6     0.9826    0.8604    0.9175       394
          7     1.0000    0.9974    0.9987       783

avg / total     0.9725    0.9728    0.9724     54924


             precision    recall  f1-score   support

          0     0.9786    0.9931    0.9858     42689
          1     0.8820    0.8565    0.8691      1554
          2     0.9111    0.8641    0.8870      2656
          3     0.9482    0.8588    0.9013      1600
          4     0.9779    0.9210    0.9486      4228
          5     1.0000    1.0000    1.0000      1020
          6     0.9854    0.8553    0.9158       394
          7     1.0000    0.9974    0.9987       783

avg / total     0.9724    0.9728    0.9724     54924


             precision    recall  f1-score   support

          0     0.9784    0.9934    0.9858     42689
          1     0.8757    0.8616    0.8686      1554
          2     0.9117    0.8705    0.8906      2656
          3     0.9618    0.8344    0.8936      1600
          4     0.9794    0.9231    0.9504      4228
          5     1.0000    1.0000    1.0000      1020
          6     0.9882    0.8528    0.9155       394
          7     1.0000    0.9962    0.9981       783

avg / total     0.9726    0.9729    0.9724     54924


             precision    recall  f1-score   support

          0     0.9790    0.9938    0.9863     42689
          1     0.8802    0.8655    0.8728      1554
          2     0.9163    0.8735    0.8944      2656
          3     0.9571    0.8512    0.9011      1600
          4     0.9836    0.9231    0.9524      4228
          5     1.0000    1.0000    1.0000      1020
          6     0.9882    0.8528    0.9155       394
          7     1.0000    0.9974    0.9987       783

avg / total     0.9737    0.9739    0.9735     54924


             precision    recall  f1-score   support

          0     0.9788    0.9937    0.9862     42689
          1     0.8826    0.8662    0.8743      1554
          2     0.9210    0.8648    0.8920      2656
          3     0.9670    0.8419    0.9001      1600
          4     0.9740    0.9286    0.9507      4228
          5     1.0000    1.0000    1.0000      1020
          6     0.9883    0.8553    0.9170       394
          7     1.0000    0.9974    0.9987       783

avg / total     0.9734    0.9736    0.9732     54924


             precision    recall  f1-score   support

          0     0.9791    0.9939    0.9865     42689
          1     0.8883    0.8546    0.8711      1554
          2     0.9129    0.8758    0.8939      2656
          3     0.9656    0.8413    0.8991      1600
          4     0.9786    0.9283    0.9528      4228
          5     1.0000    1.0000    1.0000      1020
          6     0.9854    0.8553    0.9158       394
          7     1.0000    0.9974    0.9987       783

avg / total     0.9737    0.9739    0.9735     54924


             precision    recall  f1-score   support

          0     0.9787    0.9944    0.9865     42689
          1     0.8843    0.8604    0.8721      1554
          2     0.9252    0.8611    0.8920      2656
          3     0.9598    0.8500    0.9016      1600
          4     0.9790    0.9281    0.9529      4228
          5     1.0000    1.0000    1.0000      1020
          6     0.9884    0.8629    0.9214       394
          7     1.0000    0.9974    0.9987       783

avg / total     0.9737    0.9740    0.9736     54924


             precision    recall  f1-score   support

          0     0.9796    0.9937    0.9866     42689
          1     0.8874    0.8668    0.8770      1554
          2     0.9136    0.8754    0.8941      2656
          3     0.9610    0.8475    0.9007      1600
          4     0.9798    0.9281    0.9532      4228
          5     1.0000    1.0000    1.0000      1020
          6     0.9883    0.8579    0.9185       394
          7     1.0000    0.9974    0.9987       783

avg / total     0.9740    0.9742    0.9739     54924

val_acc:0.911040717333,0.917522399869,0.9212184162,0.92653485249,0.930995556877,0.932433908908,0.93765931423,0.939461800022,0.944778240506,0.945688586139,0.951259916751,0.951569436483,0.955028762769,0.953317308246,0.95559317862,0.956321457223,0.958051119617,0.959343814371,0.957978292326,0.960545478155,0.958779397322,0.961728927179,0.962639276706,0.961710721704,0.961765341723,0.963749904129,0.963076243748,0.96487873583,0.96271210819,0.964915148876,0.962967002811,0.964660253657,0.965807291132,0.964787700667,0.965607014733,0.964605630942,0.965789082961,0.971760972061,0.972070488498,0.972525664909,0.972616698874,0.972525663711,0.972816974074,0.972762354654,0.972853386821,0.973891186355,0.973636292333,0.973927600899,0.974018635762,0.97423712123
acc:0.88230082557,0.913622135542,0.91885954602,0.923332285177,0.929176580152,0.933006021504,0.937515172217,0.942613000675,0.947079668715,0.949561827862,0.953045342257,0.955921973978,0.957560561931,0.958938191231,0.96097125459,0.961766272287,0.962882937445,0.964521524761,0.965079860507,0.966633483652,0.966651690691,0.967562017212,0.968266002355,0.968508754606,0.969534389494,0.970038104006,0.970220168774,0.970620712901,0.971209391897,0.972022615602,0.972162199581,0.972829772369,0.972313922826,0.973436657897,0.972939011674,0.973442725987,0.973709754387,0.980033489201,0.982958671277,0.983425974148,0.983905412265,0.984281680165,0.984214922563,0.984566915172,0.984688291974,0.985610756659,0.985756408927,0.986302605559,0.986533221836,0.986278330984
val_loss:0.291767056489,0.271012376451,0.2526547303,0.232047404476,0.214356957294,0.207090275746,0.187555613455,0.182406684225,0.170205933477,0.169152743216,0.152479026373,0.152230932784,0.142413783762,0.146234233288,0.14236760877,0.139971799849,0.137474528135,0.133720701551,0.137317507448,0.129610488987,0.132268446324,0.127146919768,0.129407655167,0.125501928917,0.126939010268,0.126044785857,0.128710233199,0.12285649256,0.128048608763,0.123319971689,0.125934770471,0.120510031886,0.120020054992,0.12361228964,0.120836317951,0.124204980107,0.121680825425,0.104775811148,0.105083164464,0.104493225527,0.103739205168,0.104913059641,0.104072226221,0.105402993347,0.105007824043,0.103669100652,0.104180590217,0.103593769385,0.104480406485,0.103697419681
lr:0.00990861,0.00990861,0.00990861,0.00990861,0.00990861,0.00990861,0.00990861,0.00990861,0.00990861,0.00990861,0.00990861,0.00990861,0.00990861,0.00990861,0.00990861,0.00990861,0.00990861,0.00990861,0.00990861,0.00990861,0.00990861,0.00990861,0.00990861,0.00990861,0.00990861,0.00990861,0.00990861,0.00990861,0.00990861,0.00990861,0.00990861,0.00990861,0.00990861,0.00990861,0.00990861,0.00990861,0.00990861,0.00198172,0.00198172,0.00198172,0.00198172,0.00198172,0.00198172,0.00198172,0.00198172,0.001,0.001,0.001,0.001,0.001
loss:0.39748993816,0.284979303716,0.262816754794,0.242032435409,0.222300939973,0.205496900981,0.188160449613,0.174303764103,0.160974834033,0.151492712696,0.142548197279,0.133552746309,0.128092476442,0.122608947105,0.11808734519,0.1165952472,0.110807227311,0.105971258736,0.104014918161,0.0998009293231,0.0985089507152,0.095982612699,0.0943832603299,0.0930065813529,0.0899188484328,0.0888970280977,0.08763064778,0.0871623776551,0.0842812786446,0.0829193305955,0.0816853831588,0.0799609710222,0.0803708477822,0.078440346346,0.0792558355338,0.0766117933132,0.0765931025179,0.0576896338071,0.0501629625615,0.0483304058585,0.0468775847557,0.0457815675179,0.045826229256,0.0443775644279,0.0440514689594,0.040715189562,0.0406031912065,0.0398680057811,0.0392278134989,0.0393916611579
