
             precision    recall  f1-score   support

          0     0.8237    1.0000    0.9033     42982
          1     0.0000    0.0000    0.0000      1563
          2     1.0000    0.0085    0.0169      2574
          3     0.0000    0.0000    0.0000      1592
          4     1.0000    0.1643    0.2822      3981
          5     0.9820    0.9970    0.9894       985
          6     1.0000    0.6613    0.7961       431
          7     1.0000    0.9596    0.9794       816

avg / total     0.8043    0.8322    0.7667     54924


             precision    recall  f1-score   support

          0     0.8262    0.9999    0.9048     42982
          1     0.0000    0.0000    0.0000      1563
          2     0.9143    0.0124    0.0245      2574
          3     0.0000    0.0000    0.0000      1592
          4     0.9946    0.1834    0.3097      3981
          5     0.9870    1.0000    0.9934       985
          6     1.0000    0.7958    0.8863       431
          7     1.0000    0.9755    0.9876       816

avg / total     0.8019    0.8350    0.7711     54924


             precision    recall  f1-score   support

          0     0.8270    0.9990    0.9049     42982
          1     0.0000    0.0000    0.0000      1563
          2     0.4783    0.0214    0.0409      2574
          3     0.0000    0.0000    0.0000      1592
          4     0.9973    0.1834    0.3098      3981
          5     0.9939    1.0000    0.9970       985
          6     1.0000    0.8283    0.9061       431
          7     1.0000    0.9841    0.9920       816

avg / total     0.7824    0.8352    0.7722     54924


             precision    recall  f1-score   support

          0     0.8271    0.9996    0.9052     42982
          1     0.0000    0.0000    0.0000      1563
          2     0.6024    0.0194    0.0376      2574
          3     0.0000    0.0000    0.0000      1592
          4     0.9973    0.1834    0.3098      3981
          5     0.9949    1.0000    0.9975       985
          6     1.0000    0.8515    0.9198       431
          7     0.9988    0.9890    0.9938       816

avg / total     0.7883    0.8357    0.7725     54924


             precision    recall  f1-score   support

          0     0.8273    0.9979    0.9046     42982
          1     0.0000    0.0000    0.0000      1563
          2     0.3743    0.0260    0.0487      2574
          3     0.0000    0.0000    0.0000      1592
          4     0.9973    0.1834    0.3098      3981
          5     0.9960    1.0000    0.9980       985
          6     1.0000    0.8515    0.9198       431
          7     0.9988    0.9890    0.9938       816

avg / total     0.7778    0.8348    0.7725     54924


             precision    recall  f1-score   support

          0     0.8267    0.9999    0.9051     42982
          1     0.0000    0.0000    0.0000      1563
          2     0.9459    0.0136    0.0268      2574
          3     0.0000    0.0000    0.0000      1592
          4     0.9973    0.1834    0.3098      3981
          5     0.9960    1.0000    0.9980       985
          6     1.0000    0.8561    0.9225       431
          7     0.9988    0.9926    0.9957       816

avg / total     0.8041    0.8358    0.7720     54924


             precision    recall  f1-score   support

          0     0.8270    0.9999    0.9053     42982
          1     0.0000    0.0000    0.0000      1563
          2     0.8627    0.0171    0.0335      2574
          3     0.0000    0.0000    0.0000      1592
          4     0.9973    0.1834    0.3098      3981
          5     0.9960    1.0000    0.9980       985
          6     1.0000    0.8631    0.9265       431
          7     0.9988    0.9926    0.9957       816

avg / total     0.8005    0.8361    0.7724     54924


             precision    recall  f1-score   support

          0     0.8267    0.9999    0.9051     42982
          1     0.0000    0.0000    0.0000      1563
          2     0.9412    0.0124    0.0245      2574
          3     0.0000    0.0000    0.0000      1592
          4     0.9973    0.1834    0.3098      3981
          5     0.9960    1.0000    0.9980       985
          6     1.0000    0.8631    0.9265       431
          7     0.9988    0.9914    0.9951       816

avg / total     0.8039    0.8358    0.7719     54924


             precision    recall  f1-score   support

          0     0.8270    0.9999    0.9053     42982
          1     0.0000    0.0000    0.0000      1563
          2     0.8696    0.0155    0.0305      2574
          3     0.0000    0.0000    0.0000      1592
          4     0.9973    0.1834    0.3098      3981
          5     0.9960    1.0000    0.9980       985
          6     1.0000    0.8770    0.9345       431
          7     0.9988    0.9939    0.9963       816

avg / total     0.8008    0.8361    0.7724     54924


             precision    recall  f1-score   support

          0     0.8274    0.9996    0.9054     42982
          1     1.0000    0.0006    0.0013      1563
          2     0.6588    0.0218    0.0421      2574
          3     0.0000    0.0000    0.0000      1592
          4     0.9973    0.1834    0.3098      3981
          5     0.9960    1.0000    0.9980       985
          6     1.0000    0.8747    0.9332       431
          7     1.0000    0.9939    0.9969       816

avg / total     0.8197    0.8362    0.7730     54924


             precision    recall  f1-score   support

          0     0.8267    0.9999    0.9051     42982
          1     1.0000    0.0006    0.0013      1563
          2     0.9714    0.0132    0.0261      2574
          3     0.0000    0.0000    0.0000      1592
          4     0.9973    0.1834    0.3098      3981
          5     0.9960    1.0000    0.9980       985
          6     1.0000    0.8585    0.9238       431
          7     1.0000    0.9939    0.9969       816

avg / total     0.8338    0.8359    0.7720     54924


             precision    recall  f1-score   support

          0     0.8273    0.9998    0.9054     42982
          1     1.0000    0.0006    0.0013      1563
          2     0.7632    0.0225    0.0438      2574
          3     0.0000    0.0000    0.0000      1592
          4     0.9973    0.1834    0.3098      3981
          5     0.9980    1.0000    0.9990       985
          6     1.0000    0.8631    0.9265       431
          7     1.0000    0.9963    0.9982       816

avg / total     0.8245    0.8363    0.7731     54924


             precision    recall  f1-score   support

          0     0.8275    0.9996    0.9054     42982
          1     0.4444    0.0026    0.0051      1563
          2     0.6914    0.0218    0.0422      2574
          3     0.0000    0.0000    0.0000      1592
          4     0.9973    0.1834    0.3098      3981
          5     1.0000    1.0000    1.0000       985
          6     1.0000    0.8701    0.9305       431
          7     0.9988    1.0000    0.9994       816

avg / total     0.8055    0.8363    0.7732     54924


             precision    recall  f1-score   support

          0     0.8278    0.9987    0.9052     42982
          1     0.0000    0.0000    0.0000      1563
          2     0.5192    0.0315    0.0593      2574
          3     0.0000    0.0000    0.0000      1592
          4     0.9973    0.1834    0.3098      3981
          5     0.9980    1.0000    0.9990       985
          6     1.0000    0.8817    0.9371       431
          7     0.9988    0.9975    0.9982       816

avg / total     0.7850    0.8360    0.7737     54924


             precision    recall  f1-score   support

          0     0.8273    0.9997    0.9054     42982
          1     0.5000    0.0019    0.0038      1563
          2     0.7869    0.0186    0.0364      2574
          3     0.0000    0.0000    0.0000      1592
          4     0.9946    0.1834    0.3097      3981
          5     1.0000    1.0000    1.0000       985
          6     1.0000    0.8770    0.9345       431
          7     1.0000    1.0000    1.0000       816

avg / total     0.8112    0.8363    0.7729     54924


             precision    recall  f1-score   support

          0     0.8273    0.9999    0.9054     42982
          1     0.5000    0.0032    0.0064      1563
          2     0.8571    0.0186    0.0365      2574
          3     0.0000    0.0000    0.0000      1592
          4     0.9973    0.1834    0.3098      3981
          5     1.0000    1.0000    1.0000       985
          6     1.0000    0.8747    0.9332       431
          7     1.0000    1.0000    1.0000       816

avg / total     0.8147    0.8364    0.7730     54924


             precision    recall  f1-score   support

          0     0.8275    0.9996    0.9054     42982
          1     0.7500    0.0019    0.0038      1563
          2     0.6703    0.0237    0.0458      2574
          3     0.0000    0.0000    0.0000      1592
          4     0.9973    0.1834    0.3098      3981
          5     1.0000    1.0000    1.0000       985
          6     1.0000    0.8770    0.9345       431
          7     1.0000    1.0000    1.0000       816

avg / total     0.8133    0.8364    0.7734     54924


             precision    recall  f1-score   support

          0     0.8283    0.9988    0.9056     42982
          1     0.6111    0.0070    0.0139      1563
          2     0.5740    0.0377    0.0707      2574
          3     0.0000    0.0000    0.0000      1592
          4     0.9973    0.1834    0.3098      3981
          5     1.0000    1.0000    1.0000       985
          6     1.0000    0.8770    0.9345       431
          7     1.0000    1.0000    1.0000       816

avg / total     0.8055    0.8366    0.7750     54924


             precision    recall  f1-score   support

          0     0.8281    0.9987    0.9054     42982
          1     0.4286    0.0019    0.0038      1563
          2     0.5210    0.0338    0.0635      2574
          3     0.0000    0.0000    0.0000      1592
          4     0.9932    0.1836    0.3099      3981
          5     1.0000    1.0000    1.0000       985
          6     1.0000    0.8770    0.9345       431
          7     1.0000    1.0000    1.0000       816

avg / total     0.7973    0.8362    0.7742     54924


             precision    recall  f1-score   support

          0     0.8280    0.9990    0.9055     42982
          1     0.5625    0.0058    0.0114      1563
          2     0.5827    0.0315    0.0597      2574
          3     0.0000    0.0000    0.0000      1592
          4     0.9973    0.1834    0.3098      3981
          5     1.0000    1.0000    1.0000       985
          6     1.0000    0.8794    0.9358       431
          7     1.0000    1.0000    1.0000       816

avg / total     0.8042    0.8364    0.7744     54924


             precision    recall  f1-score   support

          0     0.8280    0.9988    0.9054     42982
          1     0.5833    0.0045    0.0089      1563
          2     0.5714    0.0342    0.0645      2574
          3     0.0000    0.0000    0.0000      1592
          4     0.9959    0.1834    0.3097      3981
          5     1.0000    1.0000    1.0000       985
          6     1.0000    0.8770    0.9345       431
          7     1.0000    1.0000    1.0000       816

avg / total     0.8042    0.8363    0.7744     54924


             precision    recall  f1-score   support

          0     0.8282    0.9989    0.9055     42982
          1     0.4000    0.0077    0.0151      1563
          2     0.5664    0.0315    0.0596      2574
          3     0.0000    0.0000    0.0000      1592
          4     0.9973    0.1834    0.3098      3981
          5     1.0000    1.0000    1.0000       985
          6     1.0000    0.8770    0.9345       431
          7     1.0000    1.0000    1.0000       816

avg / total     0.7990    0.8363    0.7745     54924


             precision    recall  f1-score   support

          0     0.8283    0.9985    0.9055     42982
          1     0.4000    0.0102    0.0200      1563
          2     0.4839    0.0291    0.0550      2574
          3     0.0000    0.0000    0.0000      1592
          4     0.9946    0.1839    0.3104      3981
          5     1.0000    1.0000    1.0000       985
          6     1.0000    0.8770    0.9345       431
          7     1.0000    1.0000    1.0000       816

avg / total     0.7950    0.8360    0.7744     54924


             precision    recall  f1-score   support

          0     0.8281    0.9987    0.9054     42982
          1     0.3684    0.0090    0.0175      1563
          2     0.5809    0.0307    0.0583      2574
          3     0.0000    0.0000    0.0000      1592
          4     0.9959    0.1834    0.3097      3981
          5     1.0000    1.0000    1.0000       985
          6     1.0000    0.8770    0.9345       431
          7     1.0000    1.0000    1.0000       816

avg / total     0.7986    0.8362    0.7744     54924


             precision    recall  f1-score   support

          0     0.8282    0.9990    0.9056     42982
          1     0.4091    0.0058    0.0114      1563
          2     0.5556    0.0311    0.0589      2574
          3     0.0000    0.0000    0.0000      1592
          4     0.9959    0.1834    0.3097      3981
          5     1.0000    1.0000    1.0000       985
          6     1.0000    0.8770    0.9345       431
          7     1.0000    1.0000    1.0000       816

avg / total     0.7986    0.8363    0.7743     54924


             precision    recall  f1-score   support

          0     0.8279    0.9989    0.9054     42982
          1     0.4483    0.0083    0.0163      1563
          2     0.5500    0.0256    0.0490      2574
          3     0.0000    0.0000    0.0000      1592
          4     0.9959    0.1834    0.3097      3981
          5     1.0000    1.0000    1.0000       985
          6     1.0000    0.8794    0.9358       431
          7     1.0000    1.0000    1.0000       816

avg / total     0.7992    0.8361    0.7739     54924


             precision    recall  f1-score   support

          0     0.8277    0.9992    0.9054     42982
          1     0.3953    0.0109    0.0212      1563
          2     0.6623    0.0198    0.0385      2574
          3     0.0000    0.0000    0.0000      1592
          4     0.9946    0.1834    0.3097      3981
          5     1.0000    1.0000    1.0000       985
          6     1.0000    0.8770    0.9345       431
          7     1.0000    1.0000    1.0000       816

avg / total     0.8027    0.8362    0.7735     54924


             precision    recall  f1-score   support

          0     0.8284    0.9984    0.9055     42982
          1     0.3731    0.0160    0.0307      1563
          2     0.5682    0.0291    0.0554      2574
          3     0.0000    0.0000    0.0000      1592
          4     0.9946    0.1834    0.3097      3981
          5     1.0000    1.0000    1.0000       985
          6     1.0000    0.8910    0.9423       431
          7     1.0000    1.0000    1.0000       816

avg / total     0.7982    0.8362    0.7747     54924


             precision    recall  f1-score   support

          0     0.8286    0.9981    0.9055     42982
          1     0.4167    0.0160    0.0308      1563
          2     0.5088    0.0338    0.0634      2574
          3     0.0000    0.0000    0.0000      1592
          4     0.9946    0.1834    0.3097      3981
          5     1.0000    1.0000    1.0000       985
          6     1.0000    0.8910    0.9423       431
          7     1.0000    1.0000    1.0000       816

avg / total     0.7969    0.8362    0.7751     54924


             precision    recall  f1-score   support

          0     0.8284    0.9986    0.9056     42982
          1     0.3939    0.0083    0.0163      1563
          2     0.5494    0.0346    0.0651      2574
          3     0.0000    0.0000    0.0000      1592
          4     0.9946    0.1841    0.3107      3981
          5     1.0000    1.0000    1.0000       985
          6     1.0000    0.8770    0.9345       431
          7     1.0000    1.0000    1.0000       816

avg / total     0.7980    0.8364    0.7749     54924


             precision    recall  f1-score   support

          0     0.8279    0.9991    0.9055     42982
          1     0.4222    0.0122    0.0236      1563
          2     0.5914    0.0214    0.0412      2574
          3     0.0000    0.0000    0.0000      1592
          4     0.9946    0.1834    0.3097      3981
          5     1.0000    1.0000    1.0000       985
          6     1.0000    0.8910    0.9423       431
          7     1.0000    1.0000    1.0000       816

avg / total     0.8004    0.8363    0.7738     54924


             precision    recall  f1-score   support

          0     0.8293    0.9971    0.9055     42982
          1     0.3731    0.0160    0.0307      1563
          2     0.4769    0.0482    0.0875      2574
          3     0.0000    0.0000    0.0000      1592
          4     0.9932    0.1839    0.3103      3981
          5     1.0000    1.0000    1.0000       985
          6     1.0000    0.8840    0.9384       431
          7     1.0000    1.0000    1.0000       816

avg / total     0.7946    0.8361    0.7763     54924


             precision    recall  f1-score   support

          0     0.8286    0.9979    0.9054     42982
          1     0.4286    0.0134    0.0261      1563
          2     0.4897    0.0369    0.0686      2574
          3     0.0000    0.0000    0.0000      1592
          4     0.9932    0.1836    0.3099      3981
          5     1.0000    1.0000    1.0000       985
          6     1.0000    0.8840    0.9384       431
          7     1.0000    1.0000    1.0000       816

avg / total     0.7962    0.8361    0.7751     54924


             precision    recall  f1-score   support

          0     0.8288    0.9973    0.9052     42982
          1     0.4839    0.0096    0.0188      1563
          2     0.4545    0.0447    0.0814      2574
          3     0.0000    0.0000    0.0000      1592
          4     0.9946    0.1834    0.3097      3981
          5     1.0000    1.0000    1.0000       985
          6     1.0000    0.8910    0.9423       431
          7     1.0000    1.0000    1.0000       816

avg / total     0.7964    0.8359    0.7754     54924


             precision    recall  f1-score   support

          0     0.8289    0.9979    0.9056     42982
          1     0.3846    0.0128    0.0248      1563
          2     0.5147    0.0408    0.0756      2574
          3     0.0000    0.0000    0.0000      1592
          4     0.9919    0.1844    0.3110      3981
          5     1.0000    1.0000    1.0000       985
          6     1.0000    0.8886    0.9410       431
          7     1.0000    1.0000    1.0000       816

avg / total     0.7963    0.8363    0.7756     54924


             precision    recall  f1-score   support

          0     0.8287    0.9979    0.9055     42982
          1     0.5000    0.0115    0.0225      1563
          2     0.4857    0.0396    0.0733      2574
          3     0.0000    0.0000    0.0000      1592
          4     0.9905    0.1841    0.3105      3981
          5     1.0000    1.0000    1.0000       985
          6     1.0000    0.8886    0.9410       431
          7     1.0000    1.0000    1.0000       816

avg / total     0.7980    0.8362    0.7754     54924


             precision    recall  f1-score   support

          0     0.8286    0.9976    0.9053     42982
          1     0.4500    0.0115    0.0225      1563
          2     0.5047    0.0420    0.0775      2574
          3     0.0000    0.0000    0.0000      1592
          4     0.9919    0.1839    0.3102      3981
          5     1.0000    1.0000    1.0000       985
          6     1.0000    0.8863    0.9397       431
          7     1.0000    1.0000    1.0000       816

avg / total     0.7974    0.8361    0.7754     54924


             precision    recall  f1-score   support

          0     0.8285    0.9980    0.9054     42982
          1     0.4151    0.0141    0.0272      1563
          2     0.5254    0.0361    0.0676      2574
          3     0.0000    0.0000    0.0000      1592
          4     0.9905    0.1839    0.3102      3981
          5     1.0000    1.0000    1.0000       985
          6     1.0000    0.8886    0.9410       431
          7     1.0000    1.0000    1.0000       816

avg / total     0.7973    0.8362    0.7751     54924


             precision    recall  f1-score   support

          0     0.8289    0.9978    0.9056     42982
          1     0.3068    0.0173    0.0327      1563
          2     0.5706    0.0392    0.0734      2574
          3     0.0000    0.0000    0.0000      1592
          4     0.9932    0.1839    0.3103      3981
          5     1.0000    1.0000    1.0000       985
          6     1.0000    0.8910    0.9423       431
          7     1.0000    1.0000    1.0000       816

avg / total     0.7968    0.8363    0.7757     54924


             precision    recall  f1-score   support

          0     0.8291    0.9965    0.9051     42982
          1     0.3521    0.0160    0.0306      1563
          2     0.4453    0.0427    0.0780      2574
          3     0.0000    0.0000    0.0000      1592
          4     0.9698    0.1856    0.3116      3981
          5     1.0000    1.0000    1.0000       985
          6     1.0000    0.8863    0.9397       431
          7     1.0000    1.0000    1.0000       816

avg / total     0.7906    0.8355    0.7756     54924


             precision    recall  f1-score   support

          0     0.8292    0.9974    0.9056     42982
          1     0.3673    0.0230    0.0433      1563
          2     0.5492    0.0412    0.0766      2574
          3     0.0000    0.0000    0.0000      1592
          4     0.9892    0.1844    0.3108      3981
          5     1.0000    1.0000    1.0000       985
          6     1.0000    0.8933    0.9436       431
          7     1.0000    1.0000    1.0000       816

avg / total     0.7974    0.8363    0.7762     54924


             precision    recall  f1-score   support

          0     0.8295    0.9965    0.9054     42982
          1     0.3407    0.0198    0.0375      1563
          2     0.4800    0.0466    0.0850      2574
          3     0.2000    0.0025    0.0050      1592
          4     0.9906    0.1844    0.3109      3981
          5     1.0000    1.0000    1.0000       985
          6     1.0000    0.8956    0.9449       431
          7     1.0000    1.0000    1.0000       816

avg / total     0.7996    0.8358    0.7765     54924


             precision    recall  f1-score   support

          0     0.8292    0.9974    0.9056     42982
          1     0.3286    0.0147    0.0282      1563
          2     0.5156    0.0451    0.0829      2574
          3     0.3333    0.0006    0.0013      1592
          4     0.9919    0.1839    0.3102      3981
          5     1.0000    1.0000    1.0000       985
          6     0.9974    0.8910    0.9412       431
          7     1.0000    1.0000    1.0000       816

avg / total     0.8046    0.8362    0.7761     54924


             precision    recall  f1-score   support

          0     0.8283    0.9985    0.9054     42982
          1     0.3729    0.0141    0.0271      1563
          2     0.5520    0.0268    0.0511      2574
          3     0.0000    0.0000    0.0000      1592
          4     0.9906    0.1844    0.3109      3981
          5     1.0000    1.0000    1.0000       985
          6     1.0000    0.8910    0.9423       431
          7     1.0000    1.0000    1.0000       816

avg / total     0.7971    0.8362    0.7745     54924


             precision    recall  f1-score   support

          0     0.8286    0.9980    0.9054     42982
          1     0.3514    0.0166    0.0318      1563
          2     0.5325    0.0319    0.0601      2574
          3     0.0000    0.0000    0.0000      1592
          4     0.9905    0.1839    0.3102      3981
          5     1.0000    1.0000    1.0000       985
          6     1.0000    0.8933    0.9436       431
          7     1.0000    1.0000    1.0000       816

avg / total     0.7958    0.8361    0.7750     54924


             precision    recall  f1-score   support

          0     0.8299    0.9955    0.9052     42982
          1     0.3553    0.0173    0.0329      1563
          2     0.4435    0.0579    0.1024      2574
          3     0.2069    0.0038    0.0074      1592
          4     0.9919    0.1844    0.3110      3981
          5     1.0000    1.0000    1.0000       985
          6     1.0000    0.8910    0.9423       431
          7     1.0000    1.0000    1.0000       816

avg / total     0.7989    0.8355    0.7770     54924


             precision    recall  f1-score   support

          0     0.8297    0.9964    0.9055     42982
          1     0.3545    0.0250    0.0466      1563
          2     0.4854    0.0517    0.0934      2574
          3     0.0000    0.0000    0.0000      1592
          4     0.9932    0.1844    0.3110      3981
          5     1.0000    1.0000    1.0000       985
          6     1.0000    0.8910    0.9423       431
          7     1.0000    1.0000    1.0000       816

avg / total     0.7948    0.8360    0.7770     54924


             precision    recall  f1-score   support

          0     0.8295    0.9969    0.9055     42982
          1     0.3623    0.0160    0.0306      1563
          2     0.4928    0.0532    0.0961      2574
          3     0.0000    0.0000    0.0000      1592
          4     0.9932    0.1844    0.3110      3981
          5     1.0000    1.0000    1.0000       985
          6     1.0000    0.8910    0.9423       431
          7     1.0000    1.0000    1.0000       816

avg / total     0.7952    0.8362    0.7768     54924


             precision    recall  f1-score   support

          0     0.8300    0.9956    0.9053     42982
          1     0.3667    0.0282    0.0523      1563
          2     0.4698    0.0575    0.1025      2574
          3     0.1429    0.0006    0.0013      1592
          4     0.9932    0.1844    0.3110      3981
          5     1.0000    1.0000    1.0000       985
          6     1.0000    0.8933    0.9436       431
          7     1.0000    1.0000    1.0000       816

avg / total     0.7988    0.8358    0.7775     54924


             precision    recall  f1-score   support

          0     0.8295    0.9966    0.9054     42982
          1     0.3671    0.0186    0.0353      1563
          2     0.4894    0.0540    0.0973      2574
          3     0.0000    0.0000    0.0000      1592
          4     0.9946    0.1844    0.3111      3981
          5     1.0000    1.0000    1.0000       985
          6     1.0000    0.8886    0.9410       431
          7     1.0000    1.0000    1.0000       816

avg / total     0.7953    0.8361    0.7768     54924

val_acc:0.832204500513,0.835044786216,0.835172237971,0.8357366535,0.834771684427,0.835845894064,0.836064378989,0.83582768667,0.836082583344,0.836155413678,0.835882307332,0.836282863915,0.836282863155,0.835955135387,0.836264655158,0.836373898,0.836355689087,0.83655596586,0.836155412919,0.836428519422,0.836337482453,0.836337485492,0.83604617479,0.836228240974,0.836337484576,0.836118999651,0.836155415957,0.836246447608,0.83621003358,0.836373897241,0.836264656677,0.8360825917,0.836082585623,0.835864103893,0.836301071464,0.836210037535,0.836082582741,0.836155414594,0.836282861792,0.835481755463,0.836319276423,0.835845897102,0.836228239611,0.836173619553,0.836119003449,0.835499964979,0.836046171596,0.836228241734,0.83582768743,0.836100793017
lr:0.00332437,0.00332437,0.00332437,0.00332437,0.00332437,0.00332437,0.00332437,0.00332437,0.00332437,0.00332437,0.00332437,0.00332437,0.00332437,0.00332437,0.00332437,0.00332437,0.00332437,0.00332437,0.00332437,0.00332437,0.00332437,0.00332437,0.00332437,0.00332437,0.00332437,0.00332437,0.00332437,0.00332437,0.00332437,0.00332437,0.00332437,0.00332437,0.00332437,0.00332437,0.00332437,0.00332437,0.00332437,0.00332437,0.00332437,0.00332437,0.00332437,0.00332437,0.00332437,0.00332437,0.00332437,0.00332437,0.00332437,0.00332437,0.00332437,0.00332437
loss:0.66764735923,0.510568845934,0.500194350051,0.497116708763,0.494150527553,0.49231335873,0.490786651354,0.489748307879,0.489428514732,0.488500542635,0.487483559387,0.487029997383,0.486270848121,0.485980536896,0.485219265796,0.484579455186,0.48413114976,0.48356364867,0.483368677381,0.483536168454,0.48269153792,0.482369287258,0.481861767822,0.481426955884,0.481116125442,0.480593596332,0.480228608502,0.479866926402,0.479343368757,0.479060947468,0.478803891365,0.478169497415,0.478215727846,0.477281241076,0.477073887955,0.477341392486,0.476696119052,0.475914661026,0.475468388243,0.475792430302,0.475719702034,0.47462675334,0.474730554119,0.473935557994,0.473450407151,0.473206540971,0.472938611548,0.472224214245,0.47168180716,0.471755951094
val_loss:0.505118213118,0.495191033709,0.492694532413,0.493205110341,0.488140121123,0.486102747074,0.486286869531,0.484259015773,0.484740988917,0.482744948755,0.483866349708,0.483399978576,0.482107168661,0.482485127674,0.483015903771,0.482364224279,0.480892860519,0.480846090255,0.481226911779,0.479858574054,0.48185375888,0.480344574147,0.47973379901,0.48053809091,0.480193115728,0.478246675738,0.479049947103,0.478708398387,0.478227043549,0.477509469562,0.47730689186,0.477179706166,0.477507350092,0.47680583713,0.47679399679,0.477847294954,0.476969821769,0.476246863328,0.475900280587,0.476614649324,0.476574643054,0.476181570859,0.474807517456,0.474765756789,0.475503043294,0.475220665157,0.4740598292,0.47544948688,0.474092639855,0.474701445877
acc:0.806409914576,0.831880857424,0.833294897972,0.833634755363,0.833828956013,0.833877504904,0.833932124624,0.834077778526,0.834053502442,0.834102053897,0.834180949983,0.834174880947,0.834193086269,0.834429772248,0.834447978607,0.83435694478,0.834447979706,0.834545080723,0.834405495826,0.834763559073,0.834666458202,0.834587562793,0.83478176251,0.834763557502,0.834715008293,0.835097344352,0.834812109684,0.834836386852,0.83501238207,0.835127688935,0.834994173965,0.835212651619,0.835255134949,0.835291548828,0.835194446577,0.835473611709,0.835497889331,0.83574671058,0.835461476465,0.835576783494,0.835522166109,0.835558576861,0.835601059495,0.835516095072,0.835625335827,0.835813469598,0.835704228395,0.835946983693,0.835971258451,0.835916638892
