
             precision    recall  f1-score   support

          0     0.8259    0.9998    0.9046     42982
          1     0.0000    0.0000    0.0000      1563
          2     1.0000    0.0109    0.0215      2574
          3     0.0000    0.0000    0.0000      1592
          4     0.9973    0.1834    0.3098      3981
          5     0.9840    0.9990    0.9914       985
          6     1.0000    0.7796    0.8761       431
          7     0.9937    0.9694    0.9814       816

avg / total     0.8058    0.8347    0.7706     54924


             precision    recall  f1-score   support

          0     0.8267    0.9997    0.9050     42982
          1     0.0000    0.0000    0.0000      1563
          2     0.8000    0.0155    0.0305      2574
          3     0.0000    0.0000    0.0000      1592
          4     0.9973    0.1834    0.3098      3981
          5     0.9939    1.0000    0.9970       985
          6     1.0000    0.8376    0.9116       431
          7     0.9938    0.9853    0.9895       816

avg / total     0.7971    0.8355    0.7718     54924


             precision    recall  f1-score   support

          0     0.8271    0.9995    0.9051     42982
          1     0.0000    0.0000    0.0000      1563
          2     0.6067    0.0210    0.0406      2574
          3     0.0000    0.0000    0.0000      1592
          4     0.9973    0.1834    0.3098      3981
          5     0.9960    1.0000    0.9980       985
          6     1.0000    0.8353    0.9102       431
          7     1.0000    0.9902    0.9951       816

avg / total     0.7885    0.8357    0.7725     54924


             precision    recall  f1-score   support

          0     0.8268    0.9998    0.9051     42982
          1     0.0000    0.0000    0.0000      1563
          2     0.7959    0.0152    0.0297      2574
          3     0.0000    0.0000    0.0000      1592
          4     0.9973    0.1834    0.3098      3981
          5     0.9960    1.0000    0.9980       985
          6     1.0000    0.8492    0.9184       431
          7     1.0000    0.9926    0.9963       816

avg / total     0.7972    0.8358    0.7721     54924


             precision    recall  f1-score   support

          0     0.8282    0.9980    0.9052     42982
          1     0.0000    0.0000    0.0000      1563
          2     0.4516    0.0381    0.0702      2574
          3     0.0000    0.0000    0.0000      1592
          4     0.9973    0.1834    0.3098      3981
          5     1.0000    1.0000    1.0000       985
          6     1.0000    0.8677    0.9292       431
          7     0.9988    1.0000    0.9994       816

avg / total     0.7822    0.8357    0.7742     54924


             precision    recall  f1-score   support

          0     0.8271    0.9997    0.9053     42982
          1     0.0000    0.0000    0.0000      1563
          2     0.7231    0.0183    0.0356      2574
          3     0.0000    0.0000    0.0000      1592
          4     0.9973    0.1834    0.3098      3981
          5     0.9990    1.0000    0.9995       985
          6     1.0000    0.8654    0.9279       431
          7     1.0000    0.9988    0.9994       816

avg / total     0.7941    0.8361    0.7726     54924


             precision    recall  f1-score   support

          0     0.8271    0.9998    0.9053     42982
          1     1.0000    0.0006    0.0013      1563
          2     0.7679    0.0167    0.0327      2574
          3     0.0000    0.0000    0.0000      1592
          4     0.9973    0.1834    0.3098      3981
          5     1.0000    1.0000    1.0000       985
          6     1.0000    0.8770    0.9345       431
          7     1.0000    1.0000    1.0000       816

avg / total     0.8246    0.8362    0.7726     54924


             precision    recall  f1-score   support

          0     0.8275    0.9995    0.9054     42982
          1     0.0000    0.0000    0.0000      1563
          2     0.6735    0.0256    0.0494      2574
          3     0.0000    0.0000    0.0000      1592
          4     0.9973    0.1834    0.3098      3981
          5     1.0000    1.0000    1.0000       985
          6     1.0000    0.8654    0.9279       431
          7     1.0000    1.0000    1.0000       816

avg / total     0.7920    0.8363    0.7734     54924


             precision    recall  f1-score   support

          0     0.8279    0.9993    0.9055     42982
          1     0.0000    0.0000    0.0000      1563
          2     0.6462    0.0326    0.0621      2574
          3     0.0000    0.0000    0.0000      1592
          4     0.9973    0.1834    0.3098      3981
          5     1.0000    1.0000    1.0000       985
          6     1.0000    0.8724    0.9318       431
          7     1.0000    1.0000    1.0000       816

avg / total     0.7911    0.8365    0.7741     54924


             precision    recall  f1-score   support

          0     0.8276    0.9987    0.9051     42982
          1     0.0000    0.0000    0.0000      1563
          2     0.4859    0.0268    0.0508      2574
          3     0.0000    0.0000    0.0000      1592
          4     0.9973    0.1834    0.3098      3981
          5     1.0000    1.0000    1.0000       985
          6     1.0000    0.8770    0.9345       431
          7     1.0000    1.0000    1.0000       816

avg / total     0.7833    0.8358    0.7733     54924


             precision    recall  f1-score   support

          0     0.8283    0.9984    0.9054     42982
          1     0.6364    0.0045    0.0089      1563
          2     0.5079    0.0373    0.0695      2574
          3     0.0000    0.0000    0.0000      1592
          4     0.9959    0.1834    0.3097      3981
          5     1.0000    1.0000    1.0000       985
          6     1.0000    0.8794    0.9358       431
          7     1.0000    1.0000    1.0000       816

avg / total     0.8029    0.8362    0.7746     54924


             precision    recall  f1-score   support

          0     0.8281    0.9990    0.9055     42982
          1     0.4500    0.0058    0.0114      1563
          2     0.5755    0.0311    0.0590      2574
          3     0.0000    0.0000    0.0000      1592
          4     0.9973    0.1834    0.3098      3981
          5     1.0000    1.0000    1.0000       985
          6     1.0000    0.8840    0.9384       431
          7     1.0000    1.0000    1.0000       816

avg / total     0.8007    0.8364    0.7743     54924


             precision    recall  f1-score   support

          0     0.8279    0.9993    0.9055     42982
          1     0.3696    0.0109    0.0211      1563
          2     0.6437    0.0218    0.0421      2574
          3     0.0000    0.0000    0.0000      1592
          4     0.9973    0.1834    0.3098      3981
          5     1.0000    1.0000    1.0000       985
          6     1.0000    0.8770    0.9345       431
          7     1.0000    1.0000    1.0000       816

avg / total     0.8015    0.8363    0.7738     54924


             precision    recall  f1-score   support

          0     0.8277    0.9995    0.9055     42982
          1     0.5714    0.0077    0.0152      1563
          2     0.6463    0.0206    0.0399      2574
          3     0.0000    0.0000    0.0000      1592
          4     0.9973    0.1834    0.3098      3981
          5     1.0000    1.0000    1.0000       985
          6     1.0000    0.8910    0.9423       431
          7     1.0000    1.0000    1.0000       816

avg / total     0.8072    0.8364    0.7735     54924


             precision    recall  f1-score   support

          0     0.8281    0.9989    0.9055     42982
          1     0.3714    0.0166    0.0318      1563
          2     0.6237    0.0225    0.0435      2574
          3     0.0000    0.0000    0.0000      1592
          4     0.9973    0.1834    0.3098      3981
          5     1.0000    1.0000    1.0000       985
          6     1.0000    0.8794    0.9358       431
          7     1.0000    1.0000    1.0000       816

avg / total     0.8008    0.8362    0.7742     54924


             precision    recall  f1-score   support

          0     0.8277    0.9997    0.9056     42982
          1     0.4643    0.0083    0.0163      1563
          2     0.7581    0.0183    0.0357      2574
          3     0.0000    0.0000    0.0000      1592
          4     0.9973    0.1834    0.3098      3981
          5     1.0000    1.0000    1.0000       985
          6     1.0000    0.8933    0.9436       431
          7     1.0000    1.0000    1.0000       816

avg / total     0.8094    0.8365    0.7735     54924


             precision    recall  f1-score   support

          0     0.8283    0.9987    0.9055     42982
          1     0.4000    0.0102    0.0200      1563
          2     0.5929    0.0322    0.0612      2574
          3     0.0000    0.0000    0.0000      1592
          4     0.9946    0.1834    0.3097      3981
          5     1.0000    1.0000    1.0000       985
          6     1.0000    0.8863    0.9397       431
          7     1.0000    1.0000    1.0000       816

avg / total     0.8001    0.8364    0.7747     54924


             precision    recall  f1-score   support

          0     0.8282    0.9989    0.9055     42982
          1     0.4444    0.0128    0.0249      1563
          2     0.6198    0.0291    0.0557      2574
          3     0.0000    0.0000    0.0000      1592
          4     0.9946    0.1834    0.3097      3981
          5     1.0000    1.0000    1.0000       985
          6     1.0000    0.8863    0.9397       431
          7     1.0000    1.0000    1.0000       816

avg / total     0.8025    0.8364    0.7746     54924


             precision    recall  f1-score   support

          0     0.8288    0.9980    0.9056     42982
          1     0.2917    0.0090    0.0174      1563
          2     0.5174    0.0404    0.0750      2574
          3     0.0000    0.0000    0.0000      1592
          4     0.9959    0.1834    0.3097      3981
          5     1.0000    1.0000    1.0000       985
          6     1.0000    0.8910    0.9423       431
          7     1.0000    1.0000    1.0000       816

avg / total     0.7940    0.8362    0.7753     54924


             precision    recall  f1-score   support

          0     0.8287    0.9984    0.9057     42982
          1     0.3924    0.0198    0.0378      1563
          2     0.5804    0.0322    0.0611      2574
          3     0.0000    0.0000    0.0000      1592
          4     0.9946    0.1836    0.3100      3981
          5     1.0000    1.0000    1.0000       985
          6     1.0000    0.8886    0.9410       431
          7     1.0000    1.0000    1.0000       816

avg / total     0.7996    0.8364    0.7753     54924


             precision    recall  f1-score   support

          0     0.8294    0.9972    0.9056     42982
          1     0.3793    0.0211    0.0400      1563
          2     0.4979    0.0462    0.0846      2574
          3     0.0000    0.0000    0.0000      1592
          4     0.9946    0.1834    0.3097      3981
          5     1.0000    1.0000    1.0000       985
          6     1.0000    0.8933    0.9436       431
          7     1.0000    1.0000    1.0000       816

avg / total     0.7959    0.8362    0.7764     54924


             precision    recall  f1-score   support

          0     0.8284    0.9985    0.9055     42982
          1     0.4182    0.0147    0.0284      1563
          2     0.5734    0.0319    0.0604      2574
          3     0.0000    0.0000    0.0000      1592
          4     0.9959    0.1834    0.3097      3981
          5     1.0000    1.0000    1.0000       985
          6     1.0000    0.8910    0.9423       431
          7     1.0000    1.0000    1.0000       816

avg / total     0.7999    0.8364    0.7749     54924


             precision    recall  f1-score   support

          0     0.8288    0.9980    0.9056     42982
          1     0.3692    0.0154    0.0295      1563
          2     0.5316    0.0392    0.0731      2574
          3     0.0000    0.0000    0.0000      1592
          4     0.9959    0.1834    0.3097      3981
          5     1.0000    1.0000    1.0000       985
          6     1.0000    0.8840    0.9384       431
          7     1.0000    1.0000    1.0000       816

avg / total     0.7969    0.8363    0.7755     54924


             precision    recall  f1-score   support

          0     0.8290    0.9978    0.9056     42982
          1     0.4375    0.0224    0.0426      1563
          2     0.5130    0.0385    0.0716      2574
          3     0.0000    0.0000    0.0000      1592
          4     0.9959    0.1834    0.3097      3981
          5     1.0000    1.0000    1.0000       985
          6     1.0000    0.8910    0.9423       431
          7     1.0000    1.0000    1.0000       816

avg / total     0.7981    0.8364    0.7759     54924


             precision    recall  f1-score   support

          0     0.8288    0.9975    0.9054     42982
          1     0.3846    0.0096    0.0187      1563
          2     0.4723    0.0431    0.0790      2574
          3     0.0000    0.0000    0.0000      1592
          4     0.9946    0.1834    0.3097      3981
          5     1.0000    1.0000    1.0000       985
          6     1.0000    0.8933    0.9436       431
          7     1.0000    1.0000    1.0000       816

avg / total     0.7944    0.8360    0.7754     54924


             precision    recall  f1-score   support

          0     0.8288    0.9983    0.9057     42982
          1     0.4286    0.0154    0.0296      1563
          2     0.5475    0.0381    0.0712      2574
          3     0.0000    0.0000    0.0000      1592
          4     0.9946    0.1834    0.3097      3981
          5     1.0000    1.0000    1.0000       985
          6     1.0000    0.8910    0.9423       431
          7     1.0000    1.0000    1.0000       816

avg / total     0.7992    0.8365    0.7756     54924


             precision    recall  f1-score   support

          0     0.8287    0.9979    0.9054     42982
          1     0.4333    0.0250    0.0472      1563
          2     0.5128    0.0311    0.0586      2574
          3     0.0000    0.0000    0.0000      1592
          4     0.9932    0.1836    0.3099      3981
          5     1.0000    1.0000    1.0000       985
          6     1.0000    0.8910    0.9423       431
          7     1.0000    1.0000    1.0000       816

avg / total     0.7975    0.8362    0.7753     54924


             precision    recall  f1-score   support

          0     0.8289    0.9974    0.9054     42982
          1     0.3924    0.0198    0.0378      1563
          2     0.4976    0.0400    0.0741      2574
          3     0.0000    0.0000    0.0000      1592
          4     0.9946    0.1834    0.3097      3981
          5     1.0000    1.0000    1.0000       985
          6     1.0000    0.8956    0.9449       431
          7     1.0000    1.0000    1.0000       816

avg / total     0.7959    0.8361    0.7757     54924


             precision    recall  f1-score   support

          0     0.8289    0.9972    0.9053     42982
          1     0.4915    0.0186    0.0358      1563
          2     0.4706    0.0435    0.0797      2574
          3     0.0000    0.0000    0.0000      1592
          4     0.9946    0.1834    0.3097      3981
          5     0.9990    1.0000    0.9995       985
          6     1.0000    0.8910    0.9423       431
          7     1.0000    0.9988    0.9994       816

avg / total     0.7974    0.8360    0.7758     54924


             precision    recall  f1-score   support

          0     0.8293    0.9977    0.9057     42982
          1     0.4151    0.0141    0.0272      1563
          2     0.5270    0.0493    0.0902      2574
          3     0.0000    0.0000    0.0000      1592
          4     0.9946    0.1834    0.3097      3981
          5     1.0000    1.0000    1.0000       985
          6     1.0000    0.8933    0.9436       431
          7     1.0000    1.0000    1.0000       816

avg / total     0.7982    0.8366    0.7764     54924


             precision    recall  f1-score   support

          0     0.8294    0.9973    0.9056     42982
          1     0.4000    0.0154    0.0296      1563
          2     0.4962    0.0501    0.0910      2574
          3     0.0000    0.0000    0.0000      1592
          4     0.9946    0.1834    0.3097      3981
          5     1.0000    1.0000    1.0000       985
          6     1.0000    0.8910    0.9423       431
          7     1.0000    1.0000    1.0000       816

avg / total     0.7964    0.8363    0.7764     54924


             precision    recall  f1-score   support

          0     0.8298    0.9971    0.9058     42982
          1     0.3667    0.0282    0.0523      1563
          2     0.5190    0.0478    0.0875      2574
          3     0.0000    0.0000    0.0000      1592
          4     0.9946    0.1836    0.3100      3981
          5     1.0000    1.0000    1.0000       985
          6     1.0000    0.8933    0.9436       431
          7     1.0000    1.0000    1.0000       816

avg / total     0.7969    0.8364    0.7771     54924


             precision    recall  f1-score   support

          0     0.8298    0.9968    0.9057     42982
          1     0.3867    0.0186    0.0354      1563
          2     0.5100    0.0594    0.1065      2574
          3     0.0000    0.0000    0.0000      1592
          4     0.9946    0.1834    0.3097      3981
          5     1.0000    1.0000    1.0000       985
          6     1.0000    0.8933    0.9436       431
          7     1.0000    1.0000    1.0000       816

avg / total     0.7970    0.8365    0.7774     54924


             precision    recall  f1-score   support

          0     0.8296    0.9969    0.9056     42982
          1     0.4639    0.0288    0.0542      1563
          2     0.5057    0.0517    0.0938      2574
          3     0.0000    0.0000    0.0000      1592
          4     0.9946    0.1834    0.3097      3981
          5     1.0000    1.0000    1.0000       985
          6     1.0000    0.8886    0.9410       431
          7     1.0000    1.0000    1.0000       816

avg / total     0.7989    0.8364    0.7772     54924


             precision    recall  f1-score   support

          0     0.8297    0.9971    0.9058     42982
          1     0.4795    0.0224    0.0428      1563
          2     0.5144    0.0556    0.1003      2574
          3     0.0000    0.0000    0.0000      1592
          4     0.9946    0.1834    0.3097      3981
          5     1.0000    1.0000    1.0000       985
          6     1.0000    0.8933    0.9436       431
          7     1.0000    1.0000    1.0000       816

avg / total     0.7998    0.8367    0.7774     54924


             precision    recall  f1-score   support

          0     0.8299    0.9968    0.9057     42982
          1     0.4257    0.0275    0.0517      1563
          2     0.4873    0.0521    0.0941      2574
          3     0.0000    0.0000    0.0000      1592
          4     0.9946    0.1834    0.3097      3981
          5     1.0000    1.0000    1.0000       985
          6     1.0000    0.8979    0.9462       431
          7     1.0000    1.0000    1.0000       816

avg / total     0.7971    0.8364    0.7773     54924


             precision    recall  f1-score   support

          0     0.8309    0.9953    0.9057     42982
          1     0.3918    0.0486    0.0865      1563
          2     0.4734    0.0587    0.1044      2574
          3     1.0000    0.0006    0.0013      1592
          4     0.9932    0.1839    0.3103      3981
          5     1.0000    1.0000    1.0000       985
          6     1.0000    0.8910    0.9423       431
          7     1.0000    1.0000    1.0000       816

avg / total     0.8252    0.8362    0.7788     54924


             precision    recall  f1-score   support

          0     0.8303    0.9961    0.9057     42982
          1     0.5484    0.0218    0.0418      1563
          2     0.4933    0.0711    0.1243      2574
          3     0.0000    0.0000    0.0000      1592
          4     0.9932    0.1839    0.3103      3981
          5     0.9990    1.0000    0.9995       985
          6     1.0000    0.8933    0.9436       431
          7     1.0000    0.9988    0.9994       816

avg / total     0.8011    0.8366    0.7785     54924


             precision    recall  f1-score   support

          0     0.8303    0.9967    0.9059     42982
          1     0.4190    0.0282    0.0528      1563
          2     0.5490    0.0610    0.1098      2574
          3     0.2727    0.0019    0.0037      1592
          4     0.9932    0.1836    0.3099      3981
          5     1.0000    1.0000    1.0000       985
          6     1.0000    0.8933    0.9436       431
          7     1.0000    1.0000    1.0000       816

avg / total     0.8079    0.8368    0.7783     54924


             precision    recall  f1-score   support

          0     0.8296    0.9970    0.9056     42982
          1     0.4356    0.0282    0.0529      1563
          2     0.4840    0.0470    0.0857      2574
          3     0.0000    0.0000    0.0000      1592
          4     0.9918    0.1834    0.3095      3981
          5     1.0000    1.0000    1.0000       985
          6     1.0000    0.8933    0.9436       431
          7     1.0000    1.0000    1.0000       816

avg / total     0.7969    0.8363    0.7769     54924


             precision    recall  f1-score   support

          0     0.8300    0.9968    0.9058     42982
          1     0.4500    0.0288    0.0541      1563
          2     0.5070    0.0563    0.1014      2574
          3     0.0000    0.0000    0.0000      1592
          4     0.9932    0.1834    0.3096      3981
          5     1.0000    1.0000    1.0000       985
          6     1.0000    0.8933    0.9436       431
          7     1.0000    1.0000    1.0000       816

avg / total     0.7988    0.8366    0.7778     54924


             precision    recall  f1-score   support

          0     0.8309    0.9957    0.9059     42982
          1     0.4552    0.0390    0.0719      1563
          2     0.4904    0.0692    0.1212      2574
          3     0.0000    0.0000    0.0000      1592
          4     0.9932    0.1836    0.3099      3981
          5     1.0000    1.0000    1.0000       985
          6     1.0000    0.8956    0.9449       431
          7     1.0000    1.0000    1.0000       816

avg / total     0.7988    0.8367    0.7793     54924


             precision    recall  f1-score   support

          0     0.8303    0.9967    0.9059     42982
          1     0.4762    0.0320    0.0600      1563
          2     0.5137    0.0583    0.1047      2574
          3     0.0000    0.0000    0.0000      1592
          4     0.9932    0.1846    0.3114      3981
          5     1.0000    1.0000    1.0000       985
          6     1.0000    0.8956    0.9449       431
          7     1.0000    1.0000    1.0000       816

avg / total     0.8000    0.8368    0.7783     54924


             precision    recall  f1-score   support

          0     0.8304    0.9963    0.9058     42982
          1     0.4457    0.0262    0.0495      1563
          2     0.4984    0.0618    0.1099      2574
          3     0.0000    0.0000    0.0000      1592
          4     0.9725    0.1864    0.3128      3981
          5     1.0000    1.0000    1.0000       985
          6     1.0000    0.8886    0.9410       431
          7     1.0000    1.0000    1.0000       816

avg / total     0.7970    0.8366    0.7783     54924


             precision    recall  f1-score   support

          0     0.8303    0.9972    0.9061     42982
          1     0.4417    0.0339    0.0630      1563
          2     0.5441    0.0552    0.1002      2574
          3     0.0000    0.0000    0.0000      1592
          4     0.9932    0.1836    0.3099      3981
          5     1.0000    1.0000    1.0000       985
          6     1.0000    0.8956    0.9449       431
          7     1.0000    1.0000    1.0000       816

avg / total     0.8005    0.8370    0.7783     54924


             precision    recall  f1-score   support

          0     0.8307    0.9960    0.9059     42982
          1     0.4521    0.0422    0.0772      1563
          2     0.5032    0.0618    0.1100      2574
          3     0.0000    0.0000    0.0000      1592
          4     0.9905    0.1841    0.3105      3981
          5     1.0000    1.0000    1.0000       985
          6     1.0000    0.8933    0.9436       431
          7     1.0000    1.0000    1.0000       816

avg / total     0.7990    0.8367    0.7790     54924


             precision    recall  f1-score   support

          0     0.8306    0.9965    0.9060     42982
          1     0.4636    0.0326    0.0610      1563
          2     0.5344    0.0664    0.1182      2574
          3     0.0000    0.0000    0.0000      1592
          4     0.9932    0.1836    0.3099      3981
          5     1.0000    1.0000    1.0000       985
          6     1.0000    0.8979    0.9462       431
          7     1.0000    1.0000    1.0000       816

avg / total     0.8008    0.8370    0.7790     54924


             precision    recall  f1-score   support

          0     0.8302    0.9972    0.9060     42982
          1     0.4592    0.0288    0.0542      1563
          2     0.5275    0.0559    0.1012      2574
          3     0.0000    0.0000    0.0000      1592
          4     0.9946    0.1839    0.3104      3981
          5     1.0000    1.0000    1.0000       985
          6     1.0000    0.8979    0.9462       431
          7     1.0000    1.0000    1.0000       816

avg / total     0.8002    0.8370    0.7780     54924


             precision    recall  f1-score   support

          0     0.8309    0.9960    0.9060     42982
          1     0.4590    0.0358    0.0665      1563
          2     0.4958    0.0692    0.1214      2574
          3     0.0000    0.0000    0.0000      1592
          4     0.9946    0.1836    0.3100      3981
          5     1.0000    1.0000    1.0000       985
          6     1.0000    0.8956    0.9449       431
          7     1.0000    1.0000    1.0000       816

avg / total     0.7993    0.8368    0.7793     54924


             precision    recall  f1-score   support

          0     0.8305    0.9965    0.9059     42982
          1     0.4091    0.0288    0.0538      1563
          2     0.5151    0.0598    0.1072      2574
          3     0.0000    0.0000    0.0000      1592
          4     0.9828    0.1861    0.3130      3981
          5     1.0000    1.0000    1.0000       985
          6     1.0000    0.8956    0.9449       431
          7     1.0000    1.0000    1.0000       816

avg / total     0.7975    0.8367    0.7784     54924

val_acc:0.834680651101,0.835536379215,0.835682034918,0.835773069559,0.835718448959,0.836064381885,0.836173624006,0.836282865208,0.836501350372,0.83579127704,0.836173624354,0.83639210779,0.836282864748,0.836410315158,0.836246449787,0.836519555899,0.836410314811,0.836446728391,0.836228244607,0.836446728851,0.836210038507,0.836392106757,0.836282864175,0.836355693177,0.836027969111,0.836519554979,0.836155415493,0.836082588332,0.83597334667,0.83655596994,0.836301073383,0.836446726325,0.836464934838,0.836410314698,0.836665212982,0.836392106644,0.836173622973,0.836610590888,0.836829073291,0.836282864062,0.836610590081,0.836683417242,0.836847281345,0.836555970287,0.837029350975,0.836701625182,0.837029351088,0.836956522894,0.836829073752,0.836738040165
lr:0.00434127,0.00434127,0.00434127,0.00434127,0.00434127,0.00434127,0.00434127,0.00434127,0.00434127,0.00434127,0.00434127,0.00434127,0.00434127,0.00434127,0.00434127,0.00434127,0.00434127,0.00434127,0.00434127,0.00434127,0.00434127,0.00434127,0.00434127,0.00434127,0.00434127,0.00434127,0.00434127,0.00434127,0.00434127,0.00434127,0.00434127,0.00434127,0.00434127,0.00434127,0.00434127,0.00434127,0.00434127,0.00434127,0.00434127,0.00434127,0.00434127,0.00434127,0.00434127,0.00434127,0.00434127,0.00434127,0.00434127,0.00434127,0.00434127,0.00434127
loss:0.591013787248,0.501403243694,0.495597873412,0.492619364774,0.491277938435,0.489103251607,0.488026518966,0.487143254281,0.486483359359,0.485825168169,0.48510689218,0.484311767876,0.483714144321,0.483099114381,0.482346332476,0.481593158708,0.481154755491,0.48061890464,0.480083087108,0.479293857497,0.479151574186,0.478376876116,0.477954435995,0.477136391909,0.476512428811,0.476262538287,0.475485424919,0.474787840455,0.47419870067,0.474029113435,0.473799915731,0.473332700091,0.472366878917,0.471917907513,0.471791572214,0.471231641129,0.470769778688,0.469918176991,0.469895408206,0.469433305275,0.468903270385,0.468424135936,0.468026915135,0.467018249032,0.467336383742,0.466690894712,0.465873775984,0.465921212249,0.465476056107,0.464414498625
val_loss:0.495905672114,0.489060572763,0.487269915157,0.484967698059,0.486079892087,0.483769648554,0.483807597808,0.482991168549,0.481575815194,0.482332274835,0.482060109605,0.480591922373,0.479854752216,0.480576078373,0.480403300482,0.479714386987,0.478444621276,0.478811477199,0.477264647823,0.477748808308,0.477606259351,0.475849291972,0.479234035859,0.476257038205,0.4768107477,0.475030530965,0.474801223927,0.474529669267,0.477038756578,0.474095335241,0.473987084765,0.47472004644,0.473046626734,0.474545923746,0.471809064578,0.472585525271,0.471672661254,0.473272138166,0.471741407623,0.471458920341,0.471217037148,0.470595641569,0.470579301731,0.470754322156,0.470552672094,0.469505951417,0.46947624571,0.469741116734,0.470271730658,0.470045223634
acc:0.816915086091,0.833173520407,0.833567997553,0.833731855004,0.833932126012,0.834126329228,0.834284120739,0.834369083432,0.834253775982,0.83431446405,0.83445404907,0.834660387525,0.834611837416,0.834636112162,0.834642181192,0.83492134956,0.834708938774,0.834799971541,0.835133757529,0.835006311419,0.835103413544,0.835048795131,0.835073071255,0.835121620316,0.835334030284,0.83552216337,0.835455405705,0.835679954586,0.83546147457,0.835516095046,0.835946981618,0.83564354024,0.835995533591,0.836220080768,0.836104773451,0.836056221169,0.836268630882,0.836305046768,0.836201874042,0.836286838994,0.836438558608,0.836487111345,0.836699519585,0.83683910229,0.836857309149,0.83685124057,0.836978686326,0.837087926471,0.837142544264,0.837087926309
