
             precision    recall  f1-score   support

          0     0.8259    0.9998    0.9046     42982
          1     0.0000    0.0000    0.0000      1563
          2     1.0000    0.0113    0.0223      2574
          3     0.0000    0.0000    0.0000      1592
          4     0.9932    0.1834    0.3096      3981
          5     0.9840    1.0000    0.9919       985
          6     1.0000    0.7703    0.8702       431
          7     0.9962    0.9706    0.9832       816

avg / total     0.8055    0.8346    0.7706     54924


             precision    recall  f1-score   support

          0     0.8265    1.0000    0.9050     42982
          1     0.0000    0.0000    0.0000      1563
          2     1.0000    0.0120    0.0238      2574
          3     0.0000    0.0000    0.0000      1592
          4     0.9973    0.1834    0.3098      3981
          5     0.9939    1.0000    0.9970       985
          6     1.0000    0.8445    0.9157       431
          7     1.0000    0.9828    0.9913       816

avg / total     0.8065    0.8356    0.7716     54924


             precision    recall  f1-score   support

          0     0.8266    0.9999    0.9050     42982
          1     0.0000    0.0000    0.0000      1563
          2     0.9167    0.0128    0.0253      2574
          3     0.0000    0.0000    0.0000      1592
          4     0.9973    0.1834    0.3098      3981
          5     0.9960    1.0000    0.9980       985
          6     1.0000    0.8538    0.9212       431
          7     1.0000    0.9865    0.9932       816

avg / total     0.8027    0.8357    0.7718     54924


             precision    recall  f1-score   support

          0     0.8270    0.9995    0.9051     42982
          1     0.0000    0.0000    0.0000      1563
          2     0.5921    0.0175    0.0340      2574
          3     0.0000    0.0000    0.0000      1592
          4     0.9973    0.1834    0.3098      3981
          5     0.9960    1.0000    0.9980       985
          6     1.0000    0.8631    0.9265       431
          7     1.0000    0.9926    0.9963       816

avg / total     0.7878    0.8357    0.7723     54924


             precision    recall  f1-score   support

          0     0.8269    0.9998    0.9051     42982
          1     0.0000    0.0000    0.0000      1563
          2     0.7959    0.0152    0.0297      2574
          3     0.0000    0.0000    0.0000      1592
          4     0.9973    0.1834    0.3098      3981
          5     0.9960    1.0000    0.9980       985
          6     1.0000    0.8677    0.9292       431
          7     1.0000    0.9939    0.9969       816

avg / total     0.7972    0.8359    0.7722     54924


             precision    recall  f1-score   support

          0     0.8271    0.9998    0.9053     42982
          1     0.0000    0.0000    0.0000      1563
          2     0.7833    0.0183    0.0357      2574
          3     0.0000    0.0000    0.0000      1592
          4     0.9973    0.1834    0.3098      3981
          5     0.9960    1.0000    0.9980       985
          6     1.0000    0.8747    0.9332       431
          7     1.0000    0.9951    0.9975       816

avg / total     0.7969    0.8361    0.7726     54924


             precision    recall  f1-score   support

          0     0.8269    1.0000    0.9052     42982
          1     0.0000    0.0000    0.0000      1563
          2     0.9730    0.0140    0.0276      2574
          3     0.0000    0.0000    0.0000      1592
          4     0.9973    0.1834    0.3098      3981
          5     1.0000    1.0000    1.0000       985
          6     1.0000    0.8747    0.9332       431
          7     1.0000    1.0000    1.0000       816

avg / total     0.8056    0.8361    0.7723     54924


             precision    recall  f1-score   support

          0     0.8274    0.9997    0.9054     42982
          1     0.0000    0.0000    0.0000      1563
          2     0.7215    0.0221    0.0430      2574
          3     0.0000    0.0000    0.0000      1592
          4     0.9973    0.1834    0.3098      3981
          5     0.9980    1.0000    0.9990       985
          6     1.0000    0.8724    0.9318       431
          7     1.0000    0.9975    0.9988       816

avg / total     0.7942    0.8362    0.7731     54924


             precision    recall  f1-score   support

          0     0.8274    0.9995    0.9054     42982
          1     0.8333    0.0032    0.0064      1563
          2     0.6413    0.0229    0.0443      2574
          3     0.0000    0.0000    0.0000      1592
          4     0.9973    0.1834    0.3098      3981
          5     0.9990    1.0000    0.9995       985
          6     1.0000    0.8701    0.9305       431
          7     1.0000    0.9988    0.9994       816

avg / total     0.8142    0.8362    0.7733     54924


             precision    recall  f1-score   support

          0     0.8279    0.9990    0.9055     42982
          1     0.0000    0.0000    0.0000      1563
          2     0.5497    0.0322    0.0609      2574
          3     0.0000    0.0000    0.0000      1592
          4     0.9973    0.1834    0.3098      3981
          5     1.0000    1.0000    1.0000       985
          6     1.0000    0.8770    0.9345       431
          7     1.0000    1.0000    1.0000       816

avg / total     0.7866    0.8362    0.7740     54924


             precision    recall  f1-score   support

          0     0.8279    0.9992    0.9055     42982
          1     0.4000    0.0026    0.0051      1563
          2     0.6031    0.0307    0.0584      2574
          3     0.0000    0.0000    0.0000      1592
          4     0.9973    0.1834    0.3098      3981
          5     1.0000    1.0000    1.0000       985
          6     1.0000    0.8770    0.9345       431
          7     1.0000    1.0000    1.0000       816

avg / total     0.8005    0.8364    0.7741     54924


             precision    recall  f1-score   support

          0     0.8280    0.9991    0.9055     42982
          1     0.4286    0.0019    0.0038      1563
          2     0.5694    0.0319    0.0603      2574
          3     0.0000    0.0000    0.0000      1592
          4     0.9973    0.1834    0.3098      3981
          5     1.0000    1.0000    1.0000       985
          6     1.0000    0.8747    0.9332       431
          7     1.0000    1.0000    1.0000       816

avg / total     0.7998    0.8363    0.7741     54924


             precision    recall  f1-score   support

          0     0.8280    0.9990    0.9055     42982
          1     0.5000    0.0026    0.0051      1563
          2     0.5570    0.0322    0.0610      2574
          3     0.0000    0.0000    0.0000      1592
          4     0.9973    0.1834    0.3098      3981
          5     1.0000    1.0000    1.0000       985
          6     1.0000    0.8747    0.9332       431
          7     1.0000    1.0000    1.0000       816

avg / total     0.8012    0.8363    0.7742     54924


             precision    recall  f1-score   support

          0     0.8278    0.9995    0.9055     42982
          1     0.6000    0.0058    0.0114      1563
          2     0.6735    0.0256    0.0494      2574
          3     0.0000    0.0000    0.0000      1592
          4     0.9959    0.1834    0.3097      3981
          5     1.0000    1.0000    1.0000       985
          6     1.0000    0.8794    0.9358       431
          7     1.0000    1.0000    1.0000       816

avg / total     0.8092    0.8365    0.7739     54924


             precision    recall  f1-score   support

          0     0.8276    0.9994    0.9054     42982
          1     0.5000    0.0058    0.0114      1563
          2     0.6364    0.0218    0.0421      2574
          3     0.0000    0.0000    0.0000      1592
          4     0.9973    0.1834    0.3098      3981
          5     1.0000    1.0000    1.0000       985
          6     1.0000    0.8794    0.9358       431
          7     1.0000    1.0000    1.0000       816

avg / total     0.8046    0.8363    0.7735     54924


             precision    recall  f1-score   support

          0     0.8277    0.9989    0.9053     42982
          1     0.4167    0.0064    0.0126      1563
          2     0.5424    0.0249    0.0475      2574
          3     0.0000    0.0000    0.0000      1592
          4     0.9959    0.1834    0.3097      3981
          5     1.0000    1.0000    1.0000       985
          6     1.0000    0.8770    0.9345       431
          7     1.0000    1.0000    1.0000       816

avg / total     0.7979    0.8360    0.7736     54924


             precision    recall  f1-score   support

          0     0.8289    0.9981    0.9057     42982
          1     0.3913    0.0058    0.0113      1563
          2     0.5085    0.0462    0.0848      2574
          3     0.0000    0.0000    0.0000      1592
          4     0.9973    0.1834    0.3098      3981
          5     1.0000    1.0000    1.0000       985
          6     1.0000    0.8794    0.9358       431
          7     1.0000    1.0000    1.0000       816

avg / total     0.7966    0.8364    0.7756     54924


             precision    recall  f1-score   support

          0     0.8282    0.9990    0.9056     42982
          1     0.2759    0.0051    0.0101      1563
          2     0.6016    0.0299    0.0570      2574
          3     0.0000    0.0000    0.0000      1592
          4     0.9973    0.1834    0.3098      3981
          5     1.0000    1.0000    1.0000       985
          6     1.0000    0.8910    0.9423       431
          7     1.0000    1.0000    1.0000       816

avg / total     0.7971    0.8364    0.7743     54924


             precision    recall  f1-score   support

          0     0.8288    0.9983    0.9057     42982
          1     0.4058    0.0179    0.0343      1563
          2     0.5868    0.0381    0.0715      2574
          3     0.0000    0.0000    0.0000      1592
          4     0.9959    0.1834    0.3097      3981
          5     1.0000    1.0000    1.0000       985
          6     1.0000    0.8794    0.9358       431
          7     1.0000    1.0000    1.0000       816

avg / total     0.8004    0.8365    0.7757     54924


             precision    recall  f1-score   support

          0     0.8287    0.9986    0.9057     42982
          1     0.4324    0.0102    0.0200      1563
          2     0.5642    0.0392    0.0734      2574
          3     0.0000    0.0000    0.0000      1592
          4     0.9959    0.1834    0.3097      3981
          5     1.0000    1.0000    1.0000       985
          6     1.0000    0.8794    0.9358       431
          7     1.0000    1.0000    1.0000       816

avg / total     0.8001    0.8366    0.7754     54924


             precision    recall  f1-score   support

          0     0.8283    0.9986    0.9055     42982
          1     0.3810    0.0051    0.0101      1563
          2     0.5471    0.0361    0.0678      2574
          3     0.0000    0.0000    0.0000      1592
          4     0.9973    0.1834    0.3098      3981
          5     1.0000    1.0000    1.0000       985
          6     1.0000    0.8863    0.9397       431
          7     1.0000    1.0000    1.0000       816

avg / total     0.7976    0.8363    0.7747     54924


             precision    recall  f1-score   support

          0     0.8287    0.9980    0.9055     42982
          1     0.3191    0.0096    0.0186      1563
          2     0.4523    0.0350    0.0649      2574
          3     0.0000    0.0000    0.0000      1592
          4     0.9959    0.1834    0.3097      3981
          5     0.9990    1.0000    0.9995       985
          6     1.0000    0.8886    0.9410       431
          7     1.0000    0.9988    0.9994       816

avg / total     0.7916    0.8360    0.7748     54924


             precision    recall  f1-score   support

          0     0.8287    0.9977    0.9054     42982
          1     0.3725    0.0122    0.0235      1563
          2     0.4811    0.0396    0.0732      2574
          3     0.0000    0.0000    0.0000      1592
          4     0.9959    0.1834    0.3097      3981
          5     1.0000    1.0000    1.0000       985
          6     1.0000    0.8886    0.9410       431
          7     1.0000    1.0000    1.0000       816

avg / total     0.7945    0.8360    0.7753     54924


             precision    recall  f1-score   support

          0     0.8288    0.9975    0.9053     42982
          1     0.3289    0.0160    0.0305      1563
          2     0.4724    0.0365    0.0678      2574
          3     0.0000    0.0000    0.0000      1592
          4     0.9973    0.1834    0.3098      3981
          5     1.0000    1.0000    1.0000       985
          6     1.0000    0.8910    0.9423       431
          7     1.0000    1.0000    1.0000       816

avg / total     0.7930    0.8358    0.7752     54924


             precision    recall  f1-score   support

          0     0.8293    0.9969    0.9054     42982
          1     0.3250    0.0166    0.0316      1563
          2     0.4690    0.0470    0.0855      2574
          3     0.0000    0.0000    0.0000      1592
          4     0.9973    0.1834    0.3098      3981
          5     1.0000    1.0000    1.0000       985
          6     1.0000    0.8933    0.9436       431
          7     1.0000    1.0000    1.0000       816

avg / total     0.7931    0.8359    0.7761     54924


             precision    recall  f1-score   support

          0     0.8287    0.9978    0.9054     42982
          1     0.5667    0.0109    0.0213      1563
          2     0.5070    0.0423    0.0782      2574
          3     0.0000    0.0000    0.0000      1592
          4     0.9973    0.1834    0.3098      3981
          5     1.0000    1.0000    1.0000       985
          6     0.9847    0.8956    0.9380       431
          7     1.0000    1.0000    1.0000       816

avg / total     0.8012    0.8363    0.7754     54924


             precision    recall  f1-score   support

          0     0.8288    0.9971    0.9052     42982
          1     0.4250    0.0109    0.0212      1563
          2     0.4496    0.0451    0.0819      2574
          3     0.0000    0.0000    0.0000      1592
          4     0.9973    0.1834    0.3098      3981
          5     1.0000    1.0000    1.0000       985
          6     1.0000    0.8933    0.9436       431
          7     1.0000    1.0000    1.0000       816

avg / total     0.7947    0.8358    0.7755     54924


             precision    recall  f1-score   support

          0     0.8295    0.9966    0.9054     42982
          1     0.3429    0.0230    0.0432      1563
          2     0.4902    0.0486    0.0884      2574
          3     0.0000    0.0000    0.0000      1592
          4     0.9959    0.1834    0.3097      3981
          5     1.0000    1.0000    1.0000       985
          6     1.0000    0.8933    0.9436       431
          7     1.0000    1.0000    1.0000       816

avg / total     0.7947    0.8360    0.7766     54924


             precision    recall  f1-score   support

          0     0.8294    0.9964    0.9053     42982
          1     0.4048    0.0218    0.0413      1563
          2     0.4266    0.0474    0.0853      2574
          3     0.0000    0.0000    0.0000      1592
          4     0.9959    0.1834    0.3097      3981
          5     1.0000    1.0000    1.0000       985
          6     1.0000    0.8910    0.9423       431
          7     1.0000    1.0000    1.0000       816

avg / total     0.7934    0.8357    0.7763     54924


             precision    recall  f1-score   support

          0     0.8296    0.9966    0.9054     42982
          1     0.3718    0.0186    0.0353      1563
          2     0.4456    0.0509    0.0914      2574
          3     0.0000    0.0000    0.0000      1592
          4     0.9973    0.1834    0.3098      3981
          5     1.0000    1.0000    1.0000       985
          6     1.0000    0.8956    0.9449       431
          7     1.0000    1.0000    1.0000       816

avg / total     0.7936    0.8359    0.7765     54924


             precision    recall  f1-score   support

          0     0.8295    0.9966    0.9054     42982
          1     0.3780    0.0307    0.0568      1563
          2     0.4812    0.0447    0.0818      2574
          3     0.0000    0.0000    0.0000      1592
          4     0.9946    0.1834    0.3097      3981
          5     1.0000    1.0000    1.0000       985
          6     1.0000    0.8910    0.9423       431
          7     1.0000    1.0000    1.0000       816

avg / total     0.7952    0.8359    0.7766     54924


             precision    recall  f1-score   support

          0     0.8295    0.9969    0.9055     42982
          1     0.3485    0.0147    0.0282      1563
          2     0.4982    0.0552    0.0993      2574
          3     0.0000    0.0000    0.0000      1592
          4     0.9973    0.1834    0.3098      3981
          5     1.0000    1.0000    1.0000       985
          6     1.0000    0.8933    0.9436       431
          7     1.0000    1.0000    1.0000       816

avg / total     0.7954    0.8362    0.7768     54924


             precision    recall  f1-score   support

          0     0.8296    0.9971    0.9057     42982
          1     0.3333    0.0256    0.0475      1563
          2     0.4933    0.0427    0.0787      2574
          3     0.0000    0.0000    0.0000      1592
          4     0.9973    0.1834    0.3098      3981
          5     1.0000    1.0000    1.0000       985
          6     1.0000    0.8910    0.9423       431
          7     1.0000    1.0000    1.0000       816

avg / total     0.7947    0.8361    0.7764     54924


             precision    recall  f1-score   support

          0     0.8296    0.9968    0.9055     42982
          1     0.3333    0.0218    0.0408      1563
          2     0.4672    0.0470    0.0854      2574
          3     0.0000    0.0000    0.0000      1592
          4     0.9946    0.1834    0.3097      3981
          5     1.0000    1.0000    1.0000       985
          6     1.0000    0.8933    0.9436       431
          7     1.0000    1.0000    1.0000       816

avg / total     0.7933    0.8360    0.7764     54924


             precision    recall  f1-score   support

          0     0.8298    0.9964    0.9055     42982
          1     0.3902    0.0205    0.0389      1563
          2     0.4792    0.0583    0.1039      2574
          3     0.0000    0.0000    0.0000      1592
          4     0.9973    0.1834    0.3098      3981
          5     1.0000    1.0000    1.0000       985
          6     1.0000    0.8933    0.9436       431
          7     1.0000    1.0000    1.0000       816

avg / total     0.7959    0.8362    0.7773     54924


             precision    recall  f1-score   support

          0     0.8293    0.9972    0.9055     42982
          1     0.4000    0.0282    0.0526      1563
          2     0.4744    0.0396    0.0731      2574
          3     0.0000    0.0000    0.0000      1592
          4     0.9973    0.1834    0.3098      3981
          5     1.0000    1.0000    1.0000       985
          6     1.0000    0.8910    0.9423       431
          7     1.0000    1.0000    1.0000       816

avg / total     0.7955    0.8361    0.7762     54924


             precision    recall  f1-score   support

          0     0.8298    0.9967    0.9057     42982
          1     0.3871    0.0384    0.0698      1563
          2     0.5111    0.0447    0.0822      2574
          3     0.0000    0.0000    0.0000      1592
          4     0.9973    0.1836    0.3101      3981
          5     1.0000    1.0000    1.0000       985
          6     1.0000    0.8910    0.9423       431
          7     1.0000    1.0000    1.0000       816

avg / total     0.7973    0.8363    0.7772     54924


             precision    recall  f1-score   support

          0     0.8300    0.9961    0.9055     42982
          1     0.4444    0.0333    0.0619      1563
          2     0.4641    0.0552    0.0986      2574
          3     0.0000    0.0000    0.0000      1592
          4     0.9973    0.1831    0.3094      3981
          5     1.0000    1.0000    1.0000       985
          6     1.0000    0.8910    0.9423       431
          7     1.0000    1.0000    1.0000       816

avg / total     0.7969    0.8361    0.7776     54924


             precision    recall  f1-score   support

          0     0.8303    0.9960    0.9056     42982
          1     0.3516    0.0205    0.0387      1563
          2     0.4884    0.0653    0.1151      2574
          3     0.0000    0.0000    0.0000      1592
          4     0.9946    0.1844    0.3111      3981
          5     1.0000    1.0000    1.0000       985
          6     1.0000    0.8933    0.9436       431
          7     1.0000    1.0000    1.0000       816

avg / total     0.7954    0.8363    0.7780     54924


             precision    recall  f1-score   support

          0     0.8304    0.9963    0.9058     42982
          1     0.3908    0.0218    0.0412      1563
          2     0.4755    0.0641    0.1130      2574
          3     0.0000    0.0000    0.0000      1592
          4     0.9932    0.1839    0.3103      3981
          5     1.0000    1.0000    1.0000       985
          6     1.0000    0.8910    0.9423       431
          7     1.0000    1.0000    1.0000       816

avg / total     0.7959    0.8364    0.7780     54924


             precision    recall  f1-score   support

          0     0.8297    0.9968    0.9056     42982
          1     0.4231    0.0282    0.0528      1563
          2     0.4884    0.0490    0.0890      2574
          3     0.0000    0.0000    0.0000      1592
          4     0.9906    0.1844    0.3109      3981
          5     1.0000    1.0000    1.0000       985
          6     1.0000    0.8933    0.9436       431
          7     1.0000    1.0000    1.0000       816

avg / total     0.7967    0.8363    0.7771     54924


             precision    recall  f1-score   support

          0     0.8299    0.9969    0.9058     42982
          1     0.4341    0.0358    0.0662      1563
          2     0.5294    0.0490    0.0896      2574
          3     0.0000    0.0000    0.0000      1592
          4     0.9919    0.1846    0.3113      3981
          5     1.0000    1.0000    1.0000       985
          6     1.0000    0.8933    0.9436       431
          7     1.0000    1.0000    1.0000       816

avg / total     0.7992    0.8367    0.7777     54924


             precision    recall  f1-score   support

          0     0.8304    0.9963    0.9058     42982
          1     0.4247    0.0397    0.0726      1563
          2     0.4965    0.0556    0.0999      2574
          3     0.0000    0.0000    0.0000      1592
          4     0.9946    0.1846    0.3114      3981
          5     1.0000    1.0000    1.0000       985
          6     1.0000    0.8910    0.9423       431
          7     1.0000    1.0000    1.0000       816

avg / total     0.7979    0.8365    0.7784     54924


             precision    recall  f1-score   support

          0     0.8304    0.9962    0.9058     42982
          1     0.4195    0.0467    0.0841      1563
          2     0.5058    0.0505    0.0918      2574
          3     0.0000    0.0000    0.0000      1592
          4     0.9932    0.1844    0.3110      3981
          5     1.0000    1.0000    1.0000       985
          6     1.0000    0.8933    0.9436       431
          7     1.0000    1.0000    1.0000       816

avg / total     0.7981    0.8365    0.7783     54924


             precision    recall  f1-score   support

          0     0.8301    0.9975    0.9061     42982
          1     0.4839    0.0288    0.0543      1563
          2     0.5354    0.0528    0.0962      2574
          3     0.0000    0.0000    0.0000      1592
          4     0.9946    0.1844    0.3111      3981
          5     1.0000    1.0000    1.0000       985
          6     0.9974    0.8933    0.9425       431
          7     1.0000    1.0000    1.0000       816

avg / total     0.8011    0.8371    0.7779     54924


             precision    recall  f1-score   support

          0     0.8303    0.9966    0.9059     42982
          1     0.4538    0.0377    0.0697      1563
          2     0.4928    0.0528    0.0954      2574
          3     0.0000    0.0000    0.0000      1592
          4     0.9905    0.1839    0.3102      3981
          5     1.0000    1.0000    1.0000       985
          6     1.0000    0.8933    0.9436       431
          7     1.0000    1.0000    1.0000       816

avg / total     0.7982    0.8366    0.7780     54924


             precision    recall  f1-score   support

          0     0.8305    0.9965    0.9060     42982
          1     0.4560    0.0365    0.0675      1563
          2     0.5274    0.0598    0.1075      2574
          3     0.3333    0.0013    0.0025      1592
          4     0.9892    0.1846    0.3112      3981
          5     1.0000    1.0000    1.0000       985
          6     1.0000    0.8933    0.9436       431
          7     1.0000    1.0000    1.0000       816

avg / total     0.8096    0.8369    0.7788     54924


             precision    recall  f1-score   support

          0     0.8309    0.9956    0.9058     42982
          1     0.4769    0.0397    0.0732      1563
          2     0.4904    0.0692    0.1212      2574
          3     0.0000    0.0000    0.0000      1592
          4     0.9879    0.1846    0.3111      3981
          5     1.0000    1.0000    1.0000       985
          6     1.0000    0.8933    0.9436       431
          7     1.0000    1.0000    1.0000       816

avg / total     0.7990    0.8366    0.7794     54924


             precision    recall  f1-score   support

          0     0.8309    0.9953    0.9057     42982
          1     0.4636    0.0448    0.0817      1563
          2     0.4870    0.0653    0.1151      2574
          3     0.0000    0.0000    0.0000      1592
          4     0.9827    0.1859    0.3126      3981
          5     1.0000    1.0000    1.0000       985
          6     1.0000    0.8933    0.9436       431
          7     1.0000    1.0000    1.0000       816

avg / total     0.7981    0.8365    0.7794     54924


             precision    recall  f1-score   support

          0     0.8309    0.9958    0.9059     42982
          1     0.4806    0.0397    0.0733      1563
          2     0.5157    0.0703    0.1238      2574
          3     0.0000    0.0000    0.0000      1592
          4     0.9853    0.1851    0.3117      3981
          5     1.0000    1.0000    1.0000       985
          6     1.0000    0.8933    0.9436       431
          7     1.0000    1.0000    1.0000       816

avg / total     0.8002    0.8369    0.7796     54924

val_acc:0.83464423808,0.835554585094,0.835682034419,0.835718447383,0.835900518524,0.836137209506,0.836137208321,0.836246450373,0.836210035347,0.836246450373,0.83639210618,0.836337484758,0.836301071794,0.83650134775,0.836301070918,0.836027966181,0.836392108945,0.836446726811,0.836519555899,0.836555970357,0.836337485857,0.835955139155,0.836009760884,0.835845896707,0.835882313227,0.836282862855,0.835791277656,0.835973346427,0.835682035517,0.835900518129,0.835918725709,0.836246451471,0.836137210999,0.835955140253,0.836191830532,0.836082591158,0.836282866016,0.836137209419,0.836282863337,0.836392108945,0.836301073288,0.836665215174,0.836537761505,0.836483140083,0.837065766735,0.836592382926,0.836901903391,0.836647007112,0.83653776427,0.836920109873
lr:0.0035177,0.0035177,0.0035177,0.0035177,0.0035177,0.0035177,0.0035177,0.0035177,0.0035177,0.0035177,0.0035177,0.0035177,0.0035177,0.0035177,0.0035177,0.0035177,0.0035177,0.0035177,0.0035177,0.0035177,0.0035177,0.0035177,0.0035177,0.0035177,0.0035177,0.0035177,0.0035177,0.0035177,0.0035177,0.0035177,0.0035177,0.0035177,0.0035177,0.0035177,0.0035177,0.0035177,0.0035177,0.0035177,0.0035177,0.0035177,0.0035177,0.0035177,0.0035177,0.0035177,0.0035177,0.0035177,0.001,0.001,0.001,0.001
loss:0.603188822679,0.502165743014,0.496498420364,0.493028698883,0.491536136542,0.489979908193,0.488751712184,0.487600085702,0.486995911624,0.486364939572,0.485664991992,0.484463993162,0.48430636618,0.48343454118,0.483079662315,0.482384365703,0.48195822865,0.481663370921,0.480814940274,0.480517147804,0.48011140815,0.479692242963,0.478952723587,0.478631203387,0.478072766827,0.47772630418,0.476900880636,0.476315273205,0.476289706557,0.475492712422,0.475079446219,0.474307032103,0.474032860608,0.473549184609,0.47308695367,0.472535438217,0.471801261304,0.471368552731,0.470817208603,0.469788400775,0.469157483068,0.469115000511,0.46846228543,0.467942545193,0.467527150466,0.466591409976,0.463203065256,0.462289772521,0.461882876112,0.461601642371
val_loss:0.500552404896,0.490872547409,0.487062039709,0.486873208658,0.485391613724,0.484606628181,0.484964392119,0.482601775765,0.482134702851,0.483863598086,0.481801176191,0.482335466169,0.480536248965,0.480265790227,0.479409597907,0.480168092454,0.479409965295,0.478428514225,0.479596298774,0.478274212458,0.477694509208,0.478805580741,0.477910546979,0.477335816982,0.477387834436,0.477322381224,0.476296188121,0.477108819349,0.476102872154,0.475857986625,0.476151517614,0.47527833749,0.474230446074,0.47454246348,0.473308243418,0.473844185991,0.473100761794,0.472670848754,0.472661382075,0.472409313552,0.471195462049,0.470290655172,0.470760337671,0.470864882434,0.470263389838,0.47162032209,0.467631613548,0.467482022967,0.467097777585,0.466603655616
acc:0.814074867914,0.833088558859,0.833719717967,0.833707580053,0.834059574686,0.833974609693,0.834156675824,0.834223431919,0.834387292597,0.834217364476,0.83460576998,0.834514737168,0.834356946607,0.834526874602,0.834575426265,0.834787836059,0.83475142317,0.834775698145,0.835030589188,0.83506093328,0.835073070288,0.834891005833,0.835000243997,0.83501845162,0.835291548673,0.835218722927,0.835388651323,0.835437201314,0.835522165879,0.835649610327,0.835692093029,0.835880227912,0.835807401241,0.835898433842,0.835837745728,0.836050155953,0.835995536785,0.836305046642,0.8363111156,0.836529594714,0.836426423966,0.836408215956,0.836681314584,0.836875517375,0.836608488706,0.836881586873,0.837482401289,0.837779776403,0.837834394723,0.837658399214
