
             precision    recall  f1-score   support

          0     0.8265    0.9999    0.9050     42982
          1     0.0000    0.0000    0.0000      1563
          2     1.0000    0.0120    0.0238      2574
          3     0.0000    0.0000    0.0000      1592
          4     0.9946    0.1834    0.3097      3981
          5     0.9949    1.0000    0.9975       985
          6     1.0000    0.8561    0.9225       431
          7     1.0000    0.9841    0.9920       816

avg / total     0.8063    0.8356    0.7717     54924


             precision    recall  f1-score   support

          0     0.8280    0.9976    0.9049     42982
          1     0.0000    0.0000    0.0000      1563
          2     0.4557    0.0420    0.0768      2574
          3     0.0000    0.0000    0.0000      1592
          4     0.9973    0.1834    0.3098      3981
          5     0.9990    1.0000    0.9995       985
          6     1.0000    0.8538    0.9212       431
          7     1.0000    0.9951    0.9975       816

avg / total     0.7822    0.8354    0.7742     54924


             precision    recall  f1-score   support

          0     0.8272    0.9990    0.9050     42982
          1     0.0000    0.0000    0.0000      1563
          2     0.5149    0.0202    0.0389      2574
          3     0.0000    0.0000    0.0000      1592
          4     0.9973    0.1834    0.3098      3981
          5     1.0000    1.0000    1.0000       985
          6     1.0000    0.8747    0.9332       431
          7     1.0000    1.0000    1.0000       816

avg / total     0.7844    0.8357    0.7726     54924


             precision    recall  f1-score   support

          0     0.8282    0.9986    0.9054     42982
          1     0.0000    0.0000    0.0000      1563
          2     0.5816    0.0443    0.0823      2574
          3     0.0000    0.0000    0.0000      1592
          4     0.9973    0.1834    0.3098      3981
          5     1.0000    1.0000    1.0000       985
          6     1.0000    0.8608    0.9252       431
          7     1.0000    1.0000    1.0000       816

avg / total     0.7883    0.8364    0.7749     54924


             precision    recall  f1-score   support

          0     0.8277    0.9983    0.9050     42982
          1     0.5000    0.0032    0.0064      1563
          2     0.4793    0.0315    0.0591      2574
          3     0.0000    0.0000    0.0000      1592
          4     0.9973    0.1834    0.3098      3981
          5     1.0000    1.0000    1.0000       985
          6     1.0000    0.8585    0.9238       431
          7     1.0000    1.0000    1.0000       816

avg / total     0.7974    0.8356    0.7737     54924


             precision    recall  f1-score   support

          0     0.8280    0.9990    0.9055     42982
          1     0.3333    0.0051    0.0101      1563
          2     0.5669    0.0280    0.0533      2574
          3     0.0000    0.0000    0.0000      1592
          4     0.9973    0.1834    0.3098      3981
          5     1.0000    1.0000    1.0000       985
          6     1.0000    0.8840    0.9384       431
          7     1.0000    1.0000    1.0000       816

avg / total     0.7969    0.8362    0.7740     54924


             precision    recall  f1-score   support

          0     0.8284    0.9982    0.9054     42982
          1     0.4167    0.0128    0.0248      1563
          2     0.5503    0.0361    0.0678      2574
          3     0.0000    0.0000    0.0000      1592
          4     0.9973    0.1834    0.3098      3981
          5     1.0000    1.0000    1.0000       985
          6     1.0000    0.8886    0.9410       431
          7     1.0000    1.0000    1.0000       816

avg / total     0.7988    0.8362    0.7750     54924


             precision    recall  f1-score   support

          0     0.8290    0.9983    0.9058     42982
          1     0.3889    0.0179    0.0343      1563
          2     0.5575    0.0377    0.0706      2574
          3     0.0000    0.0000    0.0000      1592
          4     0.9973    0.1834    0.3098      3981
          5     1.0000    1.0000    1.0000       985
          6     1.0000    0.8933    0.9436       431
          7     1.0000    1.0000    1.0000       816

avg / total     0.7989    0.8366    0.7758     54924


             precision    recall  f1-score   support

          0     0.8279    0.9990    0.9054     42982
          1     0.3947    0.0096    0.0187      1563
          2     0.5865    0.0237    0.0456      2574
          3     0.0000    0.0000    0.0000      1592
          4     0.9973    0.1834    0.3098      3981
          5     1.0000    1.0000    1.0000       985
          6     1.0000    0.8840    0.9384       431
          7     1.0000    1.0000    1.0000       816

avg / total     0.7995    0.8362    0.7738     54924


             precision    recall  f1-score   support

          0     0.8288    0.9977    0.9055     42982
          1     0.3333    0.0006    0.0013      1563
          2     0.5076    0.0521    0.0944      2574
          3     0.0000    0.0000    0.0000      1592
          4     0.9959    0.1834    0.3097      3981
          5     1.0000    1.0000    1.0000       985
          6     1.0000    0.8886    0.9410       431
          7     1.0000    1.0000    1.0000       816

avg / total     0.7947    0.8363    0.7757     54924


             precision    recall  f1-score   support

          0     0.8281    0.9989    0.9055     42982
          1     0.4286    0.0134    0.0261      1563
          2     0.6491    0.0287    0.0551      2574
          3     0.0000    0.0000    0.0000      1592
          4     0.9946    0.1836    0.3100      3981
          5     1.0000    1.0000    1.0000       985
          6     1.0000    0.8840    0.9384       431
          7     1.0000    1.0000    1.0000       816

avg / total     0.8034    0.8365    0.7746     54924


             precision    recall  f1-score   support

          0     0.8287    0.9982    0.9056     42982
          1     0.3913    0.0115    0.0224      1563
          2     0.5272    0.0377    0.0703      2574
          3     0.0000    0.0000    0.0000      1592
          4     0.9932    0.1834    0.3096      3981
          5     1.0000    1.0000    1.0000       985
          6     1.0000    0.8933    0.9436       431
          7     1.0000    1.0000    1.0000       816

avg / total     0.7970    0.8364    0.7753     54924


             precision    recall  f1-score   support

          0     0.8283    0.9984    0.9054     42982
          1     0.4054    0.0096    0.0187      1563
          2     0.5417    0.0354    0.0664      2574
          3     0.0000    0.0000    0.0000      1592
          4     0.9959    0.1826    0.3086      3981
          5     1.0000    1.0000    1.0000       985
          6     1.0000    0.8863    0.9397       431
          7     1.0000    1.0000    1.0000       816

avg / total     0.7980    0.8362    0.7747     54924


             precision    recall  f1-score   support

          0     0.8280    0.9985    0.9053     42982
          1     0.3600    0.0058    0.0113      1563
          2     0.5166    0.0303    0.0572      2574
          3     0.0000    0.0000    0.0000      1592
          4     0.9959    0.1834    0.3097      3981
          5     1.0000    1.0000    1.0000       985
          6     1.0000    0.8886    0.9410       431
          7     1.0000    1.0000    1.0000       816

avg / total     0.7953    0.8360    0.7741     54924


             precision    recall  f1-score   support

          0     0.8290    0.9974    0.9054     42982
          1     0.3333    0.0045    0.0088      1563
          2     0.4864    0.0486    0.0883      2574
          3     0.4545    0.0031    0.0062      1592
          4     0.9946    0.1836    0.3100      3981
          5     1.0000    1.0000    1.0000       985
          6     1.0000    0.8910    0.9423       431
          7     1.0000    1.0000    1.0000       816

avg / total     0.8069    0.8361    0.7758     54924


             precision    recall  f1-score   support

          0     0.8292    0.9968    0.9053     42982
          1     0.3708    0.0211    0.0400      1563
          2     0.4689    0.0439    0.0803      2574
          3     0.0000    0.0000    0.0000      1592
          4     0.9946    0.1834    0.3097      3981
          5     1.0000    1.0000    1.0000       985
          6     1.0000    0.8979    0.9462       431
          7     1.0000    1.0000    1.0000       816

avg / total     0.7942    0.8358    0.7760     54924


             precision    recall  f1-score   support

          0     0.8299    0.9954    0.9052     42982
          1     0.4000    0.0090    0.0175      1563
          2     0.4126    0.0660    0.1139      2574
          3     0.0000    0.0000    0.0000      1592
          4     0.9946    0.1836    0.3100      3981
          5     1.0000    1.0000    1.0000       985
          6     1.0000    0.8979    0.9462       431
          7     1.0000    1.0000    1.0000       816

avg / total     0.7929    0.8355    0.7769     54924


             precision    recall  f1-score   support

          0     0.8290    0.9967    0.9051     42982
          1     0.5306    0.0166    0.0323      1563
          2     0.4128    0.0451    0.0813      2574
          3     0.0000    0.0000    0.0000      1592
          4     0.9959    0.1836    0.3101      3981
          5     1.0000    1.0000    1.0000       985
          6     1.0000    0.8840    0.9384       431
          7     1.0000    1.0000    1.0000       816

avg / total     0.7960    0.8356    0.7757     54924


             precision    recall  f1-score   support

          0     0.8289    0.9978    0.9055     42982
          1     0.4419    0.0122    0.0237      1563
          2     0.4664    0.0404    0.0744      2574
          3     0.0000    0.0000    0.0000      1592
          4     0.9959    0.1836    0.3101      3981
          5     1.0000    1.0000    1.0000       985
          6     1.0000    0.8910    0.9423       431
          7     1.0000    1.0000    1.0000       816

avg / total     0.7959    0.8362    0.7755     54924


             precision    recall  f1-score   support

          0     0.8291    0.9975    0.9056     42982
          1     0.4242    0.0179    0.0344      1563
          2     0.5223    0.0455    0.0836      2574
          3     0.0000    0.0000    0.0000      1592
          4     0.9946    0.1841    0.3107      3981
          5     0.9990    1.0000    0.9995       985
          6     1.0000    0.8886    0.9410       431
          7     1.0000    0.9988    0.9994       816

avg / total     0.7981    0.8364    0.7762     54924


             precision    recall  f1-score   support

          0     0.8288    0.9977    0.9054     42982
          1     0.3793    0.0070    0.0138      1563
          2     0.4978    0.0447    0.0820      2574
          3     0.0000    0.0000    0.0000      1592
          4     0.9932    0.1841    0.3107      3981
          5     1.0000    1.0000    1.0000       985
          6     1.0000    0.8956    0.9449       431
          7     1.0000    1.0000    1.0000       816

avg / total     0.7953    0.8362    0.7755     54924


             precision    recall  f1-score   support

          0     0.8291    0.9961    0.9049     42982
          1     0.4032    0.0160    0.0308      1563
          2     0.4338    0.0509    0.0911      2574
          3     0.0000    0.0000    0.0000      1592
          4     0.9946    0.1839    0.3104      3981
          5     1.0000    1.0000    1.0000       985
          6     1.0000    0.8863    0.9397       431
          7     1.0000    1.0000    1.0000       816

avg / total     0.7933    0.8354    0.7760     54924


             precision    recall  f1-score   support

          0     0.8298    0.9966    0.9055     42982
          1     0.4603    0.0186    0.0357      1563
          2     0.4825    0.0591    0.1052      2574
          3     0.0000    0.0000    0.0000      1592
          4     0.9932    0.1846    0.3114      3981
          5     1.0000    1.0000    1.0000       985
          6     1.0000    0.8886    0.9410       431
          7     1.0000    1.0000    1.0000       816

avg / total     0.7977    0.8363    0.7773     54924


             precision    recall  f1-score   support

          0     0.8301    0.9956    0.9053     42982
          1     0.4476    0.0301    0.0564      1563
          2     0.4522    0.0606    0.1069      2574
          3     0.0000    0.0000    0.0000      1592
          4     0.9946    0.1846    0.3114      3981
          5     1.0000    1.0000    1.0000       985
          6     1.0000    0.8956    0.9449       431
          7     1.0000    1.0000    1.0000       816

avg / total     0.7963    0.8360    0.7779     54924


             precision    recall  f1-score   support

          0     0.8299    0.9965    0.9056     42982
          1     0.4167    0.0256    0.0482      1563
          2     0.4790    0.0532    0.0958      2574
          3     0.0000    0.0000    0.0000      1592
          4     0.9892    0.1844    0.3108      3981
          5     1.0000    1.0000    1.0000       985
          6     1.0000    0.8979    0.9462       431
          7     1.0000    1.0000    1.0000       816

avg / total     0.7961    0.8363    0.7773     54924


             precision    recall  f1-score   support

          0     0.8298    0.9965    0.9055     42982
          1     0.5000    0.0173    0.0334      1563
          2     0.5100    0.0594    0.1065      2574
          3     0.1944    0.0044    0.0086      1592
          4     0.9946    0.1834    0.3097      3981
          5     1.0000    1.0000    1.0000       985
          6     1.0000    0.8933    0.9436       431
          7     1.0000    1.0000    1.0000       816

avg / total     0.8059    0.8363    0.7775     54924


             precision    recall  f1-score   support

          0     0.8297    0.9965    0.9055     42982
          1     0.4493    0.0198    0.0380      1563
          2     0.4603    0.0563    0.1004      2574
          3     0.0000    0.0000    0.0000      1592
          4     0.9959    0.1829    0.3090      3981
          5     1.0000    1.0000    1.0000       985
          6     1.0000    0.8933    0.9436       431
          7     1.0000    1.0000    1.0000       816

avg / total     0.7965    0.8361    0.7770     54924


             precision    recall  f1-score   support

          0     0.8300    0.9968    0.9058     42982
          1     0.4896    0.0301    0.0567      1563
          2     0.4983    0.0559    0.1006      2574
          3     0.0000    0.0000    0.0000      1592
          4     0.9946    0.1839    0.3104      3981
          5     1.0000    1.0000    1.0000       985
          6     1.0000    0.8979    0.9462       431
          7     1.0000    1.0000    1.0000       816

avg / total     0.7996    0.8367    0.7779     54924


             precision    recall  f1-score   support

          0     0.8300    0.9967    0.9057     42982
          1     0.4636    0.0326    0.0610      1563
          2     0.5000    0.0517    0.0937      2574
          3     0.0000    0.0000    0.0000      1592
          4     0.9892    0.1849    0.3115      3981
          5     1.0000    1.0000    1.0000       985
          6     1.0000    0.8956    0.9449       431
          7     1.0000    1.0000    1.0000       816

avg / total     0.7985    0.8366    0.7777     54924


             precision    recall  f1-score   support

          0     0.8305    0.9950    0.9053     42982
          1     0.4471    0.0243    0.0461      1563
          2     0.4482    0.0723    0.1245      2574
          3     0.1429    0.0006    0.0013      1592
          4     0.9919    0.1841    0.3106      3981
          5     1.0000    1.0000    1.0000       985
          6     1.0000    0.8979    0.9462       431
          7     1.0000    1.0000    1.0000       816

avg / total     0.8004    0.8359    0.7784     54924


             precision    recall  f1-score   support

          0     0.8296    0.9966    0.9055     42982
          1     0.4253    0.0237    0.0448      1563
          2     0.4829    0.0493    0.0895      2574
          3     0.0833    0.0006    0.0012      1592
          4     0.9919    0.1844    0.3110      3981
          5     1.0000    1.0000    1.0000       985
          6     1.0000    0.8979    0.9462       431
          7     1.0000    1.0000    1.0000       816

avg / total     0.7989    0.8361    0.7769     54924


             precision    recall  f1-score   support

          0     0.8305    0.9950    0.9053     42982
          1     0.4076    0.0409    0.0744      1563
          2     0.4390    0.0587    0.1035      2574
          3     0.0000    0.0000    0.0000      1592
          4     0.9946    0.1846    0.3114      3981
          5     1.0000    1.0000    1.0000       985
          6     1.0000    0.8933    0.9436       431
          7     1.0000    1.0000    1.0000       816

avg / total     0.7948    0.8358    0.7782     54924


             precision    recall  f1-score   support

          0     0.8302    0.9962    0.9057     42982
          1     0.5098    0.0333    0.0625      1563
          2     0.4841    0.0591    0.1053      2574
          3     0.0000    0.0000    0.0000      1592
          4     0.9893    0.1851    0.3119      3981
          5     1.0000    1.0000    1.0000       985
          6     1.0000    0.8979    0.9462       431
          7     1.0000    1.0000    1.0000       816

avg / total     0.7992    0.8366    0.7783     54924


             precision    recall  f1-score   support

          0     0.8306    0.9958    0.9057     42982
          1     0.5248    0.0339    0.0637      1563
          2     0.4916    0.0684    0.1201      2574
          3     0.0000    0.0000    0.0000      1592
          4     0.9893    0.1859    0.3130      3981
          5     1.0000    1.0000    1.0000       985
          6     1.0000    0.8979    0.9462       431
          7     1.0000    1.0000    1.0000       816

avg / total     0.8003    0.8368    0.7791     54924


             precision    recall  f1-score   support

          0     0.8306    0.9956    0.9057     42982
          1     0.5043    0.0371    0.0691      1563
          2     0.4672    0.0637    0.1121      2574
          3     0.0000    0.0000    0.0000      1592
          4     0.9906    0.1856    0.3127      3981
          5     1.0000    1.0000    1.0000       985
          6     1.0000    0.8979    0.9462       431
          7     1.0000    1.0000    1.0000       816

avg / total     0.7987    0.8365    0.7788     54924


             precision    recall  f1-score   support

          0     0.8302    0.9966    0.9058     42982
          1     0.5254    0.0397    0.0738      1563
          2     0.5108    0.0552    0.0996      2574
          3     0.0000    0.0000    0.0000      1592
          4     0.9893    0.1859    0.3130      3981
          5     1.0000    1.0000    1.0000       985
          6     1.0000    0.8979    0.9462       431
          7     1.0000    1.0000    1.0000       816

avg / total     0.8010    0.8369    0.7785     54924


             precision    recall  f1-score   support

          0     0.8310    0.9957    0.9059     42982
          1     0.4919    0.0390    0.0723      1563
          2     0.5069    0.0711    0.1247      2574
          3     0.0000    0.0000    0.0000      1592
          4     0.9880    0.1861    0.3133      3981
          5     1.0000    1.0000    1.0000       985
          6     1.0000    0.8979    0.9462       431
          7     1.0000    1.0000    1.0000       816

avg / total     0.8003    0.8370    0.7798     54924


             precision    recall  f1-score   support

          0     0.8308    0.9960    0.9060     42982
          1     0.5285    0.0416    0.0771      1563
          2     0.5120    0.0664    0.1176      2574
          3     0.0000    0.0000    0.0000      1592
          4     0.9893    0.1859    0.3130      3981
          5     1.0000    1.0000    1.0000       985
          6     1.0000    0.8979    0.9462       431
          7     1.0000    1.0000    1.0000       816

avg / total     0.8016    0.8371    0.7796     54924


             precision    recall  f1-score   support

          0     0.8313    0.9953    0.9059     42982
          1     0.5524    0.0371    0.0695      1563
          2     0.5084    0.0824    0.1418      2574
          3     0.0000    0.0000    0.0000      1592
          4     0.9867    0.1864    0.3135      3981
          5     1.0000    1.0000    1.0000       985
          6     1.0000    0.8979    0.9462       431
          7     1.0000    1.0000    1.0000       816

avg / total     0.8023    0.8371    0.7805     54924


             precision    recall  f1-score   support

          0     0.8307    0.9965    0.9061     42982
          1     0.5680    0.0454    0.0841      1563
          2     0.5395    0.0637    0.1140      2574
          3     0.0000    0.0000    0.0000      1592
          4     0.9880    0.1859    0.3129      3981
          5     1.0000    1.0000    1.0000       985
          6     1.0000    0.8979    0.9462       431
          7     1.0000    1.0000    1.0000       816

avg / total     0.8038    0.8374    0.7797     54924


             precision    recall  f1-score   support

          0     0.8312    0.9958    0.9061     42982
          1     0.5351    0.0390    0.0727      1563
          2     0.5262    0.0742    0.1301      2574
          3     0.2727    0.0019    0.0037      1592
          4     0.9894    0.1874    0.3151      3981
          5     1.0000    1.0000    1.0000       985
          6     1.0000    0.8979    0.9462       431
          7     1.0000    1.0000    1.0000       816

avg / total     0.8106    0.8374    0.7804     54924


             precision    recall  f1-score   support

          0     0.8315    0.9950    0.9059     42982
          1     0.5564    0.0473    0.0873      1563
          2     0.5104    0.0761    0.1325      2574
          3     0.1905    0.0025    0.0050      1592
          4     0.9766    0.1884    0.3159      3981
          5     1.0000    1.0000    1.0000       985
          6     1.0000    0.8979    0.9462       431
          7     1.0000    1.0000    1.0000       816

avg / total     0.8074    0.8371    0.7809     54924


             precision    recall  f1-score   support

          0     0.8314    0.9953    0.9060     42982
          1     0.5282    0.0480    0.0880      1563
          2     0.5208    0.0730    0.1281      2574
          3     0.0000    0.0000    0.0000      1592
          4     0.9831    0.1904    0.3190      3981
          5     1.0000    1.0000    1.0000       985
          6     1.0000    0.8979    0.9462       431
          7     1.0000    1.0000    1.0000       816

avg / total     0.8020    0.8373    0.7809     54924


             precision    recall  f1-score   support

          0     0.8312    0.9957    0.9061     42982
          1     0.5211    0.0473    0.0868      1563
          2     0.5256    0.0719    0.1265      2574
          3     0.0000    0.0000    0.0000      1592
          4     0.9867    0.1864    0.3135      3981
          5     1.0000    1.0000    1.0000       985
          6     1.0000    0.8979    0.9462       431
          7     1.0000    1.0000    1.0000       816

avg / total     0.8021    0.8373    0.7804     54924


             precision    recall  f1-score   support

          0     0.8316    0.9956    0.9062     42982
          1     0.5407    0.0467    0.0860      1563
          2     0.5364    0.0773    0.1351      2574
          3     0.2000    0.0025    0.0050      1592
          4     0.9893    0.1864    0.3137      3981
          5     1.0000    1.0000    1.0000       985
          6     1.0000    0.8956    0.9449       431
          7     1.0000    1.0000    1.0000       816

avg / total     0.8094    0.8375    0.7810     54924


             precision    recall  f1-score   support

          0     0.8326    0.9942    0.9063     42982
          1     0.5608    0.0531    0.0970      1563
          2     0.5063    0.0936    0.1580      2574
          3     0.1429    0.0019    0.0037      1592
          4     0.9857    0.1902    0.3188      3981
          5     1.0000    1.0000    1.0000       985
          6     1.0000    0.8979    0.9462       431
          7     1.0000    1.0000    1.0000       816

avg / total     0.8075    0.8376    0.7828     54924


             precision    recall  f1-score   support

          0     0.8323    0.9950    0.9064     42982
          1     0.5364    0.0518    0.0945      1563
          2     0.5128    0.0855    0.1465      2574
          3     0.3333    0.0031    0.0062      1592
          4     0.9868    0.1876    0.3153      3981
          5     1.0000    1.0000    1.0000       985
          6     1.0000    0.8979    0.9462       431
          7     1.0000    1.0000    1.0000       816

avg / total     0.8125    0.8377    0.7822     54924


             precision    recall  f1-score   support

          0     0.8316    0.9958    0.9063     42982
          1     0.4936    0.0493    0.0896      1563
          2     0.5356    0.0730    0.1285      2574
          3     0.0000    0.0000    0.0000      1592
          4     0.9854    0.1871    0.3145      3981
          5     1.0000    1.0000    1.0000       985
          6     1.0000    0.8979    0.9462       431
          7     1.0000    1.0000    1.0000       816

avg / total     0.8020    0.8375    0.7808     54924


             precision    recall  f1-score   support

          0     0.8321    0.9950    0.9063     42982
          1     0.4933    0.0473    0.0864      1563
          2     0.5330    0.0785    0.1368      2574
          3     0.2222    0.0038    0.0074      1592
          4     0.9771    0.1927    0.3219      3981
          5     1.0000    1.0000    1.0000       985
          6     1.0000    0.8956    0.9449       431
          7     1.0000    1.0000    1.0000       816

avg / total     0.8081    0.8376    0.7818     54924


             precision    recall  f1-score   support

          0     0.8323    0.9954    0.9066     42982
          1     0.5098    0.0499    0.0909      1563
          2     0.5227    0.0804    0.1394      2574
          3     0.5000    0.0013    0.0025      1592
          4     0.9846    0.1922    0.3216      3981
          5     1.0000    1.0000    1.0000       985
          6     1.0000    0.8956    0.9449       431
          7     1.0000    1.0000    1.0000       816

avg / total     0.8168    0.8380    0.7822     54924

val_acc:0.835627413375,0.835372513662,0.835718448338,0.836373897553,0.835645617153,0.836228244468,0.836246450343,0.836610589495,0.836191831821,0.836301074056,0.836464938107,0.836373900349,0.836210035599,0.836046175941,0.836119000636,0.835845898544,0.83549996267,0.83559099913,0.836155415879,0.83637389985,0.836191829225,0.835427136178,0.836319277135,0.835991552527,0.836282863988,0.836301072259,0.836100793564,0.83668342078,0.836555969176,0.83590051996,0.836119001335,0.83575486428,0.83655596678,0.836756246773,0.83650134706,0.836901900756,0.836974730544,0.837083972778,0.837120384527,0.837411695988,0.837375283141,0.837102177255,0.837338867599,0.837266041306,0.837484526474,0.837611975582,0.837684802574,0.837484522281,0.837557353466,0.837976113336
lr:0.0210976,0.0210976,0.0210976,0.0210976,0.0210976,0.0210976,0.0210976,0.0210976,0.0210976,0.0210976,0.0210976,0.0210976,0.0210976,0.0210976,0.0210976,0.0210976,0.0210976,0.0210976,0.0210976,0.0210976,0.0210976,0.0210976,0.0210976,0.0210976,0.0210976,0.0210976,0.0210976,0.0210976,0.0210976,0.0210976,0.0210976,0.0210976,0.00421951,0.00421951,0.00421951,0.00421951,0.00421951,0.00421951,0.00421951,0.00421951,0.00421951,0.00421951,0.00421951,0.00421951,0.00421951,0.00421951,0.00421951,0.00421951,0.00421951,0.00421951
loss:0.550233754388,0.494294775602,0.490394083175,0.488818743894,0.487482392476,0.485829548081,0.48503687225,0.484142882113,0.483087995969,0.48229543868,0.482045203688,0.480908283561,0.480769535111,0.480044525463,0.47863562093,0.478488246258,0.478175580436,0.477123004595,0.476795441227,0.476174974569,0.475953109382,0.47479503492,0.474252625144,0.474089296501,0.473194735677,0.472711093062,0.47205707965,0.472029758102,0.471152246647,0.469825254766,0.470053437661,0.4706035132,0.46442826899,0.461238750445,0.459858644502,0.458984980934,0.458434197552,0.45750541378,0.456835589263,0.456225613743,0.455741404681,0.455104218714,0.454657957474,0.45469014718,0.453917479405,0.453220959912,0.452974165834,0.452618132496,0.452180110214,0.451933521133
val_loss:0.495078264569,0.496915074649,0.484343200073,0.487256596436,0.482903590404,0.483323950664,0.481034333832,0.478981874546,0.481962303171,0.48163959349,0.481481775567,0.478723451919,0.478137031023,0.477623239734,0.480274104693,0.476518238709,0.476324158747,0.477928335393,0.47515336338,0.4742049484,0.475752901891,0.476596812906,0.473710438215,0.473252466875,0.47227201959,0.473095065435,0.474039075762,0.471681826528,0.472265707288,0.473789471328,0.472575935537,0.47224089029,0.465658038555,0.465299817985,0.464754380872,0.464156574041,0.46379241517,0.463580647705,0.463166512986,0.462556324363,0.46292782369,0.462557889858,0.461304855007,0.461666771615,0.462614107471,0.461563867241,0.460890236811,0.461401477431,0.46039561835,0.459945585909
acc:0.823809293536,0.833665097504,0.834047433557,0.834229500855,0.834284119972,0.83442370376,0.834290187683,0.834787834162,0.834708938819,0.834690733444,0.834854589955,0.834915279316,0.835067000131,0.835067001381,0.834915279066,0.835255136124,0.835048793752,0.83512162018,0.835206582012,0.835394719904,0.835479682284,0.835394719696,0.835722437799,0.835594987369,0.835716365545,0.835552508547,0.835977329923,0.836019809499,0.835880225744,0.836226149244,0.836444630366,0.835934845291,0.836620625467,0.837300335984,0.837579502993,0.837901151236,0.837858670453,0.837943634022,0.838532313465,0.838143906408,0.838501966899,0.838532311308,0.838781131556,0.838726514392,0.838951062479,0.83896926922,0.839011750748,0.838975337073,0.839084577309,0.839333398916
