
             precision    recall  f1-score   support

          0     0.8270    0.9974    0.9043     42982
          1     0.0000    0.0000    0.0000      1563
          2     0.3417    0.0264    0.0490      2574
          3     0.0000    0.0000    0.0000      1592
          4     0.9973    0.1834    0.3098      3981
          5     0.9980    0.9980    0.9980       985
          6     1.0000    0.8237    0.9033       431
          7     0.9975    0.9951    0.9963       816

avg / total     0.7761    0.8342    0.7722     54924


             precision    recall  f1-score   support

          0     0.8276    0.9990    0.9052     42982
          1     0.0000    0.0000    0.0000      1563
          2     0.5263    0.0272    0.0517      2574
          3     0.0000    0.0000    0.0000      1592
          4     0.9973    0.1834    0.3098      3981
          5     1.0000    1.0000    1.0000       985
          6     0.9973    0.8631    0.9254       431
          7     1.0000    1.0000    1.0000       816

avg / total     0.7852    0.8359    0.7733     54924


             precision    recall  f1-score   support

          0     0.8269    0.9998    0.9052     42982
          1     0.0000    0.0000    0.0000      1563
          2     0.7872    0.0144    0.0282      2574
          3     0.0000    0.0000    0.0000      1592
          4     0.9973    0.1834    0.3098      3981
          5     1.0000    1.0000    1.0000       985
          6     1.0000    0.8770    0.9345       431
          7     1.0000    1.0000    1.0000       816

avg / total     0.7970    0.8360    0.7723     54924


             precision    recall  f1-score   support

          0     0.8274    0.9993    0.9052     42982
          1     0.4783    0.0070    0.0139      1563
          2     0.7077    0.0179    0.0349      2574
          3     0.0000    0.0000    0.0000      1592
          4     0.9973    0.1834    0.3098      3981
          5     1.0000    1.0000    1.0000       985
          6     0.9618    0.8770    0.9175       431
          7     1.0000    1.0000    1.0000       816

avg / total     0.8069    0.8360    0.7729     54924


             precision    recall  f1-score   support

          0     0.8284    0.9980    0.9054     42982
          1     0.3333    0.0045    0.0088      1563
          2     0.4879    0.0392    0.0726      2574
          3     0.0000    0.0000    0.0000      1592
          4     0.9973    0.1834    0.3098      3981
          5     1.0000    1.0000    1.0000       985
          6     1.0000    0.8817    0.9371       431
          7     1.0000    1.0000    1.0000       816

avg / total     0.7936    0.8360    0.7748     54924


             precision    recall  f1-score   support

          0     0.8284    0.9977    0.9052     42982
          1     0.3333    0.0032    0.0063      1563
          2     0.4348    0.0389    0.0713      2574
          3     0.0000    0.0000    0.0000      1592
          4     0.9973    0.1834    0.3098      3981
          5     1.0000    1.0000    1.0000       985
          6     1.0000    0.8817    0.9371       431
          7     1.0000    1.0000    1.0000       816

avg / total     0.7911    0.8357    0.7745     54924


             precision    recall  f1-score   support

          0     0.8292    0.9973    0.9055     42982
          1     0.3571    0.0064    0.0126      1563
          2     0.4561    0.0505    0.0909      2574
          3     0.0000    0.0000    0.0000      1592
          4     0.9973    0.1834    0.3098      3981
          5     1.0000    1.0000    1.0000       985
          6     1.0000    0.8886    0.9410       431
          7     1.0000    1.0000    1.0000       816

avg / total     0.7934    0.8360    0.7759     54924


             precision    recall  f1-score   support

          0     0.8280    0.9992    0.9056     42982
          1     0.4286    0.0019    0.0038      1563
          2     0.5672    0.0295    0.0561      2574
          3     0.0000    0.0000    0.0000      1592
          4     0.9973    0.1834    0.3098      3981
          5     1.0000    1.0000    1.0000       985
          6     1.0000    0.8910    0.9423       431
          7     1.0000    1.0000    1.0000       816

avg / total     0.7997    0.8364    0.7741     54924


             precision    recall  f1-score   support

          0     0.8279    0.9984    0.9052     42982
          1     0.3968    0.0160    0.0308      1563
          2     0.4924    0.0253    0.0480      2574
          3     0.0000    0.0000    0.0000      1592
          4     0.9973    0.1834    0.3098      3981
          5     1.0000    1.0000    1.0000       985
          6     1.0000    0.8469    0.9171       431
          7     1.0000    1.0000    1.0000       816

avg / total     0.7952    0.8357    0.7740     54924


             precision    recall  f1-score   support

          0     0.8281    0.9988    0.9055     42982
          1     0.2895    0.0070    0.0137      1563
          2     0.5952    0.0291    0.0556      2574
          3     0.0000    0.0000    0.0000      1592
          4     0.9973    0.1834    0.3098      3981
          5     1.0000    1.0000    1.0000       985
          6     1.0000    0.8933    0.9436       431
          7     1.0000    1.0000    1.0000       816

avg / total     0.7971    0.8363    0.7743     54924


             precision    recall  f1-score   support

          0     0.8286    0.9981    0.9055     42982
          1     0.1818    0.0013    0.0025      1563
          2     0.5204    0.0447    0.0823      2574
          3     0.0000    0.0000    0.0000      1592
          4     0.9959    0.1834    0.3097      3981
          5     1.0000    1.0000    1.0000       985
          6     1.0000    0.8910    0.9423       431
          7     1.0000    1.0000    1.0000       816

avg / total     0.7908    0.8363    0.7752     54924


             precision    recall  f1-score   support

          0     0.8296    0.9955    0.9050     42982
          1     0.3548    0.0141    0.0271      1563
          2     0.4414    0.0629    0.1102      2574
          3     0.0000    0.0000    0.0000      1592
          4     0.9973    0.1834    0.3098      3981
          5     1.0000    1.0000    1.0000       985
          6     1.0000    0.8956    0.9449       431
          7     1.0000    1.0000    1.0000       816

avg / total     0.7930    0.8355    0.7768     54924


             precision    recall  f1-score   support

          0     0.8276    0.9992    0.9053     42982
          1     0.5455    0.0038    0.0076      1563
          2     0.5673    0.0229    0.0441      2574
          3     0.0000    0.0000    0.0000      1592
          4     0.9973    0.1834    0.3098      3981
          5     1.0000    1.0000    1.0000       985
          6     1.0000    0.8840    0.9384       431
          7     1.0000    1.0000    1.0000       816

avg / total     0.8027    0.8361    0.7734     54924


             precision    recall  f1-score   support

          0     0.8289    0.9973    0.9053     42982
          1     0.2857    0.0102    0.0198      1563
          2     0.4596    0.0420    0.0769      2574
          3     0.0000    0.0000    0.0000      1592
          4     0.9919    0.1836    0.3099      3981
          5     1.0000    1.0000    1.0000       985
          6     1.0000    0.8886    0.9410       431
          7     1.0000    1.0000    1.0000       816

avg / total     0.7909    0.8358    0.7753     54924


             precision    recall  f1-score   support

          0     0.8287    0.9983    0.9056     42982
          1     0.4058    0.0179    0.0343      1563
          2     0.5909    0.0354    0.0667      2574
          3     0.0000    0.0000    0.0000      1592
          4     0.9946    0.1836    0.3100      3981
          5     1.0000    1.0000    1.0000       985
          6     1.0000    0.8910    0.9423       431
          7     1.0000    1.0000    1.0000       816

avg / total     0.8005    0.8365    0.7755     54924


             precision    recall  f1-score   support

          0     0.8283    0.9984    0.9054     42982
          1     0.3256    0.0090    0.0174      1563
          2     0.4901    0.0287    0.0543      2574
          3     0.0000    0.0000    0.0000      1592
          4     0.9932    0.1836    0.3099      3981
          5     1.0000    1.0000    1.0000       985
          6     1.0000    0.8863    0.9397       431
          7     1.0000    1.0000    1.0000       816

avg / total     0.7931    0.8360    0.7742     54924


             precision    recall  f1-score   support

          0     0.8281    0.9985    0.9054     42982
          1     0.3721    0.0205    0.0388      1563
          2     0.5670    0.0214    0.0412      2574
          3     0.0000    0.0000    0.0000      1592
          4     0.9973    0.1836    0.3101      3981
          5     1.0000    1.0000    1.0000       985
          6     1.0000    0.8840    0.9384       431
          7     1.0000    1.0000    1.0000       816

avg / total     0.7982    0.8360    0.7742     54924


             precision    recall  f1-score   support

          0     0.8283    0.9981    0.9053     42982
          1     0.3889    0.0045    0.0089      1563
          2     0.4845    0.0365    0.0679      2574
          3     0.0000    0.0000    0.0000      1592
          4     0.9959    0.1836    0.3101      3981
          5     0.9990    1.0000    0.9995       985
          6     1.0000    0.8910    0.9423       431
          7     1.0000    0.9988    0.9994       816

avg / total     0.7948    0.8360    0.7746     54924


             precision    recall  f1-score   support

          0     0.8284    0.9978    0.9052     42982
          1     0.3269    0.0109    0.0211      1563
          2     0.4560    0.0322    0.0602      2574
          3     0.0000    0.0000    0.0000      1592
          4     0.9932    0.1836    0.3099      3981
          5     1.0000    1.0000    1.0000       985
          6     1.0000    0.8933    0.9436       431
          7     1.0000    1.0000    1.0000       816

avg / total     0.7916    0.8358    0.7745     54924


             precision    recall  f1-score   support

          0     0.8280    0.9985    0.9053     42982
          1     0.3023    0.0083    0.0162      1563
          2     0.5338    0.0276    0.0525      2574
          3     0.0000    0.0000    0.0000      1592
          4     0.9959    0.1824    0.3083      3981
          5     1.0000    1.0000    1.0000       985
          6     0.9948    0.8886    0.9387       431
          7     1.0000    1.0000    1.0000       816

avg / total     0.7944    0.8359    0.7739     54924


             precision    recall  f1-score   support

          0     0.8282    0.9986    0.9054     42982
          1     0.1818    0.0038    0.0075      1563
          2     0.5170    0.0295    0.0559      2574
          3     0.0000    0.0000    0.0000      1592
          4     0.9973    0.1836    0.3101      3981
          5     1.0000    1.0000    1.0000       985
          6     0.9974    0.8933    0.9425       431
          7     1.0000    1.0000    1.0000       816

avg / total     0.7904    0.8361    0.7741     54924


             precision    recall  f1-score   support

          0     0.8287    0.9976    0.9053     42982
          1     0.3333    0.0096    0.0187      1563
          2     0.5121    0.0412    0.0762      2574
          3     0.0909    0.0006    0.0012      1592
          4     0.9932    0.1836    0.3099      3981
          5     1.0000    1.0000    1.0000       985
          6     1.0000    0.8886    0.9410       431
          7     1.0000    1.0000    1.0000       816

avg / total     0.7973    0.8360    0.7753     54924


             precision    recall  f1-score   support

          0     0.8284    0.9980    0.9054     42982
          1     0.3500    0.0090    0.0175      1563
          2     0.5108    0.0369    0.0688      2574
          3     0.0000    0.0000    0.0000      1592
          4     0.9959    0.1834    0.3097      3981
          5     1.0000    1.0000    1.0000       985
          6     1.0000    0.8933    0.9436       431
          7     1.0000    1.0000    1.0000       816

avg / total     0.7950    0.8361    0.7749     54924


             precision    recall  f1-score   support

          0     0.8286    0.9983    0.9056     42982
          1     0.3529    0.0077    0.0150      1563
          2     0.5514    0.0396    0.0739      2574
          3     0.0000    0.0000    0.0000      1592
          4     0.9946    0.1836    0.3100      3981
          5     1.0000    1.0000    1.0000       985
          6     1.0000    0.8910    0.9423       431
          7     1.0000    1.0000    1.0000       816

avg / total     0.7971    0.8364    0.7752     54924


             precision    recall  f1-score   support

          0     0.8292    0.9961    0.9050     42982
          1     0.2903    0.0115    0.0222      1563
          2     0.4865    0.0490    0.0890      2574
          3     0.0000    0.0000    0.0000      1592
          4     0.9959    0.1829    0.3090      3981
          5     1.0000    1.0000    1.0000       985
          6     0.8894    0.8956    0.8925       431
          7     1.0000    1.0000    1.0000       816

avg / total     0.7919    0.8352    0.7752     54924


             precision    recall  f1-score   support

          0     0.8292    0.9972    0.9055     42982
          1     0.3043    0.0090    0.0174      1563
          2     0.4792    0.0493    0.0895      2574
          3     0.0000    0.0000    0.0000      1592
          4     0.9919    0.1836    0.3099      3981
          5     1.0000    1.0000    1.0000       985
          6     1.0000    0.8979    0.9462       431
          7     1.0000    1.0000    1.0000       816

avg / total     0.7926    0.8361    0.7760     54924


             precision    recall  f1-score   support

          0     0.8284    0.9982    0.9054     42982
          1     0.3623    0.0160    0.0306      1563
          2     0.5362    0.0287    0.0546      2574
          3     0.0000    0.0000    0.0000      1592
          4     0.9932    0.1839    0.3103      3981
          5     1.0000    1.0000    1.0000       985
          6     1.0000    0.8956    0.9449       431
          7     1.0000    1.0000    1.0000       816

avg / total     0.7964    0.8361    0.7747     54924


             precision    recall  f1-score   support

          0     0.8284    0.9983    0.9054     42982
          1     0.3810    0.0256    0.0480      1563
          2     0.6364    0.0245    0.0471      2574
          3     0.0000    0.0000    0.0000      1592
          4     0.9905    0.1839    0.3102      3981
          5     1.0000    1.0000    1.0000       985
          6     1.0000    0.8933    0.9436       431
          7     1.0000    1.0000    1.0000       816

avg / total     0.8014    0.8362    0.7748     54924


             precision    recall  f1-score   support

          0     0.8295    0.9964    0.9053     42982
          1     0.3000    0.0115    0.0222      1563
          2     0.4571    0.0559    0.0997      2574
          3     0.0000    0.0000    0.0000      1592
          4     0.9946    0.1836    0.3100      3981
          5     1.0000    1.0000    1.0000       985
          6     1.0000    0.8910    0.9423       431
          7     1.0000    1.0000    1.0000       816

avg / total     0.7918    0.8358    0.7764     54924


             precision    recall  f1-score   support

          0     0.8286    0.9977    0.9053     42982
          1     0.4217    0.0224    0.0425      1563
          2     0.5443    0.0334    0.0630      2574
          3     0.0000    0.0000    0.0000      1592
          4     0.9865    0.1836    0.3096      3981
          5     1.0000    1.0000    1.0000       985
          6     1.0000    0.8933    0.9436       431
          7     1.0000    1.0000    1.0000       816

avg / total     0.7981    0.8361    0.7753     54924


             precision    recall  f1-score   support

          0     0.8292    0.9970    0.9054     42982
          1     0.4146    0.0218    0.0413      1563
          2     0.5196    0.0412    0.0763      2574
          3     0.0000    0.0000    0.0000      1592
          4     0.9595    0.1844    0.3093      3981
          5     0.9990    1.0000    0.9995       985
          6     1.0000    0.8933    0.9436       431
          7     1.0000    0.9988    0.9994       816

avg / total     0.7952    0.8360    0.7759     54924


             precision    recall  f1-score   support

          0     0.8295    0.9965    0.9054     42982
          1     0.4098    0.0160    0.0308      1563
          2     0.4564    0.0528    0.0947      2574
          3     0.0000    0.0000    0.0000      1592
          4     0.9905    0.1834    0.3095      3981
          5     1.0000    1.0000    1.0000       985
          6     1.0000    0.9002    0.9475       431
          7     1.0000    1.0000    1.0000       816

avg / total     0.7946    0.8359    0.7765     54924


             precision    recall  f1-score   support

          0     0.8293    0.9964    0.9052     42982
          1     0.4545    0.0064    0.0126      1563
          2     0.4390    0.0559    0.0992      2574
          3     0.0000    0.0000    0.0000      1592
          4     0.9919    0.1839    0.3102      3981
          5     1.0000    1.0000    1.0000       985
          6     1.0000    0.9002    0.9475       431
          7     0.9988    1.0000    0.9994       816

avg / total     0.7950    0.8358    0.7761     54924


             precision    recall  f1-score   support

          0     0.8292    0.9973    0.9055     42982
          1     0.3871    0.0230    0.0435      1563
          2     0.5283    0.0435    0.0804      2574
          3     0.0000    0.0000    0.0000      1592
          4     0.9946    0.1834    0.3097      3981
          5     1.0000    1.0000    1.0000       985
          6     1.0000    0.9002    0.9475       431
          7     1.0000    1.0000    1.0000       816

avg / total     0.7974    0.8363    0.7763     54924


             precision    recall  f1-score   support

          0     0.8300    0.9959    0.9054     42982
          1     0.4359    0.0218    0.0414      1563
          2     0.4713    0.0637    0.1123      2574
          3     0.0000    0.0000    0.0000      1592
          4     0.9932    0.1834    0.3096      3981
          5     1.0000    1.0000    1.0000       985
          6     1.0000    0.9026    0.9488       431
          7     1.0000    1.0000    1.0000       816

avg / total     0.7967    0.8361    0.7777     54924


             precision    recall  f1-score   support

          0     0.8298    0.9963    0.9055     42982
          1     0.4578    0.0243    0.0462      1563
          2     0.4776    0.0579    0.1033      2574
          3     0.0000    0.0000    0.0000      1592
          4     0.9932    0.1834    0.3096      3981
          5     1.0000    1.0000    1.0000       985
          6     1.0000    0.9026    0.9488       431
          7     1.0000    1.0000    1.0000       816

avg / total     0.7974    0.8362    0.7774     54924


             precision    recall  f1-score   support

          0     0.8303    0.9960    0.9056     42982
          1     0.4737    0.0345    0.0644      1563
          2     0.4984    0.0622    0.1105      2574
          3     0.0000    0.0000    0.0000      1592
          4     0.9932    0.1839    0.3103      3981
          5     1.0000    1.0000    1.0000       985
          6     1.0000    0.9026    0.9488       431
          7     1.0000    1.0000    1.0000       816

avg / total     0.7992    0.8365    0.7784     54924


             precision    recall  f1-score   support

          0     0.8301    0.9961    0.9055     42982
          1     0.4476    0.0301    0.0564      1563
          2     0.4920    0.0598    0.1067      2574
          3     0.0000    0.0000    0.0000      1592
          4     0.9932    0.1834    0.3096      3981
          5     1.0000    1.0000    1.0000       985
          6     1.0000    0.9002    0.9475       431
          7     1.0000    1.0000    1.0000       816

avg / total     0.7980    0.8364    0.7779     54924


             precision    recall  f1-score   support

          0     0.8297    0.9963    0.9054     42982
          1     0.4833    0.0186    0.0357      1563
          2     0.4831    0.0610    0.1083      2574
          3     0.0000    0.0000    0.0000      1592
          4     0.9892    0.1839    0.3101      3981
          5     1.0000    1.0000    1.0000       985
          6     1.0000    0.9026    0.9488       431
          7     1.0000    1.0000    1.0000       816

avg / total     0.7981    0.8362    0.7774     54924


             precision    recall  f1-score   support

          0     0.8302    0.9954    0.9053     42982
          1     0.4345    0.0403    0.0738      1563
          2     0.4875    0.0606    0.1078      2574
          3     0.0000    0.0000    0.0000      1592
          4     0.9892    0.1836    0.3097      3981
          5     1.0000    1.0000    1.0000       985
          6     1.0000    0.8979    0.9462       431
          7     1.0000    1.0000    1.0000       816

avg / total     0.7973    0.8361    0.7783     54924


             precision    recall  f1-score   support

          0     0.8302    0.9962    0.9056     42982
          1     0.4953    0.0339    0.0635      1563
          2     0.4920    0.0594    0.1061      2574
          3     0.0000    0.0000    0.0000      1592
          4     0.9892    0.1839    0.3101      3981
          5     1.0000    1.0000    1.0000       985
          6     1.0000    0.9026    0.9488       431
          7     1.0000    1.0000    1.0000       816

avg / total     0.7992    0.8365    0.7782     54924


             precision    recall  f1-score   support

          0     0.8309    0.9953    0.9057     42982
          1     0.4880    0.0390    0.0723      1563
          2     0.4948    0.0734    0.1279      2574
          3     0.0000    0.0000    0.0000      1592
          4     0.9879    0.1839    0.3100      3981
          5     1.0000    1.0000    1.0000       985
          6     1.0000    0.9026    0.9488       431
          7     1.0000    1.0000    1.0000       816

avg / total     0.7996    0.8366    0.7795     54924


             precision    recall  f1-score   support

          0     0.8304    0.9959    0.9057     42982
          1     0.5185    0.0358    0.0670      1563
          2     0.4985    0.0660    0.1166      2574
          3     0.0000    0.0000    0.0000      1592
          4     0.9879    0.1839    0.3100      3981
          5     1.0000    1.0000    1.0000       985
          6     1.0000    0.9002    0.9475       431
          7     1.0000    1.0000    1.0000       816

avg / total     0.8002    0.8366    0.7788     54924


             precision    recall  f1-score   support

          0     0.8304    0.9960    0.9057     42982
          1     0.5000    0.0307    0.0579      1563
          2     0.5015    0.0668    0.1179      2574
          3     0.0000    0.0000    0.0000      1592
          4     0.9892    0.1839    0.3101      3981
          5     1.0000    1.0000    1.0000       985
          6     1.0000    0.9002    0.9475       431
          7     1.0000    1.0000    1.0000       816

avg / total     0.7999    0.8366    0.7786     54924


             precision    recall  f1-score   support

          0     0.8306    0.9956    0.9057     42982
          1     0.5393    0.0307    0.0581      1563
          2     0.4896    0.0730    0.1271      2574
          3     0.0000    0.0000    0.0000      1592
          4     0.9879    0.1839    0.3100      3981
          5     1.0000    1.0000    1.0000       985
          6     1.0000    0.9002    0.9475       431
          7     1.0000    1.0000    1.0000       816

avg / total     0.8005    0.8366    0.7791     54924


             precision    recall  f1-score   support

          0     0.8303    0.9963    0.9057     42982
          1     0.5169    0.0294    0.0557      1563
          2     0.5169    0.0653    0.1159      2574
          3     0.0000    0.0000    0.0000      1592
          4     0.9866    0.1844    0.3107      3981
          5     1.0000    1.0000    1.0000       985
          6     1.0000    0.9002    0.9475       431
          7     1.0000    1.0000    1.0000       816

avg / total     0.8008    0.8368    0.7786     54924


             precision    recall  f1-score   support

          0     0.8307    0.9963    0.9060     42982
          1     0.4564    0.0435    0.0794      1563
          2     0.5374    0.0614    0.1102      2574
          3     0.0000    0.0000    0.0000      1592
          4     0.9879    0.1839    0.3100      3981
          5     1.0000    1.0000    1.0000       985
          6     1.0000    0.9026    0.9488       431
          7     1.0000    1.0000    1.0000       816

avg / total     0.8005    0.8370    0.7791     54924


             precision    recall  f1-score   support

          0     0.8309    0.9956    0.9058     42982
          1     0.5217    0.0384    0.0715      1563
          2     0.5080    0.0738    0.1289      2574
          3     0.0000    0.0000    0.0000      1592
          4     0.9853    0.1846    0.3110      3981
          5     1.0000    1.0000    1.0000       985
          6     1.0000    0.8979    0.9462       431
          7     1.0000    1.0000    1.0000       816

avg / total     0.8010    0.8369    0.7797     54924


             precision    recall  f1-score   support

          0     0.8306    0.9962    0.9059     42982
          1     0.5229    0.0365    0.0682      1563
          2     0.5303    0.0680    0.1205      2574
          3     0.0000    0.0000    0.0000      1592
          4     0.9853    0.1846    0.3110      3981
          5     1.0000    1.0000    1.0000       985
          6     1.0000    0.9002    0.9475       431
          7     1.0000    1.0000    1.0000       816

avg / total     0.8018    0.8371    0.7793     54924


             precision    recall  f1-score   support

          0     0.8313    0.9949    0.9058     42982
          1     0.4438    0.0480    0.0866      1563
          2     0.4906    0.0711    0.1242      2574
          3     0.2000    0.0006    0.0013      1592
          4     0.9853    0.1846    0.3110      3981
          5     1.0000    1.0000    1.0000       985
          6     1.0000    0.9002    0.9475       431
          7     1.0000    1.0000    1.0000       816

avg / total     0.8040    0.8365    0.7799     54924

val_acc:0.834243682756,0.835900516336,0.83604617295,0.835991551516,0.836009758388,0.83566382699,0.836046172134,0.836446726598,0.835682032231,0.836319277673,0.83628286556,0.835518172008,0.836119002073,0.835754863802,0.836519554089,0.836009760021,0.836046173766,0.836027964445,0.83575486217,0.835918723209,0.836064381455,0.835955136954,0.836082587511,0.83642852299,0.835245066469,0.836082589144,0.83613720813,0.836210034804,0.835773069859,0.836119000441,0.835955135322,0.835936934162,0.835773067411,0.83628286556,0.836137207314,0.836246447734,0.836519554905,0.836355691419,0.836246451814,0.836082587511,0.836519554089,0.836647005463,0.836647006279,0.83662879859,0.836628797774,0.836792659628,0.836956523931,0.836901904129,0.837083974489,0.83653776341
lr:0.0286143,0.0286143,0.0286143,0.0286143,0.0286143,0.0286143,0.0286143,0.0286143,0.0286143,0.0286143,0.0286143,0.0286143,0.0286143,0.0286143,0.0286143,0.0286143,0.0286143,0.0286143,0.0286143,0.0286143,0.0286143,0.0286143,0.0286143,0.0286143,0.0286143,0.0286143,0.0286143,0.0286143,0.0286143,0.0286143,0.0286143,0.0286143,0.0286143,0.0286143,0.00572285,0.00572285,0.00572285,0.00572285,0.00572285,0.00572285,0.00572285,0.00572285,0.00572285,0.00572285,0.00572285,0.00572285,0.00572285,0.00572285,0.00572285,0.00572285
acc:0.824749963986,0.8336226169,0.83418094887,0.834302325729,0.834490461171,0.834496529657,0.834144536752,0.834569356366,0.834508667639,0.83458149342,0.834812108247,0.834581493648,0.834502599393,0.834963829884,0.83495775945,0.834539008874,0.83502451895,0.834654318966,0.834799968986,0.834751419835,0.834818178924,0.83488493439,0.835103413573,0.835164101013,0.835158032483,0.835261203609,0.835382581327,0.835073069102,0.835067001018,0.835242995913,0.835321892021,0.835467543921,0.835443268946,0.835358305426,0.836268630191,0.836541728565,0.836614555191,0.836814827833,0.836942273239,0.837069718584,0.837063650871,0.83755522861,0.837409574444,0.83752488183,0.837628054143,0.837609844572,0.837828323645,0.837658398767,0.837773706616,0.838052869983
val_loss:0.530099932744,0.486514053361,0.485539766152,0.48720453147,0.485409121415,0.48363350272,0.483556277072,0.486753191385,0.482472538577,0.481188642951,0.480199223342,0.480584243263,0.480867860355,0.479238869416,0.481870737653,0.479344837436,0.48097199479,0.4787679222,0.478324495894,0.478865621803,0.478811829779,0.476542158753,0.477847170697,0.476513363875,0.476419795745,0.476286296667,0.476586686313,0.476392218572,0.475818717823,0.473894827762,0.4772485238,0.47423399181,0.476006019234,0.47566256759,0.470342040824,0.469805760219,0.469515717194,0.468642701265,0.469112632208,0.46803835939,0.467436281969,0.467214049413,0.466911710528,0.466676354135,0.46682162639,0.46718674066,0.466272241623,0.466728208238,0.466210615417,0.466436620173
loss:0.546631127754,0.496282608543,0.4904006932,0.489265831997,0.488219211586,0.486580358134,0.48673847532,0.484648740674,0.484326239228,0.483067438438,0.482901863692,0.482832978534,0.482252444837,0.48199067788,0.481744993351,0.482008066968,0.480631852242,0.480981624881,0.480688594482,0.479876465228,0.479815122187,0.479723688028,0.478984717167,0.477931834579,0.47782966214,0.477699333659,0.47736827311,0.477323938148,0.476663110052,0.476392372808,0.475988904125,0.475824764616,0.475643346952,0.475387501805,0.470622709439,0.468179545556,0.467408264792,0.466608365265,0.465973533389,0.465302839147,0.46515909367,0.464754948373,0.464295009178,0.463463763071,0.463064413463,0.463274545265,0.462482061456,0.46221388103,0.461929070272,0.462199801119
