
             precision    recall  f1-score   support

          0     0.8271    0.9992    0.9050     42982
          1     0.0000    0.0000    0.0000      1563
          2     0.5455    0.0186    0.0361      2574
          3     0.0000    0.0000    0.0000      1592
          4     0.9973    0.1834    0.3098      3981
          5     0.9949    1.0000    0.9975       985
          6     1.0000    0.8631    0.9265       431
          7     1.0000    0.9939    0.9969       816

avg / total     0.7856    0.8356    0.7724     54924


             precision    recall  f1-score   support

          0     0.8268    0.9997    0.9050     42982
          1     0.3077    0.0026    0.0051      1563
          2     0.8444    0.0148    0.0290      2574
          3     0.0000    0.0000    0.0000      1592
          4     0.9973    0.1834    0.3098      3981
          5     0.9970    1.0000    0.9985       985
          6     1.0000    0.8445    0.9157       431
          7     1.0000    0.9963    0.9982       816

avg / total     0.8082    0.8357    0.7721     54924


             precision    recall  f1-score   support

          0     0.8272    0.9992    0.9051     42982
          1     0.4483    0.0083    0.0163      1563
          2     0.6812    0.0183    0.0356      2574
          3     0.0000    0.0000    0.0000      1592
          4     0.9973    0.1834    0.3098      3981
          5     0.9980    1.0000    0.9990       985
          6     1.0000    0.8701    0.9305       431
          7     1.0000    0.9963    0.9982       816

avg / total     0.8049    0.8359    0.7730     54924


             precision    recall  f1-score   support

          0     0.8274    0.9992    0.9052     42982
          1     0.4118    0.0045    0.0089      1563
          2     0.5900    0.0229    0.0441      2574
          3     0.0000    0.0000    0.0000      1592
          4     0.9973    0.1834    0.3098      3981
          5     0.9990    1.0000    0.9995       985
          6     1.0000    0.8492    0.9184       431
          7     1.0000    0.9988    0.9994       816

avg / total     0.7998    0.8359    0.7732     54924


             precision    recall  f1-score   support

          0     0.8275    0.9997    0.9055     42982
          1     0.5000    0.0032    0.0064      1563
          2     0.6806    0.0190    0.0370      2574
          3     0.0000    0.0000    0.0000      1592
          4     0.9973    0.1834    0.3098      3981
          5     1.0000    0.9990    0.9995       985
          6     1.0000    0.8979    0.9462       431
          7     0.9988    1.0000    0.9994       816

avg / total     0.8066    0.8364    0.7732     54924


             precision    recall  f1-score   support

          0     0.8276    0.9997    0.9055     42982
          1     0.4615    0.0038    0.0076      1563
          2     0.7333    0.0214    0.0415      2574
          3     0.0000    0.0000    0.0000      1592
          4     0.9973    0.1834    0.3098      3981
          5     1.0000    1.0000    1.0000       985
          6     1.0000    0.8770    0.9345       431
          7     1.0000    1.0000    1.0000       816

avg / total     0.8080    0.8364    0.7734     54924


             precision    recall  f1-score   support

          0     0.8277    0.9989    0.9053     42982
          1     0.4000    0.0013    0.0026      1563
          2     0.5338    0.0276    0.0525      2574
          3     0.0000    0.0000    0.0000      1592
          4     0.9973    0.1834    0.3098      3981
          5     0.9980    1.0000    0.9990       985
          6     1.0000    0.8747    0.9332       431
          7     1.0000    0.9975    0.9988       816

avg / total     0.7970    0.8360    0.7735     54924


             precision    recall  f1-score   support

          0     0.8279    0.9990    0.9055     42982
          1     0.4444    0.0026    0.0051      1563
          2     0.5797    0.0311    0.0590      2574
          3     0.0000    0.0000    0.0000      1592
          4     0.9973    0.1834    0.3098      3981
          5     1.0000    1.0000    1.0000       985
          6     1.0000    0.8794    0.9358       431
          7     1.0000    1.0000    1.0000       816

avg / total     0.8006    0.8363    0.7741     54924


             precision    recall  f1-score   support

          0     0.8277    0.9993    0.9055     42982
          1     0.3333    0.0077    0.0150      1563
          2     0.6582    0.0202    0.0392      2574
          3     0.0000    0.0000    0.0000      1592
          4     0.9973    0.1834    0.3098      3981
          5     1.0000    1.0000    1.0000       985
          6     1.0000    0.8840    0.9384       431
          7     1.0000    1.0000    1.0000       816

avg / total     0.8010    0.8362    0.7735     54924


             precision    recall  f1-score   support

          0     0.8272    0.9997    0.9053     42982
          1     0.3125    0.0032    0.0063      1563
          2     0.8085    0.0148    0.0290      2574
          3     0.0000    0.0000    0.0000      1592
          4     0.9973    0.1834    0.3098      3981
          5     1.0000    1.0000    1.0000       985
          6     1.0000    0.8770    0.9345       431
          7     1.0000    1.0000    1.0000       816

avg / total     0.8070    0.8361    0.7726     54924


             precision    recall  f1-score   support

          0     0.8278    0.9989    0.9054     42982
          1     0.4250    0.0109    0.0212      1563
          2     0.5810    0.0237    0.0455      2574
          3     0.0000    0.0000    0.0000      1592
          4     0.9973    0.1834    0.3098      3981
          5     1.0000    1.0000    1.0000       985
          6     1.0000    0.8840    0.9384       431
          7     1.0000    1.0000    1.0000       816

avg / total     0.8001    0.8362    0.7739     54924


             precision    recall  f1-score   support

          0     0.8276    0.9993    0.9054     42982
          1     0.5000    0.0038    0.0076      1563
          2     0.6593    0.0233    0.0450      2574
          3     0.0000    0.0000    0.0000      1592
          4     0.9973    0.1834    0.3098      3981
          5     0.9949    1.0000    0.9975       985
          6     0.9948    0.8933    0.9413       431
          7     1.0000    0.9939    0.9969       816

avg / total     0.8056    0.8362    0.7734     54924


             precision    recall  f1-score   support

          0     0.8274    0.9996    0.9054     42982
          1     0.2000    0.0006    0.0013      1563
          2     0.6707    0.0214    0.0414      2574
          3     0.0000    0.0000    0.0000      1592
          4     0.9973    0.1834    0.3098      3981
          5     1.0000    1.0000    1.0000       985
          6     1.0000    0.8631    0.9265       431
          7     1.0000    1.0000    1.0000       816

avg / total     0.7975    0.8362    0.7730     54924


             precision    recall  f1-score   support

          0     0.8271    0.9995    0.9052     42982
          1     0.4286    0.0058    0.0114      1563
          2     0.7049    0.0167    0.0326      2574
          3     0.0000    0.0000    0.0000      1592
          4     0.9973    0.1834    0.3098      3981
          5     1.0000    1.0000    1.0000       985
          6     1.0000    0.8469    0.9171       431
          7     1.0000    1.0000    1.0000       816

avg / total     0.8054    0.8359    0.7727     54924


             precision    recall  f1-score   support

          0     0.8278    0.9989    0.9054     42982
          1     0.4333    0.0083    0.0163      1563
          2     0.5565    0.0268    0.0511      2574
          3     0.0000    0.0000    0.0000      1592
          4     0.9973    0.1834    0.3098      3981
          5     1.0000    1.0000    1.0000       985
          6     1.0000    0.8677    0.9292       431
          7     1.0000    1.0000    1.0000       816

avg / total     0.7992    0.8361    0.7739     54924


             precision    recall  f1-score   support

          0     0.8278    0.9992    0.9055     42982
          1     0.3571    0.0032    0.0063      1563
          2     0.5776    0.0260    0.0498      2574
          3     0.0000    0.0000    0.0000      1592
          4     0.9973    0.1834    0.3098      3981
          5     1.0000    1.0000    1.0000       985
          6     1.0000    0.8747    0.9332       431
          7     1.0000    1.0000    1.0000       816

avg / total     0.7980    0.8362    0.7737     54924


             precision    recall  f1-score   support

          0     0.8280    0.9987    0.9054     42982
          1     0.3448    0.0064    0.0126      1563
          2     0.5396    0.0291    0.0553      2574
          3     0.0000    0.0000    0.0000      1592
          4     0.9973    0.1834    0.3098      3981
          5     1.0000    1.0000    1.0000       985
          6     1.0000    0.8794    0.9358       431
          7     1.0000    1.0000    1.0000       816

avg / total     0.7960    0.8361    0.7741     54924


             precision    recall  f1-score   support

          0     0.8282    0.9985    0.9054     42982
          1     0.4348    0.0064    0.0126      1563
          2     0.5119    0.0334    0.0627      2574
          3     0.0000    0.0000    0.0000      1592
          4     0.9973    0.1834    0.3098      3981
          5     0.9980    1.0000    0.9990       985
          6     1.0000    0.8770    0.9345       431
          7     1.0000    0.9975    0.9988       816

avg / total     0.7973    0.8361    0.7744     54924


             precision    recall  f1-score   support

          0     0.8279    0.9989    0.9054     42982
          1     0.3871    0.0077    0.0151      1563
          2     0.5537    0.0260    0.0497      2574
          3     0.0000    0.0000    0.0000      1592
          4     0.9973    0.1834    0.3098      3981
          5     0.9980    1.0000    0.9990       985
          6     1.0000    0.8817    0.9371       431
          7     1.0000    0.9975    0.9988       816

avg / total     0.7978    0.8361    0.7739     54924


             precision    recall  f1-score   support

          0     0.8281    0.9988    0.9055     42982
          1     0.4146    0.0109    0.0212      1563
          2     0.5672    0.0295    0.0561      2574
          3     0.0000    0.0000    0.0000      1592
          4     0.9973    0.1834    0.3098      3981
          5     1.0000    1.0000    1.0000       985
          6     1.0000    0.8770    0.9345       431
          7     1.0000    1.0000    1.0000       816

avg / total     0.7994    0.8363    0.7744     54924


             precision    recall  f1-score   support

          0     0.8282    0.9985    0.9054     42982
          1     0.3793    0.0070    0.0138      1563
          2     0.5091    0.0326    0.0613      2574
          3     0.0000    0.0000    0.0000      1592
          4     0.9973    0.1834    0.3098      3981
          5     1.0000    1.0000    1.0000       985
          6     1.0000    0.8770    0.9345       431
          7     1.0000    1.0000    1.0000       816

avg / total     0.7957    0.8361    0.7744     54924


             precision    recall  f1-score   support

          0     0.8283    0.9984    0.9054     42982
          1     0.3902    0.0102    0.0200      1563
          2     0.4815    0.0303    0.0570      2574
          3     0.0000    0.0000    0.0000      1592
          4     0.9973    0.1834    0.3098      3981
          5     1.0000    1.0000    1.0000       985
          6     1.0000    0.8840    0.9384       431
          7     1.0000    1.0000    1.0000       816

avg / total     0.7948    0.8360    0.7744     54924


             precision    recall  f1-score   support

          0     0.8281    0.9986    0.9054     42982
          1     0.3438    0.0141    0.0270      1563
          2     0.5983    0.0272    0.0520      2574
          3     0.0000    0.0000    0.0000      1592
          4     0.9973    0.1834    0.3098      3981
          5     1.0000    1.0000    1.0000       985
          6     1.0000    0.8794    0.9358       431
          7     1.0000    1.0000    1.0000       816

avg / total     0.7988    0.8362    0.7744     54924


             precision    recall  f1-score   support

          0     0.8282    0.9986    0.9055     42982
          1     0.3947    0.0096    0.0187      1563
          2     0.5467    0.0319    0.0602      2574
          3     0.0000    0.0000    0.0000      1592
          4     0.9973    0.1834    0.3098      3981
          5     1.0000    1.0000    1.0000       985
          6     1.0000    0.8863    0.9397       431
          7     1.0000    1.0000    1.0000       816

avg / total     0.7979    0.8362    0.7746     54924


             precision    recall  f1-score   support

          0     0.8287    0.9975    0.9053     42982
          1     0.3385    0.0141    0.0270      1563
          2     0.5144    0.0416    0.0769      2574
          3     0.0000    0.0000    0.0000      1592
          4     0.9973    0.1834    0.3098      3981
          5     1.0000    1.0000    1.0000       985
          6     1.0000    0.8863    0.9397       431
          7     1.0000    1.0000    1.0000       816

avg / total     0.7952    0.8360    0.7755     54924


             precision    recall  f1-score   support

          0     0.8286    0.9977    0.9054     42982
          1     0.3542    0.0109    0.0211      1563
          2     0.5286    0.0431    0.0797      2574
          3     0.0000    0.0000    0.0000      1592
          4     0.9973    0.1834    0.3098      3981
          5     1.0000    1.0000    1.0000       985
          6     1.0000    0.8817    0.9371       431
          7     1.0000    1.0000    1.0000       816

avg / total     0.7962    0.8361    0.7755     54924


             precision    recall  f1-score   support

          0     0.8279    0.9988    0.9054     42982
          1     0.4400    0.0141    0.0273      1563
          2     0.5727    0.0245    0.0469      2574
          3     0.0000    0.0000    0.0000      1592
          4     0.9973    0.1834    0.3098      3981
          5     1.0000    1.0000    1.0000       985
          6     1.0000    0.8840    0.9384       431
          7     1.0000    1.0000    1.0000       816

avg / total     0.8002    0.8362    0.7741     54924


             precision    recall  f1-score   support

          0     0.8284    0.9980    0.9053     42982
          1     0.4182    0.0147    0.0284      1563
          2     0.4819    0.0311    0.0584      2574
          3     0.0000    0.0000    0.0000      1592
          4     0.9959    0.1841    0.3108      3981
          5     1.0000    1.0000    1.0000       985
          6     1.0000    0.8840    0.9384       431
          7     1.0000    1.0000    1.0000       816

avg / total     0.7956    0.8360    0.7747     54924


             precision    recall  f1-score   support

          0     0.8291    0.9970    0.9053     42982
          1     0.3421    0.0083    0.0162      1563
          2     0.4875    0.0532    0.0960      2574
          3     0.0000    0.0000    0.0000      1592
          4     0.9973    0.1834    0.3098      3981
          5     1.0000    1.0000    1.0000       985
          6     1.0000    0.8886    0.9410       431
          7     1.0000    1.0000    1.0000       816

avg / total     0.7943    0.8360    0.7761     54924


             precision    recall  f1-score   support

          0     0.8284    0.9983    0.9055     42982
          1     0.4130    0.0122    0.0236      1563
          2     0.5422    0.0350    0.0657      2574
          3     0.0000    0.0000    0.0000      1592
          4     0.9973    0.1834    0.3098      3981
          5     1.0000    1.0000    1.0000       985
          6     1.0000    0.8886    0.9410       431
          7     1.0000    1.0000    1.0000       816

avg / total     0.7984    0.8363    0.7750     54924


             precision    recall  f1-score   support

          0     0.8291    0.9974    0.9055     42982
          1     0.3696    0.0109    0.0211      1563
          2     0.5317    0.0521    0.0948      2574
          3     0.0000    0.0000    0.0000      1592
          4     0.9973    0.1836    0.3101      3981
          5     1.0000    1.0000    1.0000       985
          6     1.0000    0.8910    0.9423       431
          7     1.0000    1.0000    1.0000       816

avg / total     0.7972    0.8364    0.7763     54924


             precision    recall  f1-score   support

          0     0.8289    0.9978    0.9055     42982
          1     0.4035    0.0147    0.0284      1563
          2     0.5097    0.0408    0.0755      2574
          3     0.0000    0.0000    0.0000      1592
          4     0.9959    0.1846    0.3115      3981
          5     1.0000    1.0000    1.0000       985
          6     1.0000    0.8886    0.9410       431
          7     1.0000    1.0000    1.0000       816

avg / total     0.7969    0.8363    0.7757     54924


             precision    recall  f1-score   support

          0     0.8293    0.9974    0.9057     42982
          1     0.3636    0.0077    0.0150      1563
          2     0.5267    0.0575    0.1037      2574
          3     0.0000    0.0000    0.0000      1592
          4     0.9973    0.1834    0.3098      3981
          5     1.0000    1.0000    1.0000       985
          6     1.0000    0.8886    0.9410       431
          7     1.0000    1.0000    1.0000       816

avg / total     0.7970    0.8365    0.7767     54924


             precision    recall  f1-score   support

          0     0.8294    0.9974    0.9057     42982
          1     0.3607    0.0141    0.0271      1563
          2     0.5360    0.0521    0.0949      2574
          3     0.0000    0.0000    0.0000      1592
          4     0.9973    0.1846    0.3116      3981
          5     1.0000    1.0000    1.0000       985
          6     1.0000    0.8956    0.9449       431
          7     1.0000    1.0000    1.0000       816

avg / total     0.7974    0.8366    0.7768     54924


             precision    recall  f1-score   support

          0     0.8294    0.9974    0.9057     42982
          1     0.4000    0.0115    0.0224      1563
          2     0.5182    0.0552    0.0997      2574
          3     0.0000    0.0000    0.0000      1592
          4     0.9973    0.1836    0.3101      3981
          5     0.9980    1.0000    0.9990       985
          6     1.0000    0.8933    0.9436       431
          7     1.0000    0.9975    0.9988       816

avg / total     0.7976    0.8365    0.7767     54924


             precision    recall  f1-score   support

          0     0.8295    0.9971    0.9056     42982
          1     0.3393    0.0122    0.0235      1563
          2     0.5054    0.0548    0.0988      2574
          3     0.0000    0.0000    0.0000      1592
          4     0.9973    0.1844    0.3112      3981
          5     1.0000    1.0000    1.0000       985
          6     1.0000    0.8979    0.9462       431
          7     1.0000    1.0000    1.0000       816

avg / total     0.7954    0.8364    0.7768     54924


             precision    recall  f1-score   support

          0     0.8297    0.9967    0.9055     42982
          1     0.3429    0.0154    0.0294      1563
          2     0.5137    0.0583    0.1047      2574
          3     0.0000    0.0000    0.0000      1592
          4     0.9946    0.1846    0.3114      3981
          5     1.0000    1.0000    1.0000       985
          6     1.0000    0.8933    0.9436       431
          7     1.0000    1.0000    1.0000       816

avg / total     0.7958    0.8363    0.7772     54924


             precision    recall  f1-score   support

          0     0.8297    0.9969    0.9057     42982
          1     0.3906    0.0160    0.0307      1563
          2     0.5205    0.0591    0.1061      2574
          3     0.0000    0.0000    0.0000      1592
          4     0.9959    0.1846    0.3115      3981
          5     1.0000    1.0000    1.0000       985
          6     1.0000    0.9002    0.9475       431
          7     1.0000    1.0000    1.0000       816

avg / total     0.7977    0.8366    0.7774     54924


             precision    recall  f1-score   support

          0     0.8297    0.9970    0.9057     42982
          1     0.3766    0.0186    0.0354      1563
          2     0.5072    0.0544    0.0982      2574
          3     0.0000    0.0000    0.0000      1592
          4     0.9973    0.1844    0.3112      3981
          5     1.0000    1.0000    1.0000       985
          6     1.0000    0.8979    0.9462       431
          7     1.0000    1.0000    1.0000       816

avg / total     0.7967    0.8365    0.7772     54924


             precision    recall  f1-score   support

          0     0.8296    0.9970    0.9057     42982
          1     0.4337    0.0230    0.0437      1563
          2     0.5038    0.0517    0.0937      2574
          3     0.0000    0.0000    0.0000      1592
          4     0.9973    0.1836    0.3101      3981
          5     1.0000    1.0000    1.0000       985
          6     1.0000    0.8979    0.9462       431
          7     1.0000    1.0000    1.0000       816

avg / total     0.7981    0.8365    0.7771     54924


             precision    recall  f1-score   support

          0     0.8291    0.9971    0.9054     42982
          1     0.3696    0.0109    0.0211      1563
          2     0.4848    0.0497    0.0902      2574
          3     0.0000    0.0000    0.0000      1592
          4     0.9959    0.1844    0.3111      3981
          5     0.9990    1.0000    0.9995       985
          6     1.0000    0.8956    0.9449       431
          7     1.0000    0.9988    0.9994       816

avg / total     0.7949    0.8361    0.7761     54924


             precision    recall  f1-score   support

          0     0.8301    0.9966    0.9057     42982
          1     0.4110    0.0192    0.0367      1563
          2     0.5015    0.0629    0.1118      2574
          3     0.0000    0.0000    0.0000      1592
          4     0.9959    0.1839    0.3104      3981
          5     1.0000    1.0000    1.0000       985
          6     1.0000    0.9002    0.9475       431
          7     1.0000    1.0000    1.0000       816

avg / total     0.7976    0.8366    0.7778     54924


             precision    recall  f1-score   support

          0     0.8298    0.9968    0.9057     42982
          1     0.4068    0.0154    0.0296      1563
          2     0.4868    0.0571    0.1022      2574
          3     0.0000    0.0000    0.0000      1592
          4     0.9959    0.1846    0.3115      3981
          5     1.0000    1.0000    1.0000       985
          6     1.0000    0.9026    0.9488       431
          7     1.0000    1.0000    1.0000       816

avg / total     0.7966    0.8365    0.7772     54924


             precision    recall  f1-score   support

          0     0.8299    0.9963    0.9055     42982
          1     0.3452    0.0186    0.0352      1563
          2     0.4859    0.0602    0.1072      2574
          3     0.0000    0.0000    0.0000      1592
          4     0.9946    0.1841    0.3107      3981
          5     0.9990    1.0000    0.9995       985
          6     1.0000    0.8863    0.9397       431
          7     1.0000    0.9988    0.9994       816

avg / total     0.7947    0.8361    0.7773     54924


             precision    recall  f1-score   support

          0     0.8296    0.9972    0.9057     42982
          1     0.3962    0.0134    0.0260      1563
          2     0.5177    0.0567    0.1022      2574
          3     0.0000    0.0000    0.0000      1592
          4     0.9959    0.1844    0.3111      3981
          5     1.0000    1.0000    1.0000       985
          6     0.9974    0.8910    0.9412       431
          7     1.0000    1.0000    1.0000       816

avg / total     0.7976    0.8366    0.7771     54924


             precision    recall  f1-score   support

          0     0.8299    0.9972    0.9059     42982
          1     0.3400    0.0218    0.0409      1563
          2     0.5444    0.0524    0.0957      2574
          3     0.0000    0.0000    0.0000      1592
          4     0.9946    0.1846    0.3114      3981
          5     1.0000    1.0000    1.0000       985
          6     1.0000    0.9002    0.9475       431
          7     1.0000    1.0000    1.0000       816

avg / total     0.7973    0.8367    0.7773     54924


             precision    recall  f1-score   support

          0     0.8301    0.9966    0.9058     42982
          1     0.4658    0.0218    0.0416      1563
          2     0.5000    0.0618    0.1100      2574
          3     0.0000    0.0000    0.0000      1592
          4     0.9946    0.1844    0.3111      3981
          5     1.0000    1.0000    1.0000       985
          6     0.9974    0.9002    0.9463       431
          7     1.0000    1.0000    1.0000       816

avg / total     0.7990    0.8367    0.7780     54924


             precision    recall  f1-score   support

          0     0.8301    0.9968    0.9058     42982
          1     0.4321    0.0224    0.0426      1563
          2     0.5185    0.0598    0.1073      2574
          3     0.0000    0.0000    0.0000      1592
          4     0.9946    0.1849    0.3118      3981
          5     1.0000    1.0000    1.0000       985
          6     1.0000    0.9049    0.9501       431
          7     1.0000    1.0000    1.0000       816

avg / total     0.7989    0.8368    0.7780     54924


             precision    recall  f1-score   support

          0     0.8299    0.9971    0.9058     42982
          1     0.3750    0.0173    0.0330      1563
          2     0.5216    0.0563    0.1017      2574
          3     0.0000    0.0000    0.0000      1592
          4     0.9946    0.1846    0.3114      3981
          5     1.0000    1.0000    1.0000       985
          6     1.0000    0.9049    0.9501       431
          7     1.0000    1.0000    1.0000       816

avg / total     0.7973    0.8367    0.7774     54924


             precision    recall  f1-score   support

          0     0.8301    0.9966    0.9058     42982
          1     0.4070    0.0224    0.0424      1563
          2     0.5217    0.0606    0.1086      2574
          3     0.0000    0.0000    0.0000      1592
          4     0.9932    0.1846    0.3114      3981
          5     1.0000    1.0000    1.0000       985
          6     0.9974    0.9026    0.9476       431
          7     1.0000    1.0000    1.0000       816

avg / total     0.7982    0.8367    0.7779     54924

val_acc:0.835572792444,0.835718449566,0.835918725197,0.835882315323,0.836392103593,0.836446726933,0.835973346262,0.836319279865,0.836246449027,0.836119001674,0.836173621606,0.836246449314,0.836155414963,0.835882311343,0.836082585549,0.836228240965,0.836100792761,0.836064380899,0.836118999972,0.836264655674,0.836064378907,0.836046171413,0.836155415532,0.836246447326,0.836009760116,0.836137206901,0.836173620186,0.835973343987,0.83602796619,0.836301070948,0.836392105299,0.836301070948,0.836537763558,0.836592383486,0.836519554358,0.836428518584,0.836337485939,0.836592381211,0.836501347998,0.836464931869,0.836100796741,0.836555969632,0.83646493272,0.836064380613,0.836574176561,0.83666520835,0.836683415562,0.836792657692,0.836719831977,0.83668341613
lr:0.0551979,0.0551979,0.0551979,0.0551979,0.0551979,0.0551979,0.0551979,0.0551979,0.0551979,0.0551979,0.0551979,0.0551979,0.0551979,0.0551979,0.0110396,0.0110396,0.0110396,0.0110396,0.0110396,0.0110396,0.0110396,0.0110396,0.0110396,0.0110396,0.0110396,0.0110396,0.0110396,0.0110396,0.0110396,0.0110396,0.0110396,0.0110396,0.0110396,0.0110396,0.0110396,0.0110396,0.0110396,0.0110396,0.0110396,0.0110396,0.0110396,0.0110396,0.0110396,0.0110396,0.0110396,0.0110396,0.0110396,0.0110396,0.0110396,0.0110396
loss:0.527046730298,0.493135393159,0.490668898318,0.489584508914,0.489445165733,0.488829265405,0.488634934653,0.487371972656,0.487221077319,0.487444557706,0.48683614647,0.487639517276,0.487462277422,0.487412021909,0.483352691217,0.482126944071,0.48169677253,0.48103349126,0.480943805009,0.48050713706,0.479754764753,0.479525628082,0.479291277737,0.479184356633,0.478893508434,0.478591193776,0.477917159268,0.478267966583,0.477613088332,0.477605772144,0.477197072344,0.476951178793,0.476148154473,0.476591336505,0.476386149426,0.475886358964,0.475623915272,0.475249319809,0.475071586917,0.474899528522,0.474578573199,0.474322036353,0.474255361892,0.473973901954,0.474261052395,0.473891811447,0.473486275766,0.473264048976,0.47331305307,0.473033775657
val_loss:0.489324488196,0.486996025387,0.487425275809,0.491353442018,0.484053384853,0.483469190165,0.48551898238,0.483556616503,0.482596964797,0.482402848343,0.482857901262,0.486458224316,0.487153604743,0.484362109381,0.481446667732,0.481081285052,0.479944748376,0.479591593282,0.479462361281,0.478954000493,0.478891677265,0.478694868226,0.477904476914,0.478787601919,0.478339371307,0.47735611747,0.478531173159,0.477371558848,0.476983751888,0.476308784298,0.476718059823,0.476262870207,0.476017663729,0.475527658246,0.476492122162,0.475778105282,0.476194852732,0.474970638926,0.474585033435,0.475486897591,0.475214732389,0.474432791413,0.474191078591,0.475606196976,0.475678309788,0.473950652428,0.474529561301,0.474600496033,0.474447200867,0.473296101801
acc:0.827238190839,0.833677236735,0.834004951654,0.834217362698,0.834083847968,0.834011022161,0.834120262821,0.834180949926,0.834338740253,0.834259844429,0.834472253448,0.834320534356,0.834454049416,0.834393358736,0.834623974089,0.834751420142,0.834854592214,0.835000243438,0.83484852293,0.834830316015,0.834945624901,0.835036656731,0.835073070838,0.83528547999,0.835309752923,0.83529154859,0.835491820399,0.835449340036,0.835564645397,0.835576783092,0.835582852773,0.835704229107,0.835886293789,0.835983396565,0.835959121665,0.835953053584,0.83603194832,0.836214013387,0.836019810734,0.835971258166,0.83615939436,0.836232220073,0.836214014752,0.836165461241,0.836456768798,0.836165461325,0.836517455075,0.836523522901,0.836505317312,0.836584213478
