
             precision    recall  f1-score   support

          0     0.8271    0.9986    0.9048     42982
          1     0.0000    0.0000    0.0000      1563
          2     0.4521    0.0256    0.0485      2574
          3     0.0000    0.0000    0.0000      1592
          4     0.9973    0.1834    0.3098      3981
          5     0.9949    1.0000    0.9975       985
          6     1.0000    0.8213    0.9019       431
          7     0.9975    0.9853    0.9914       816

avg / total     0.7812    0.8350    0.7725     54924


             precision    recall  f1-score   support

          0     0.8276    0.9993    0.9054     42982
          1     0.0000    0.0000    0.0000      1563
          2     0.5285    0.0253    0.0482      2574
          3     0.0000    0.0000    0.0000      1592
          4     0.9973    0.1834    0.3098      3981
          5     0.9949    1.0000    0.9975       985
          6     1.0000    0.8608    0.9252       431
          7     1.0000    0.9902    0.9951       816

avg / total     0.7852    0.8359    0.7732     54924


             precision    recall  f1-score   support

          0     0.8273    0.9998    0.9054     42982
          1     0.0000    0.0000    0.0000      1563
          2     0.7727    0.0198    0.0386      2574
          3     0.0000    0.0000    0.0000      1592
          4     0.9973    0.1834    0.3098      3981
          5     0.9949    1.0000    0.9975       985
          6     1.0000    0.8747    0.9332       431
          7     1.0000    0.9939    0.9969       816

avg / total     0.7964    0.8362    0.7728     54924


             precision    recall  f1-score   support

          0     0.8273    0.9996    0.9053     42982
          1     0.3548    0.0070    0.0138      1563
          2     0.8125    0.0152    0.0297      2574
          3     0.0000    0.0000    0.0000      1592
          4     0.9973    0.1834    0.3098      3981
          5     1.0000    1.0000    1.0000       985
          6     1.0000    0.8770    0.9345       431
          7     1.0000    1.0000    1.0000       816

avg / total     0.8085    0.8361    0.7728     54924


             precision    recall  f1-score   support

          0     0.8287    0.9984    0.9057     42982
          1     0.4118    0.0134    0.0260      1563
          2     0.5690    0.0385    0.0721      2574
          3     0.0000    0.0000    0.0000      1592
          4     0.9973    0.1834    0.3098      3981
          5     1.0000    1.0000    1.0000       985
          6     1.0000    0.8817    0.9371       431
          7     1.0000    1.0000    1.0000       816

avg / total     0.7998    0.8365    0.7755     54924


             precision    recall  f1-score   support

          0     0.8280    0.9992    0.9056     42982
          1     0.4074    0.0070    0.0138      1563
          2     0.6466    0.0291    0.0558      2574
          3     0.0000    0.0000    0.0000      1592
          4     0.9973    0.1834    0.3098      3981
          5     1.0000    1.0000    1.0000       985
          6     1.0000    0.8770    0.9345       431
          7     1.0000    1.0000    1.0000       816

avg / total     0.8028    0.8365    0.7743     54924


             precision    recall  f1-score   support

          0     0.8284    0.9987    0.9056     42982
          1     0.5000    0.0026    0.0051      1563
          2     0.5165    0.0365    0.0682      2574
          3     0.0000    0.0000    0.0000      1592
          4     0.9946    0.1839    0.3104      3981
          5     1.0000    1.0000    1.0000       985
          6     1.0000    0.8817    0.9371       431
          7     1.0000    1.0000    1.0000       816

avg / total     0.7995    0.8364    0.7747     54924


             precision    recall  f1-score   support

          0     0.8282    0.9991    0.9056     42982
          1     0.3077    0.0051    0.0101      1563
          2     0.5940    0.0307    0.0584      2574
          3     0.0000    0.0000    0.0000      1592
          4     0.9973    0.1836    0.3101      3981
          5     1.0000    1.0000    1.0000       985
          6     1.0000    0.8817    0.9371       431
          7     1.0000    1.0000    1.0000       816

avg / total     0.7976    0.8364    0.7744     54924


             precision    recall  f1-score   support

          0     0.8286    0.9975    0.9053     42982
          1     0.3483    0.0198    0.0375      1563
          2     0.5429    0.0369    0.0691      2574
          3     0.0000    0.0000    0.0000      1592
          4     0.9973    0.1836    0.3101      3981
          5     1.0000    1.0000    1.0000       985
          6     1.0000    0.8910    0.9423       431
          7     1.0000    1.0000    1.0000       816

avg / total     0.7968    0.8360    0.7754     54924


             precision    recall  f1-score   support

          0     0.8284    0.9983    0.9054     42982
          1     0.5000    0.0045    0.0089      1563
          2     0.5078    0.0381    0.0708      2574
          3     0.0000    0.0000    0.0000      1592
          4     0.9932    0.1836    0.3099      3981
          5     1.0000    1.0000    1.0000       985
          6     1.0000    0.8863    0.9397       431
          7     1.0000    1.0000    1.0000       816

avg / total     0.7989    0.8362    0.7747     54924


             precision    recall  f1-score   support

          0     0.8284    0.9988    0.9056     42982
          1     0.2500    0.0077    0.0149      1563
          2     0.5455    0.0280    0.0532      2574
          3     0.0000    0.0000    0.0000      1592
          4     0.9946    0.1836    0.3100      3981
          5     1.0000    1.0000    1.0000       985
          6     1.0000    0.8886    0.9410       431
          7     1.0000    1.0000    1.0000       816

avg / total     0.7937    0.8362    0.7743     54924


             precision    recall  f1-score   support

          0     0.8292    0.9968    0.9053     42982
          1     0.2969    0.0122    0.0234      1563
          2     0.4457    0.0462    0.0838      2574
          3     0.0000    0.0000    0.0000      1592
          4     0.9919    0.1846    0.3113      3981
          5     1.0000    1.0000    1.0000       985
          6     1.0000    0.8840    0.9384       431
          7     1.0000    1.0000    1.0000       816

avg / total     0.7908    0.8357    0.7758     54924


             precision    recall  f1-score   support

          0     0.8287    0.9974    0.9053     42982
          1     0.3636    0.0077    0.0150      1563
          2     0.5000    0.0462    0.0846      2574
          3     0.0000    0.0000    0.0000      1592
          4     0.9946    0.1839    0.3104      3981
          5     1.0000    1.0000    1.0000       985
          6     1.0000    0.8863    0.9397       431
          7     1.0000    1.0000    1.0000       816

avg / total     0.7950    0.8360    0.7755     54924


             precision    recall  f1-score   support

          0     0.8288    0.9976    0.9054     42982
          1     0.3846    0.0096    0.0187      1563
          2     0.4893    0.0443    0.0812      2574
          3     0.0000    0.0000    0.0000      1592
          4     0.9946    0.1839    0.3104      3981
          5     1.0000    1.0000    1.0000       985
          6     1.0000    0.8886    0.9410       431
          7     1.0000    1.0000    1.0000       816

avg / total     0.7952    0.8361    0.7756     54924


             precision    recall  f1-score   support

          0     0.8284    0.9984    0.9055     42982
          1     0.3333    0.0102    0.0199      1563
          2     0.5390    0.0322    0.0609      2574
          3     0.0000    0.0000    0.0000      1592
          4     0.9946    0.1834    0.3097      3981
          5     1.0000    1.0000    1.0000       985
          6     1.0000    0.8886    0.9410       431
          7     1.0000    1.0000    1.0000       816

avg / total     0.7957    0.8362    0.7746     54924


             precision    recall  f1-score   support

          0     0.8285    0.9980    0.9054     42982
          1     0.4038    0.0134    0.0260      1563
          2     0.5000    0.0346    0.0647      2574
          3     0.0000    0.0000    0.0000      1592
          4     0.9946    0.1839    0.3104      3981
          5     1.0000    1.0000    1.0000       985
          6     1.0000    0.8886    0.9410       431
          7     1.0000    1.0000    1.0000       816

avg / total     0.7960    0.8361    0.7749     54924


             precision    recall  f1-score   support

          0     0.8300    0.9960    0.9055     42982
          1     0.4600    0.0147    0.0285      1563
          2     0.4701    0.0672    0.1176      2574
          3     0.0000    0.0000    0.0000      1592
          4     0.9932    0.1844    0.3110      3981
          5     1.0000    1.0000    1.0000       985
          6     1.0000    0.8933    0.9436       431
          7     1.0000    1.0000    1.0000       816

avg / total     0.7973    0.8362    0.7777     54924


             precision    recall  f1-score   support

          0     0.8298    0.9959    0.9053     42982
          1     0.2910    0.0250    0.0460      1563
          2     0.4596    0.0509    0.0916      2574
          3     0.0000    0.0000    0.0000      1592
          4     0.9959    0.1836    0.3101      3981
          5     1.0000    1.0000    1.0000       985
          6     1.0000    0.8956    0.9449       431
          7     1.0000    1.0000    1.0000       816

avg / total     0.7920    0.8356    0.7767     54924


             precision    recall  f1-score   support

          0     0.8295    0.9956    0.9050     42982
          1     0.4024    0.0211    0.0401      1563
          2     0.3853    0.0490    0.0869      2574
          3     0.0000    0.0000    0.0000      1592
          4     0.9932    0.1841    0.3107      3981
          5     1.0000    1.0000    1.0000       985
          6     1.0000    0.8956    0.9449       431
          7     1.0000    1.0000    1.0000       816

avg / total     0.7913    0.8352    0.7762     54924


             precision    recall  f1-score   support

          0     0.8296    0.9968    0.9055     42982
          1     0.3939    0.0250    0.0469      1563
          2     0.5133    0.0524    0.0952      2574
          3     0.0000    0.0000    0.0000      1592
          4     0.9932    0.1839    0.3103      3981
          5     1.0000    1.0000    1.0000       985
          6     1.0000    0.8817    0.9371       431
          7     1.0000    1.0000    1.0000       816

avg / total     0.7971    0.8362    0.7771     54924


             precision    recall  f1-score   support

          0     0.8296    0.9966    0.9055     42982
          1     0.3118    0.0186    0.0350      1563
          2     0.5037    0.0524    0.0950      2574
          3     0.0000    0.0000    0.0000      1592
          4     0.9946    0.1844    0.3111      3981
          5     1.0000    1.0000    1.0000       985
          6     1.0000    0.8979    0.9462       431
          7     1.0000    1.0000    1.0000       816

avg / total     0.7944    0.8361    0.7768     54924


             precision    recall  f1-score   support

          0     0.8297    0.9967    0.9056     42982
          1     0.3929    0.0211    0.0401      1563
          2     0.4964    0.0540    0.0974      2574
          3     0.0000    0.0000    0.0000      1592
          4     0.9932    0.1836    0.3099      3981
          5     1.0000    1.0000    1.0000       985
          6     1.0000    0.9026    0.9488       431
          7     1.0000    1.0000    1.0000       816

avg / total     0.7964    0.8363    0.7771     54924


             precision    recall  f1-score   support

          0     0.8294    0.9972    0.9056     42982
          1     0.3615    0.0301    0.0555      1563
          2     0.5135    0.0369    0.0689      2574
          3     0.0000    0.0000    0.0000      1592
          4     0.9906    0.1844    0.3109      3981
          5     1.0000    1.0000    1.0000       985
          6     0.9974    0.8956    0.9438       431
          7     0.9963    1.0000    0.9982       816

avg / total     0.7958    0.8362    0.7762     54924


             precision    recall  f1-score   support

          0     0.8287    0.9977    0.9054     42982
          1     0.4462    0.0186    0.0356      1563
          2     0.5312    0.0396    0.0738      2574
          3     0.0000    0.0000    0.0000      1592
          4     0.9919    0.1836    0.3099      3981
          5     1.0000    1.0000    1.0000       985
          6     1.0000    0.8933    0.9436       431
          7     1.0000    1.0000    1.0000       816

avg / total     0.7987    0.8362    0.7757     54924


             precision    recall  f1-score   support

          0     0.8304    0.9953    0.9054     42982
          1     0.3784    0.0358    0.0655      1563
          2     0.4860    0.0606    0.1078      2574
          3     0.2857    0.0013    0.0025      1592
          4     0.9932    0.1841    0.3107      3981
          5     0.9960    1.0000    0.9980       985
          6     1.0000    0.9049    0.9501       431
          7     1.0000    0.9951    0.9975       816

avg / total     0.8042    0.8360    0.7782     54924


             precision    recall  f1-score   support

          0     0.8304    0.9950    0.9053     42982
          1     0.3971    0.0173    0.0331      1563
          2     0.4516    0.0761    0.1303      2574
          3     0.0000    0.0000    0.0000      1592
          4     0.9946    0.1844    0.3111      3981
          5     1.0000    1.0000    1.0000       985
          6     1.0000    0.8886    0.9410       431
          7     1.0000    1.0000    1.0000       816

avg / total     0.7950    0.8358    0.7782     54924


             precision    recall  f1-score   support

          0     0.8300    0.9963    0.9056     42982
          1     0.4118    0.0269    0.0505      1563
          2     0.4527    0.0521    0.0934      2574
          3     0.0000    0.0000    0.0000      1592
          4     0.9919    0.1844    0.3110      3981
          5     0.9990    1.0000    0.9995       985
          6     1.0000    0.8979    0.9462       431
          7     1.0000    0.9988    0.9994       816

avg / total     0.7949    0.8361    0.7772     54924


             precision    recall  f1-score   support

          0     0.8293    0.9973    0.9056     42982
          1     0.3976    0.0211    0.0401      1563
          2     0.5175    0.0458    0.0842      2574
          3     0.0000    0.0000    0.0000      1592
          4     0.9946    0.1844    0.3111      3981
          5     1.0000    1.0000    1.0000       985
          6     1.0000    0.8933    0.9436       431
          7     1.0000    1.0000    1.0000       816

avg / total     0.7973    0.8364    0.7765     54924


             precision    recall  f1-score   support

          0     0.8306    0.9957    0.9057     42982
          1     0.4375    0.0313    0.0585      1563
          2     0.4777    0.0664    0.1166      2574
          3     0.0000    0.0000    0.0000      1592
          4     0.9946    0.1844    0.3111      3981
          5     1.0000    1.0000    1.0000       985
          6     1.0000    0.8956    0.9449       431
          7     1.0000    1.0000    1.0000       816

avg / total     0.7975    0.8364    0.7786     54924


             precision    recall  f1-score   support

          0     0.8300    0.9958    0.9054     42982
          1     0.4088    0.0358    0.0659      1563
          2     0.5094    0.0524    0.0951      2574
          3     0.1034    0.0019    0.0037      1592
          4     0.9932    0.1839    0.3103      3981
          5     1.0000    1.0000    1.0000       985
          6     1.0000    0.9002    0.9475       431
          7     1.0000    1.0000    1.0000       816

avg / total     0.8007    0.8360    0.7777     54924


             precision    recall  f1-score   support

          0     0.8303    0.9965    0.9059     42982
          1     0.3824    0.0250    0.0468      1563
          2     0.4873    0.0594    0.1060      2574
          3     0.0000    0.0000    0.0000      1592
          4     0.9932    0.1844    0.3110      3981
          5     1.0000    1.0000    1.0000       985
          6     1.0000    0.8979    0.9462       431
          7     1.0000    1.0000    1.0000       816

avg / total     0.7962    0.8365    0.7780     54924


             precision    recall  f1-score   support

          0     0.8304    0.9966    0.9059     42982
          1     0.4184    0.0262    0.0494      1563
          2     0.5402    0.0653    0.1165      2574
          3     0.0000    0.0000    0.0000      1592
          4     0.9906    0.1844    0.3109      3981
          5     0.9980    1.0000    0.9990       985
          6     1.0000    0.9002    0.9475       431
          7     1.0000    0.9975    0.9988       816

avg / total     0.7995    0.8369    0.7785     54924


             precision    recall  f1-score   support

          0     0.8309    0.9956    0.9058     42982
          1     0.4272    0.0282    0.0528      1563
          2     0.4767    0.0715    0.1243      2574
          3     0.0000    0.0000    0.0000      1592
          4     0.9919    0.1849    0.3117      3981
          5     1.0000    1.0000    1.0000       985
          6     1.0000    0.9002    0.9475       431
          7     1.0000    1.0000    1.0000       816

avg / total     0.7972    0.8365    0.7790     54924


             precision    recall  f1-score   support

          0     0.8306    0.9963    0.9059     42982
          1     0.4390    0.0345    0.0641      1563
          2     0.5164    0.0610    0.1091      2574
          3     0.3333    0.0019    0.0037      1592
          4     0.9906    0.1844    0.3109      3981
          5     0.9980    1.0000    0.9990       985
          6     1.0000    0.9002    0.9475       431
          7     1.0000    0.9975    0.9988       816

avg / total     0.8087    0.8368    0.7787     54924


             precision    recall  f1-score   support

          0     0.8306    0.9954    0.9056     42982
          1     0.3952    0.0313    0.0581      1563
          2     0.5028    0.0688    0.1210      2574
          3     0.0000    0.0000    0.0000      1592
          4     0.9774    0.1846    0.3106      3981
          5     1.0000    1.0000    1.0000       985
          6     1.0000    0.8979    0.9462       431
          7     1.0000    1.0000    1.0000       816

avg / total     0.7963    0.8363    0.7787     54924


             precision    recall  f1-score   support

          0     0.8316    0.9936    0.9054     42982
          1     0.4855    0.0429    0.0788      1563
          2     0.4483    0.0843    0.1419      2574
          3     0.2308    0.0019    0.0037      1592
          4     0.9879    0.1844    0.3108      3981
          5     1.0000    1.0000    1.0000       985
          6     1.0000    0.8956    0.9449       431
          7     0.9988    1.0000    0.9994       816

avg / total     0.8045    0.8360    0.7803     54924


             precision    recall  f1-score   support

          0     0.8311    0.9950    0.9057     42982
          1     0.4783    0.0493    0.0893      1563
          2     0.4880    0.0629    0.1115      2574
          3     0.2222    0.0025    0.0050      1592
          4     0.9661    0.1864    0.3125      3981
          5     0.9990    1.0000    0.9995       985
          6     0.9974    0.8956    0.9438       431
          7     1.0000    0.9988    0.9994       816

avg / total     0.8039    0.8364    0.7795     54924


             precision    recall  f1-score   support

          0     0.8314    0.9947    0.9058     42982
          1     0.5000    0.0499    0.0908      1563
          2     0.4704    0.0742    0.1282      2574
          3     0.0000    0.0000    0.0000      1592
          4     0.9853    0.1854    0.3121      3981
          5     1.0000    1.0000    1.0000       985
          6     1.0000    0.9002    0.9475       431
          7     1.0000    1.0000    1.0000       816

avg / total     0.7990    0.8366    0.7803     54924


             precision    recall  f1-score   support

          0     0.8321    0.9939    0.9058     42982
          1     0.4643    0.0582    0.1035      1563
          2     0.4846    0.0793    0.1362      2574
          3     0.1905    0.0025    0.0050      1592
          4     0.9841    0.1864    0.3134      3981
          5     1.0000    1.0000    1.0000       985
          6     1.0000    0.9002    0.9475       431
          7     1.0000    1.0000    1.0000       816

avg / total     0.8046    0.8366    0.7813     54924


             precision    recall  f1-score   support

          0     0.8318    0.9946    0.9060     42982
          1     0.4709    0.0518    0.0934      1563
          2     0.4838    0.0754    0.1304      2574
          3     0.2143    0.0019    0.0037      1592
          4     0.9828    0.1861    0.3130      3981
          5     1.0000    1.0000    1.0000       985
          6     1.0000    0.9026    0.9488       431
          7     1.0000    1.0000    1.0000       816

avg / total     0.8051    0.8368    0.7808     54924


             precision    recall  f1-score   support

          0     0.8327    0.9936    0.9061     42982
          1     0.4976    0.0653    0.1154      1563
          2     0.4839    0.0878    0.1486      2574
          3     0.1579    0.0019    0.0037      1592
          4     0.9751    0.1866    0.3133      3981
          5     1.0000    1.0000    1.0000       985
          6     1.0000    0.9002    0.9475       431
          7     1.0000    1.0000    1.0000       816

avg / total     0.8044    0.8369    0.7824     54924


             precision    recall  f1-score   support

          0     0.8324    0.9940    0.9061     42982
          1     0.5111    0.0589    0.1056      1563
          2     0.4898    0.0843    0.1439      2574
          3     0.2857    0.0013    0.0025      1592
          4     0.9603    0.1881    0.3146      3981
          5     1.0000    1.0000    1.0000       985
          6     1.0000    0.9002    0.9475       431
          7     1.0000    1.0000    1.0000       816

avg / total     0.8075    0.8370    0.7819     54924


             precision    recall  f1-score   support

          0     0.8320    0.9949    0.9062     42982
          1     0.5192    0.0518    0.0942      1563
          2     0.4964    0.0793    0.1367      2574
          3     0.2500    0.0006    0.0013      1592
          4     0.9738    0.1869    0.3136      3981
          5     1.0000    1.0000    1.0000       985
          6     1.0000    0.9002    0.9475       431
          7     1.0000    1.0000    1.0000       816

avg / total     0.8076    0.8372    0.7812     54924


             precision    recall  f1-score   support

          0     0.8327    0.9940    0.9062     42982
          1     0.4865    0.0691    0.1210      1563
          2     0.4944    0.0855    0.1457      2574
          3     0.5000    0.0013    0.0025      1592
          4     0.9829    0.1874    0.3148      3981
          5     1.0000    1.0000    1.0000       985
          6     1.0000    0.8979    0.9462       431
          7     1.0000    1.0000    1.0000       816

avg / total     0.8151    0.8373    0.7826     54924


             precision    recall  f1-score   support

          0     0.8323    0.9951    0.9064     42982
          1     0.5138    0.0595    0.1067      1563
          2     0.5038    0.0777    0.1346      2574
          3     1.0000    0.0013    0.0025      1592
          4     0.9790    0.1874    0.3146      3981
          5     1.0000    1.0000    1.0000       985
          6     1.0000    0.9002    0.9475       431
          7     1.0000    1.0000    1.0000       816

avg / total     0.8301    0.8376    0.7818     54924


             precision    recall  f1-score   support

          0     0.8326    0.9944    0.9063     42982
          1     0.4764    0.0710    0.1236      1563
          2     0.5075    0.0793    0.1371      2574
          3     0.5000    0.0013    0.0025      1592
          4     0.9790    0.1871    0.3142      3981
          5     1.0000    1.0000    1.0000       985
          6     0.9974    0.9002    0.9463       431
          7     1.0000    1.0000    1.0000       816

avg / total     0.8150    0.8374    0.7823     54924


             precision    recall  f1-score   support

          0     0.8327    0.9943    0.9064     42982
          1     0.4798    0.0685    0.1198      1563
          2     0.5099    0.0800    0.1383      2574
          3     0.3333    0.0013    0.0025      1592
          4     0.9677    0.1884    0.3154      3981
          5     0.9990    1.0000    0.9995       985
          6     1.0000    0.9026    0.9488       431
          7     1.0000    0.9988    0.9994       816

avg / total     0.8096    0.8374    0.7823     54924


             precision    recall  f1-score   support

          0     0.8329    0.9943    0.9064     42982
          1     0.5283    0.0717    0.1262      1563
          2     0.5046    0.0859    0.1467      2574
          3     0.2222    0.0013    0.0025      1592
          4     0.9777    0.1874    0.3145      3981
          5     0.9990    1.0000    0.9995       985
          6     1.0000    0.9026    0.9488       431
          7     1.0000    0.9988    0.9994       816

avg / total     0.8084    0.8376    0.7829     54924


             precision    recall  f1-score   support

          0     0.8336    0.9934    0.9065     42982
          1     0.5000    0.0761    0.1321      1563
          2     0.5032    0.0913    0.1546      2574
          3     1.0000    0.0006    0.0013      1592
          4     0.9516    0.1927    0.3205      3981
          5     0.9990    1.0000    0.9995       985
          6     1.0000    0.8979    0.9462       431
          7     1.0000    0.9988    0.9994       816

avg / total     0.8287    0.8377    0.7839     54924


             precision    recall  f1-score   support

          0     0.8327    0.9942    0.9063     42982
          1     0.4975    0.0633    0.1124      1563
          2     0.5011    0.0851    0.1455      2574
          3     0.5000    0.0019    0.0038      1592
          4     0.9690    0.1886    0.3158      3981
          5     1.0000    1.0000    1.0000       985
          6     1.0000    0.9002    0.9475       431
          7     1.0000    1.0000    1.0000       816

avg / total     0.8147    0.8374    0.7825     54924

val_acc:0.83499016818,0.835882310631,0.83622824423,0.836137208716,0.836519555022,0.836501348258,0.83637389919,0.836446730479,0.836027966437,0.836173625656,0.83622824423,0.835718452292,0.836027969823,0.836100796034,0.836191828631,0.836064382128,0.836210036619,0.835572792279,0.835208651448,0.83624645184,0.836137212102,0.836319277204,0.836155418045,0.836246452687,0.835991553782,0.835827690742,0.836082591809,0.836392105108,0.836410314815,0.835973347017,0.836501348258,0.836883697925,0.83653776348,0.836756244181,0.836319280994,0.835991554159,0.836355693676,0.836628798147,0.836628798994,0.836774453107,0.836938318218,0.837047558334,0.837193213763,0.837302457734,0.83755735074,0.837375285637,0.837393494095,0.837630180336,0.837666595089,0.837429905084
lr:0.0182826,0.0182826,0.0182826,0.0182826,0.0182826,0.0182826,0.0182826,0.0182826,0.0182826,0.0182826,0.0182826,0.0182826,0.0182826,0.0182826,0.0182826,0.0182826,0.0182826,0.0182826,0.0182826,0.0182826,0.0182826,0.0182826,0.0182826,0.0182826,0.0182826,0.0182826,0.0182826,0.0182826,0.0182826,0.0182826,0.0182826,0.0182826,0.0182826,0.0182826,0.0182826,0.0182826,0.0182826,0.00365651,0.00365651,0.00365651,0.00365651,0.00365651,0.00365651,0.00365651,0.00365651,0.00365651,0.00365651,0.00365651,0.00365651,0.00365651
loss:0.559718000593,0.495500202215,0.49098139553,0.488860706773,0.487049682195,0.485165121641,0.484629487718,0.48357264031,0.482409315087,0.481779625723,0.480777138168,0.480068471772,0.479187046233,0.478572793873,0.477484739355,0.476855735348,0.476446106543,0.475666498729,0.475126613845,0.474292799935,0.473999060302,0.472819328577,0.472575828187,0.473017921694,0.471344589756,0.470511132531,0.470310514983,0.469925394791,0.468990246323,0.46781933878,0.467931559014,0.467141937001,0.466314302262,0.465958193368,0.465696227536,0.465027520722,0.463696650252,0.456362319085,0.453719186456,0.452753073445,0.451621931488,0.45055491154,0.450382991657,0.449320234648,0.448655088065,0.447874157706,0.447754642561,0.446819184256,0.446466084916,0.445665725472
val_loss:0.494565762311,0.48625504587,0.487533187772,0.484786617761,0.485674954897,0.482295510601,0.480694540534,0.482542764146,0.479493539394,0.478941339077,0.478256884109,0.480764536891,0.478118959846,0.476392342179,0.476739861896,0.475929619926,0.477298262555,0.475547619657,0.475814409383,0.474365662892,0.47527235258,0.474041115445,0.474317788974,0.475904259902,0.471492107789,0.474592556306,0.472320862966,0.471960464829,0.470818752261,0.472618405732,0.471608244867,0.46990732246,0.46907087499,0.470209618245,0.47215940976,0.469409805596,0.471901202699,0.462700090099,0.461782731707,0.461815335213,0.461144811062,0.461371615337,0.460819391547,0.460295556784,0.460117088653,0.459854462163,0.459298673541,0.459215117108,0.459267741016,0.458511026726
acc:0.821824783008,0.833798613439,0.834065641657,0.83427805389,0.834466187304,0.834569358849,0.83451473853,0.834708940973,0.834878867677,0.834812110455,0.834793902984,0.835115554663,0.835079141437,0.835285479773,0.835273344346,0.835091277806,0.835340101843,0.835406856658,0.835601060522,0.835752780788,0.835746714397,0.8358438138,0.836001605186,0.835934845371,0.835965191899,0.836098707557,0.836183668691,0.836232219437,0.836432493,0.836487109903,0.836371803022,0.836559938062,0.83663276451,0.836790554611,0.836675245238,0.836948345374,0.837300336858,0.838241007942,0.838586932569,0.838750790918,0.83898140623,0.839066370545,0.839454774898,0.839369813522,0.839309124214,0.839916009407,0.839782496132,0.840031318477,0.840207315376,0.840371173163
