
             precision    recall  f1-score   support

          0     0.8424    0.9989    0.9140     42772
          1     0.0000    0.0000    0.0000      1546
          2     0.5907    0.0576    0.1050      2655
          3     0.4661    0.1380    0.2130      1543
          4     0.9906    0.3907    0.5604      4049
          5     0.9624    1.0000    0.9808      1023
          6     0.0000    0.0000    0.0000       462
          7     0.9988    0.9485    0.9730       874

avg / total     0.8045    0.8471    0.7979     54924


             precision    recall  f1-score   support

          0     0.8445    0.9989    0.9152     42772
          1     0.0000    0.0000    0.0000      1546
          2     0.5907    0.0576    0.1050      2655
          3     0.5265    0.1225    0.1987      1543
          4     0.9582    0.4018    0.5662      4049
          5     0.9678    1.0000    0.9837      1023
          6     1.0000    0.2597    0.4124       462
          7     1.0000    0.9565    0.9778       874

avg / total     0.8140    0.8498    0.8025     54924


             precision    recall  f1-score   support

          0     0.8455    0.9996    0.9161     42772
          1     0.4435    0.0330    0.0614      1546
          2     0.6181    0.0335    0.0636      2655
          3     0.5724    0.1128    0.1884      1543
          4     0.9765    0.4105    0.5780      4049
          5     0.9677    0.9951    0.9812      1023
          6     1.0000    0.4264    0.5979       462
          7     0.9929    0.9588    0.9756       874

avg / total     0.8311    0.8518    0.8050     54924


             precision    recall  f1-score   support

          0     0.8461    0.9993    0.9163     42772
          1     0.0000    0.0000    0.0000      1546
          2     0.5907    0.0576    0.1050      2655
          3     0.4911    0.1251    0.1994      1543
          4     0.9890    0.3979    0.5675      4049
          5     0.9660    1.0000    0.9827      1023
          6     1.0000    0.4913    0.6589       462
          7     0.9988    0.9588    0.9784       874

avg / total     0.8164    0.8518    0.8055     54924


             precision    recall  f1-score   support

          0     0.8465    0.9978    0.9160     42772
          1     0.5000    0.0019    0.0039      1546
          2     0.4798    0.0670    0.1176      2655
          3     0.5724    0.1128    0.1884      1543
          4     0.9675    0.4117    0.5776      4049
          5     0.9678    1.0000    0.9837      1023
          6     1.0000    0.4459    0.6168       462
          7     1.0000    0.9611    0.9802       874

avg / total     0.8262    0.8515    0.8061     54924


             precision    recall  f1-score   support

          0     0.8474    0.9989    0.9169     42772
          1     0.4167    0.0032    0.0064      1546
          2     0.5512    0.0629    0.1129      2655
          3     0.5724    0.1128    0.1884      1543
          4     0.9629    0.4164    0.5814      4049
          5     0.9669    1.0000    0.9832      1023
          6     1.0000    0.5195    0.6838       462
          7     1.0000    0.9588    0.9790       874

avg / total     0.8277    0.8531    0.8075     54924


             precision    recall  f1-score   support

          0     0.8478    0.9988    0.9171     42772
          1     0.3333    0.0078    0.0152      1546
          2     0.5318    0.0629    0.1125      2655
          3     0.5497    0.1218    0.1995      1543
          4     0.9880    0.4060    0.5755      4049
          5     0.9706    1.0000    0.9851      1023
          6     0.9965    0.6104    0.7570       462
          7     0.9988    0.9645    0.9814       874

avg / total     0.8260    0.8535    0.8085     54924


             precision    recall  f1-score   support

          0     0.8490    0.9968    0.9170     42772
          1     0.2778    0.0032    0.0064      1546
          2     0.4919    0.0685    0.1203      2655
          3     0.5993    0.1154    0.1935      1543
          4     0.9343    0.4213    0.5808      4049
          5     0.9706    1.0000    0.9851      1023
          6     0.9932    0.6320    0.7725       462
          7     0.9988    0.9645    0.9814       874

avg / total     0.8208    0.8533    0.8088     54924


             precision    recall  f1-score   support

          0     0.8487    0.9985    0.9175     42772
          1     0.5882    0.0129    0.0253      1546
          2     0.5654    0.0603    0.1089      2655
          3     0.5355    0.1173    0.1925      1543
          4     0.9672    0.4157    0.5814      4049
          5     0.9827    1.0000    0.9913      1023
          6     0.9935    0.6667    0.7979       462
          7     1.0000    0.9794    0.9896       874

avg / total     0.8337    0.8546    0.8097     54924


             precision    recall  f1-score   support

          0     0.8487    0.9983    0.9175     42772
          1     0.2727    0.0019    0.0039      1546
          2     0.5129    0.0674    0.1192      2655
          3     0.6199    0.1089    0.1852      1543
          4     0.9622    0.4208    0.5856      4049
          5     0.9836    0.9990    0.9913      1023
          6     0.9937    0.6818    0.8087       462
          7     0.9977    0.9805    0.9890       874

avg / total     0.8243    0.8547    0.8097     54924


             precision    recall  f1-score   support

          0     0.8487    0.9985    0.9175     42772
          1     0.6111    0.0071    0.0141      1546
          2     0.5263    0.0640    0.1142      2655
          3     0.5830    0.1024    0.1742      1543
          4     0.9557    0.4206    0.5841      4049
          5     0.9837    1.0000    0.9918      1023
          6     0.9935    0.6623    0.7948       462
          7     1.0000    0.9805    0.9902       874

avg / total     0.8330    0.8546    0.8093     54924


             precision    recall  f1-score   support

          0     0.8484    0.9988    0.9174     42772
          1     0.4894    0.0149    0.0289      1546
          2     0.5446    0.0621    0.1116      2655
          3     0.7681    0.0343    0.0658      1543
          4     0.9147    0.4399    0.5941      4049
          5     0.9875    1.0000    0.9937      1023
          6     0.9935    0.6580    0.7917       462
          7     1.0000    0.9851    0.9925       874

avg / total     0.8324    0.8544    0.8073     54924


             precision    recall  f1-score   support

          0     0.8490    0.9990    0.9179     42772
          1     0.7500    0.0136    0.0267      1546
          2     0.5515    0.0685    0.1219      2655
          3     0.5462    0.1225    0.2001      1543
          4     0.9845    0.4073    0.5762      4049
          5     0.9951    1.0000    0.9976      1023
          6     0.9937    0.6861    0.8118       462
          7     0.9989    0.9943    0.9966       874

avg / total     0.8397    0.8554    0.8109     54924


             precision    recall  f1-score   support

          0     0.8490    0.9989    0.9179     42772
          1     0.4915    0.0188    0.0361      1546
          2     0.5654    0.0603    0.1089      2655
          3     0.5646    0.1218    0.2004      1543
          4     0.9812    0.4124    0.5808      4049
          5     0.9865    1.0000    0.9932      1023
          6     0.9939    0.7013    0.8223       462
          7     0.9988    0.9840    0.9914       874

avg / total     0.8332    0.8554    0.8107     54924


             precision    recall  f1-score   support

          0     0.8499    0.9984    0.9182     42772
          1     0.5122    0.0136    0.0265      1546
          2     0.5272    0.0731    0.1283      2655
          3     0.5934    0.1173    0.1959      1543
          4     0.9786    0.4176    0.5854      4049
          5     0.9990    1.0000    0.9995      1023
          6     0.9941    0.7251    0.8385       462
          7     1.0000    0.9989    0.9994       874

avg / total     0.8334    0.8561    0.8122     54924


             precision    recall  f1-score   support

          0     0.8483    0.9994    0.9177     42772
          1     0.5909    0.0168    0.0327      1546
          2     0.6025    0.0542    0.0995      2655
          3     0.6198    0.1056    0.1805      1543
          4     0.9677    0.4211    0.5868      4049
          5     1.0000    0.9951    0.9976      1023
          6     0.9910    0.7121    0.8287       462
          7     0.9943    1.0000    0.9971       874

avg / total     0.8379    0.8558    0.8101     54924


             precision    recall  f1-score   support

          0     0.8499    0.9980    0.9180     42772
          1     0.5606    0.0239    0.0459      1546
          2     0.5237    0.0750    0.1311      2655
          3     0.6144    0.0940    0.1630      1543
          4     0.9581    0.4236    0.5874      4049
          5     0.9961    1.0000    0.9980      1023
          6     0.9848    0.6991    0.8177       462
          7     1.0000    0.9954    0.9977       874

avg / total     0.8336    0.8557    0.8117     54924


             precision    recall  f1-score   support

          0     0.8489    0.9980    0.9174     42772
          1     0.5070    0.0233    0.0445      1546
          2     0.5430    0.0689    0.1223      2655
          3     0.5706    0.1231    0.2026      1543
          4     0.9830    0.4149    0.5835      4049
          5     1.0000    1.0000    1.0000      1023
          6     0.9933    0.6385    0.7773       462
          7     1.0000    1.0000    1.0000       874

avg / total     0.8330    0.8551    0.8114     54924


             precision    recall  f1-score   support

          0     0.8499    0.9987    0.9183     42772
          1     0.5207    0.0569    0.1026      1546
          2     0.6193    0.0508    0.0940      2655
          3     0.5828    0.1231    0.2033      1543
          4     0.9813    0.4157    0.5840      4049
          5     1.0000    1.0000    1.0000      1023
          6     0.9941    0.7251    0.8385       462
          7     1.0000    1.0000    1.0000       874

avg / total     0.8380    0.8565    0.8129     54924


             precision    recall  f1-score   support

          0     0.8502    0.9987    0.9184     42772
          1     0.5977    0.0336    0.0637      1546
          2     0.5813    0.0701    0.1250      2655
          3     0.6128    0.1180    0.1978      1543
          4     0.9774    0.4174    0.5850      4049
          5     0.9971    1.0000    0.9985      1023
          6     0.9829    0.7446    0.8473       462
          7     1.0000    0.9966    0.9983       874

avg / total     0.8390    0.8569    0.8134     54924


             precision    recall  f1-score   support

          0     0.8498    0.9986    0.9182     42772
          1     0.5862    0.0330    0.0625      1546
          2     0.5656    0.0682    0.1217      2655
          3     0.6357    0.1199    0.2017      1543
          4     0.9793    0.4196    0.5875      4049
          5     1.0000    1.0000    1.0000      1023
          6     0.9911    0.7251    0.8375       462
          7     1.0000    1.0000    1.0000       874

avg / total     0.8386    0.8568    0.8133     54924


             precision    recall  f1-score   support

          0     0.8504    0.9961    0.9175     42772
          1     0.4000    0.0414    0.0750      1546
          2     0.5268    0.0667    0.1184      2655
          3     0.6550    0.0726    0.1307      1543
          4     0.9403    0.4317    0.5917      4049
          5     0.9980    1.0000    0.9990      1023
          6     0.8539    0.7338    0.7893       462
          7     1.0000    0.9977    0.9989       874

avg / total     0.8283    0.8547    0.8108     54924


             precision    recall  f1-score   support

          0     0.8499    0.9984    0.9182     42772
          1     0.6389    0.0149    0.0291      1546
          2     0.5393    0.0776    0.1357      2655
          3     0.5987    0.1180    0.1971      1543
          4     0.9797    0.4164    0.5844      4049
          5     1.0000    1.0000    1.0000      1023
          6     0.9912    0.7316    0.8418       462
          7     1.0000    1.0000    1.0000       874

avg / total     0.8378    0.8564    0.8127     54924


             precision    recall  f1-score   support

          0     0.8519    0.9959    0.9183     42772
          1     0.4615    0.0272    0.0513      1546
          2     0.5009    0.1002    0.1670      2655
          3     0.5648    0.1270    0.2074      1543
          4     0.9830    0.4149    0.5835      4049
          5     1.0000    1.0000    1.0000      1023
          6     0.9913    0.7424    0.8490       462
          7     1.0000    1.0000    1.0000       874

avg / total     0.8318    0.8561    0.8152     54924


             precision    recall  f1-score   support

          0     0.8520    0.9967    0.9187     42772
          1     0.5029    0.0563    0.1012      1546
          2     0.5366    0.0855    0.1475      2655
          3     0.6241    0.1173    0.1975      1543
          4     0.9771    0.4206    0.5881      4049
          5     1.0000    1.0000    1.0000      1023
          6     0.9917    0.7771    0.8714       462
          7     1.0000    1.0000    1.0000       874

avg / total     0.8361    0.8573    0.8162     54924


             precision    recall  f1-score   support

          0     0.8520    0.9975    0.9190     42772
          1     0.5535    0.0569    0.1032      1546
          2     0.5910    0.0893    0.1551      2655
          3     0.6454    0.1050    0.1806      1543
          4     0.9675    0.4258    0.5913      4049
          5     1.0000    1.0000    1.0000      1023
          6     0.9915    0.7619    0.8617       462
          7     1.0000    1.0000    1.0000       874

avg / total     0.8400    0.8580    0.8165     54924


             precision    recall  f1-score   support

          0     0.8517    0.9966    0.9185     42772
          1     0.5809    0.0511    0.0939      1546
          2     0.5301    0.0896    0.1534      2655
          3     0.5888    0.1225    0.2028      1543
          4     0.9848    0.4147    0.5836      4049
          5     1.0000    1.0000    1.0000      1023
          6     0.9919    0.7922    0.8809       462
          7     1.0000    1.0000    1.0000       874

avg / total     0.8373    0.8571    0.8160     54924


             precision    recall  f1-score   support

          0     0.8517    0.9978    0.9190     42772
          1     0.5765    0.0317    0.0601      1546
          2     0.5324    0.0896    0.1534      2655
          3     0.5987    0.1218    0.2025      1543
          4     0.9826    0.4189    0.5874      4049
          5     1.0000    1.0000    1.0000      1023
          6     0.9915    0.7532    0.8561       462
          7     1.0000    0.9989    0.9994       874

avg / total     0.8374    0.8574    0.8155     54924


             precision    recall  f1-score   support

          0     0.8532    0.9962    0.9191     42772
          1     0.5440    0.0440    0.0814      1546
          2     0.5233    0.1100    0.1818      2655
          3     0.6360    0.1167    0.1972      1543
          4     0.9760    0.4226    0.5898      4049
          5     1.0000    1.0000    1.0000      1023
          6     0.9919    0.7922    0.8809       462
          7     1.0000    0.9977    0.9989       874

avg / total     0.8377    0.8579    0.8178     54924


             precision    recall  f1-score   support

          0     0.8519    0.9975    0.9189     42772
          1     0.5796    0.0589    0.1069      1546
          2     0.5692    0.0821    0.1435      2655
          3     0.6026    0.1218    0.2027      1543
          4     0.9820    0.4169    0.5853      4049
          5     1.0000    1.0000    1.0000      1023
          6     0.9920    0.8074    0.8902       462
          7     1.0000    0.9977    0.9989       874

avg / total     0.8394    0.8578    0.8164     54924


             precision    recall  f1-score   support

          0     0.8517    0.9978    0.9190     42772
          1     0.5198    0.0595    0.1068      1546
          2     0.5828    0.0716    0.1275      2655
          3     0.6301    0.1192    0.2005      1543
          4     0.9793    0.4211    0.5889      4049
          5     1.0000    1.0000    1.0000      1023
          6     0.9920    0.8095    0.8915       462
          7     1.0000    1.0000    1.0000       874

avg / total     0.8388    0.8579    0.8159     54924


             precision    recall  f1-score   support

          0     0.8543    0.9952    0.9194     42772
          1     0.5174    0.0673    0.1191      1546
          2     0.5294    0.1186    0.1938      2655
          3     0.6224    0.1186    0.1992      1543
          4     0.9787    0.4208    0.5886      4049
          5     1.0000    1.0000    1.0000      1023
          6     0.9920    0.8009    0.8862       462
          7     1.0000    0.9989    0.9994       874

avg / total     0.8380    0.8582    0.8197     54924


             precision    recall  f1-score   support

          0     0.8534    0.9964    0.9194     42772
          1     0.5528    0.0712    0.1261      1546
          2     0.5565    0.0964    0.1644      2655
          3     0.6985    0.1186    0.2028      1543
          4     0.9753    0.4295    0.5964      4049
          5     1.0000    1.0000    1.0000      1023
          6     0.9921    0.8160    0.8955       462
          7     1.0000    0.9989    0.9994       874

avg / total     0.8414    0.8590    0.8192     54924


             precision    recall  f1-score   support

          0     0.8528    0.9971    0.9193     42772
          1     0.5479    0.0666    0.1188      1546
          2     0.5782    0.0919    0.1586      2655
          3     0.6618    0.1167    0.1983      1543
          4     0.9771    0.4218    0.5893      4049
          5     1.0000    1.0000    1.0000      1023
          6     0.9922    0.8312    0.9046       462
          7     1.0000    0.9989    0.9994       874

avg / total     0.8410    0.8587    0.8181     54924


             precision    recall  f1-score   support

          0     0.8538    0.9958    0.9193     42772
          1     0.5749    0.0621    0.1121      1546
          2     0.5380    0.1040    0.1742      2655
          3     0.6508    0.1244    0.2089      1543
          4     0.9737    0.4292    0.5958      4049
          5     1.0000    1.0000    1.0000      1023
          6     0.9921    0.8139    0.8942       462
          7     1.0000    1.0000    1.0000       874

avg / total     0.8400    0.8588    0.8194     54924


             precision    recall  f1-score   support

          0     0.8533    0.9964    0.9193     42772
          1     0.5550    0.0718    0.1271      1546
          2     0.5669    0.1021    0.1730      2655
          3     0.6818    0.1167    0.1992      1543
          4     0.9751    0.4250    0.5920      4049
          5     1.0000    1.0000    1.0000      1023
          6     0.9948    0.8203    0.8992       462
          7     1.0000    0.9977    0.9989       874

avg / total     0.8415    0.8589    0.8192     54924


             precision    recall  f1-score   support

          0     0.8532    0.9965    0.9193     42772
          1     0.5062    0.0789    0.1365      1546
          2     0.5956    0.0915    0.1587      2655
          3     0.6654    0.1108    0.1900      1543
          4     0.9691    0.4255    0.5914      4049
          5     1.0000    1.0000    1.0000      1023
          6     0.9922    0.8312    0.9046       462
          7     1.0000    0.9977    0.9989       874

avg / total     0.8405    0.8587    0.8185     54924


             precision    recall  f1-score   support

          0     0.8541    0.9962    0.9197     42772
          1     0.6044    0.0712    0.1273      1546
          2     0.5583    0.1100    0.1838      2655
          3     0.6571    0.1192    0.2019      1543
          4     0.9762    0.4248    0.5920      4049
          5     1.0000    1.0000    1.0000      1023
          6     0.9848    0.8398    0.9065       462
          7     1.0000    1.0000    1.0000       874

avg / total     0.8424    0.8594    0.8202     54924


             precision    recall  f1-score   support

          0     0.8541    0.9960    0.9196     42772
          1     0.5614    0.0828    0.1443      1546
          2     0.5467    0.1013    0.1710      2655
          3     0.6975    0.1076    0.1864      1543
          4     0.9688    0.4297    0.5954      4049
          5     1.0000    0.9990    0.9995      1023
          6     0.9848    0.8442    0.9091       462
          7     0.9989    0.9989    0.9989       874

avg / total     0.8412    0.8591    0.8197     54924


             precision    recall  f1-score   support

          0     0.8520    0.9974    0.9190     42772
          1     0.6397    0.0563    0.1034      1546
          2     0.5739    0.0863    0.1500      2655
          3     0.6642    0.1180    0.2003      1543
          4     0.9751    0.4258    0.5927      4049
          5     1.0000    1.0000    1.0000      1023
          6     0.9868    0.8117    0.8907       462
          7     1.0000    0.9977    0.9989       874

avg / total     0.8426    0.8585    0.8172     54924


             precision    recall  f1-score   support

          0     0.8532    0.9967    0.9194     42772
          1     0.5083    0.0996    0.1666      1546
          2     0.6063    0.0719    0.1286      2655
          3     0.6740    0.1192    0.2026      1543
          4     0.9730    0.4270    0.5935      4049
          5     1.0000    1.0000    1.0000      1023
          6     0.9848    0.8420    0.9078       462
          7     1.0000    0.9977    0.9989       874

avg / total     0.8415    0.8589    0.8185     54924


             precision    recall  f1-score   support

          0     0.8527    0.9973    0.9193     42772
          1     0.5860    0.0595    0.1080      1546
          2     0.6098    0.0942    0.1631      2655
          3     0.6438    0.1218    0.2049      1543
          4     0.9788    0.4228    0.5905      4049
          5     1.0000    1.0000    1.0000      1023
          6     0.9821    0.8312    0.9004       462
          7     1.0000    0.9989    0.9994       874

avg / total     0.8430    0.8590    0.8183     54924


             precision    recall  f1-score   support

          0     0.8533    0.9961    0.9192     42772
          1     0.4959    0.0776    0.1342      1546
          2     0.5889    0.0998    0.1707      2655
          3     0.7419    0.1043    0.1830      1543
          4     0.9657    0.4315    0.5964      4049
          5     1.0000    0.9990    0.9995      1023
          6     0.9921    0.8182    0.8968       462
          7     0.9989    0.9989    0.9989       874

avg / total     0.8419    0.8589    0.8190     54924


             precision    recall  f1-score   support

          0     0.8541    0.9968    0.9199     42772
          1     0.6190    0.0757    0.1349      1546
          2     0.6058    0.1100    0.1862      2655
          3     0.7323    0.1205    0.2070      1543
          4     0.9781    0.4307    0.5981      4049
          5     1.0000    1.0000    1.0000      1023
          6     0.9826    0.8550    0.9144       462
          7     1.0000    0.9989    0.9994       874

avg / total     0.8473    0.8606    0.8213     54924


             precision    recall  f1-score   support

          0     0.8547    0.9960    0.9199     42772
          1     0.5902    0.0931    0.1609      1546
          2     0.5954    0.1081    0.1830      2655
          3     0.7148    0.1251    0.2129      1543
          4     0.9771    0.4320    0.5991      4049
          5     1.0000    1.0000    1.0000      1023
          6     0.9800    0.8485    0.9095       462
          7     1.0000    0.9989    0.9994       874

avg / total     0.8459    0.8605    0.8221     54924


             precision    recall  f1-score   support

          0     0.8549    0.9958    0.9200     42772
          1     0.5927    0.0951    0.1639      1546
          2     0.5979    0.1092    0.1847      2655
          3     0.7472    0.1283    0.2190      1543
          4     0.9762    0.4352    0.6020      4049
          5     1.0000    1.0000    1.0000      1023
          6     0.9801    0.8528    0.9120       462
          7     1.0000    0.9989    0.9994       874

avg / total     0.8471    0.8608    0.8227     54924


             precision    recall  f1-score   support

          0     0.8549    0.9961    0.9201     42772
          1     0.6104    0.0983    0.1694      1546
          2     0.6032    0.1122    0.1893      2655
          3     0.7510    0.1251    0.2144      1543
          4     0.9776    0.4317    0.5989      4049
          5     1.0000    1.0000    1.0000      1023
          6     0.9801    0.8528    0.9120       462
          7     1.0000    0.9989    0.9994       874

avg / total     0.8481    0.8610    0.8229     54924


             precision    recall  f1-score   support

          0     0.8546    0.9962    0.9200     42772
          1     0.5888    0.0815    0.1432      1546
          2     0.5984    0.1134    0.1906      2655
          3     0.7220    0.1212    0.2075      1543
          4     0.9759    0.4307    0.5977      4049
          5     1.0000    1.0000    1.0000      1023
          6     0.9803    0.8636    0.9183       462
          7     1.0000    0.9989    0.9994       874

avg / total     0.8460    0.8605    0.8218     54924


             precision    recall  f1-score   support

          0     0.8549    0.9952    0.9197     42772
          1     0.5455    0.0970    0.1647      1546
          2     0.5827    0.1115    0.1872      2655
          3     0.7293    0.1257    0.2145      1543
          4     0.9793    0.4325    0.6000      4049
          5     1.0000    1.0000    1.0000      1023
          6     0.9801    0.8550    0.9133       462
          7     1.0000    0.9977    0.9989       874

avg / total     0.8447    0.8602    0.8224     54924


             precision    recall  f1-score   support

          0     0.8550    0.9956    0.9200     42772
          1     0.5896    0.0957    0.1647      1546
          2     0.6122    0.1100    0.1865      2655
          3     0.6884    0.1303    0.2191      1543
          4     0.9761    0.4337    0.6005      4049
          5     1.0000    1.0000    1.0000      1023
          6     0.9802    0.8571    0.9145       462
          7     1.0000    0.9977    0.9989       874

avg / total     0.8461    0.8607    0.8227     54924

acc:0.831820166857,0.851100889071,0.853668010735,0.854414478916,0.854984950264,0.855415835953,0.855937758153,0.856477888251,0.856872360145,0.857005875231,0.857315385947,0.857436763828,0.857606689558,0.857843375272,0.857782687313,0.858183231327,0.858231780322,0.858243919085,0.858419915801,0.858547360473,0.858686945006,0.858759770939,0.859214932706,0.859099627619,0.859421275376,0.859633684413,0.859955333829,0.859864298999,0.860240570965,0.860574356617,0.860198086724,0.860750353026,0.860841386922,0.861005244169,0.861163034495,0.861126620793,0.861144825043,0.861654611078,0.861508957225,0.861739572931,0.862049083216,0.861624265198,0.862055154162,0.863129340168,0.863529883903,0.86364519213,0.863718018369,0.8637058806,0.864233870772,0.863863670235
val_loss:0.476801452926,0.46149435642,0.450632970828,0.450955075897,0.452167406994,0.443936643738,0.4409970267,0.440490308211,0.43786712081,0.438214091467,0.436489423819,0.435583071445,0.437875002139,0.434983853899,0.433119257534,0.434678917441,0.430768573387,0.433904069713,0.429227248875,0.430680614522,0.428330414704,0.428607736839,0.428622327169,0.427337524087,0.425224852242,0.423877591759,0.425260013001,0.42541344197,0.421849355971,0.422856126763,0.423297804383,0.424202299469,0.420964908946,0.423083054452,0.41934015872,0.419627396614,0.420232224346,0.418944625872,0.41792590376,0.420709817621,0.418624938222,0.41869244239,0.418433229869,0.41371604701,0.412857480187,0.412390113726,0.413000833082,0.413307040624,0.412965225473,0.411511153907
loss:0.568336270192,0.466643928554,0.453993329964,0.449466954587,0.446473425627,0.44433997768,0.441770180993,0.439307999958,0.436896044088,0.436052074959,0.434860306829,0.433471183885,0.432406428735,0.431846894126,0.429996560874,0.429168007184,0.428485119026,0.427841854196,0.427211311353,0.425470629639,0.424527976886,0.423545803392,0.422560969506,0.421237273819,0.420834446235,0.420303061283,0.419024114937,0.418856567307,0.41745145227,0.416961954327,0.416724460461,0.415932162529,0.415843554855,0.415036974111,0.414132205986,0.414266372752,0.413211264782,0.413153872363,0.411748224482,0.41149738405,0.410292037662,0.410845113479,0.410238860758,0.404897158523,0.403167771817,0.402217402608,0.402089660516,0.401429922351,0.400778695406,0.400457050376
val_acc:0.847097811118,0.849792437967,0.851777001277,0.851831623779,0.851540309192,0.853124318593,0.853524873231,0.85326997624,0.854599082989,0.854744739221,0.854580877375,0.854435219728,0.855363776085,0.855363776792,0.856128467765,0.855800742658,0.855691503314,0.855108878386,0.856529021695,0.856874953831,0.856783920809,0.854653701953,0.856365157631,0.856110262056,0.857293716818,0.858021997978,0.857057024638,0.857384748521,0.857912755709,0.857839925566,0.857949168543,0.858240477373,0.859023379716,0.858732066544,0.858786686828,0.85889592839,0.858659237625,0.859369310341,0.859132620475,0.858513582101,0.858895929806,0.859005169761,0.858859514944,0.860552765199,0.860461730667,0.860807664218,0.860971526064,0.860498142697,0.860206832968,0.860680212987
lr:0.00842158,0.00842158,0.00842158,0.00842158,0.00842158,0.00842158,0.00842158,0.00842158,0.00842158,0.00842158,0.00842158,0.00842158,0.00842158,0.00842158,0.00842158,0.00842158,0.00842158,0.00842158,0.00842158,0.00842158,0.00842158,0.00842158,0.00842158,0.00842158,0.00842158,0.00842158,0.00842158,0.00842158,0.00842158,0.00842158,0.00842158,0.00842158,0.00842158,0.00842158,0.00842158,0.00842158,0.00842158,0.00842158,0.00842158,0.00842158,0.00842158,0.00842158,0.00842158,0.00168432,0.00168432,0.00168432,0.00168432,0.00168432,0.00168432,0.00168432
