
             precision    recall  f1-score   support

          0     0.8424    0.9989    0.9140     42772
          1     0.4667    0.0045    0.0090      1546
          2     0.5943    0.0546    0.1000      2655
          3     1.0000    0.0058    0.0116      1543
          4     0.8732    0.4423    0.5872      4049
          5     0.9651    1.0000    0.9822      1023
          6     0.0000    0.0000    0.0000       462
          7     1.0000    0.9519    0.9754       874

avg / total     0.8243    0.8472    0.7943     54924


             precision    recall  f1-score   support

          0     0.8449    0.9989    0.9155     42772
          1     0.0000    0.0000    0.0000      1546
          2     0.5907    0.0576    0.1050      2655
          3     0.4612    0.1387    0.2133      1543
          4     0.9931    0.3907    0.5608      4049
          5     0.9651    1.0000    0.9822      1023
          6     1.0000    0.3139    0.4778       462
          7     1.0000    0.9519    0.9754       874

avg / total     0.8150    0.8498    0.8032     54924


             precision    recall  f1-score   support

          0     0.8454    0.9990    0.9158     42772
          1     1.0000    0.0013    0.0026      1546
          2     0.5953    0.0576    0.1051      2655
          3     0.5724    0.1128    0.1884      1543
          4     0.9547    0.4115    0.5751      4049
          5     0.9669    1.0000    0.9832      1023
          6     1.0000    0.3983    0.5697       462
          7     1.0000    0.9542    0.9766       874

avg / total     0.8441    0.8514    0.8047     54924


             precision    recall  f1-score   support

          0     0.8463    0.9992    0.9164     42772
          1     0.6250    0.0032    0.0064      1546
          2     0.5976    0.0565    0.1032      2655
          3     0.5590    0.1167    0.1930      1543
          4     0.9665    0.4129    0.5786      4049
          5     0.9678    1.0000    0.9837      1023
          6     1.0000    0.4697    0.6392       462
          7     1.0000    0.9611    0.9802       874

avg / total     0.8349    0.8526    0.8062     54924


             precision    recall  f1-score   support

          0     0.8470    0.9997    0.9170     42772
          1     0.7500    0.0019    0.0039      1546
          2     0.5961    0.0573    0.1045      2655
          3     0.4911    0.1257    0.2002      1543
          4     0.9956    0.3912    0.5617      4049
          5     0.9678    1.0000    0.9837      1023
          6     0.9933    0.6385    0.7773       462
          7     1.0000    0.9611    0.9802       874

avg / total     0.8390    0.8530    0.8068     54924


             precision    recall  f1-score   support

          0     0.8491    0.9982    0.9177     42772
          1     0.2917    0.0091    0.0176      1546
          2     0.5526    0.0633    0.1136      2655
          3     0.6879    0.0700    0.1271      1543
          4     0.9162    0.4349    0.5899      4049
          5     0.9678    1.0000    0.9837      1023
          6     0.9936    0.6732    0.8026       462
          7     1.0000    0.9611    0.9802       874

avg / total     0.8253    0.8543    0.8083     54924


             precision    recall  f1-score   support

          0     0.8479    0.9992    0.9173     42772
          1     0.4444    0.0052    0.0102      1546
          2     0.5929    0.0565    0.1032      2655
          3     0.5136    0.1225    0.1978      1543
          4     0.9822    0.4090    0.5775      4049
          5     0.9706    1.0000    0.9851      1023
          6     0.9933    0.6407    0.7789       462
          7     1.0000    0.9645    0.9819       874

avg / total     0.8306    0.8539    0.8083     54924


             precision    recall  f1-score   support

          0     0.8487    0.9989    0.9177     42772
          1     0.0000    0.0000    0.0000      1546
          2     0.5487    0.0637    0.1141      2655
          3     0.6333    0.0985    0.1705      1543
          4     0.9520    0.4258    0.5884      4049
          5     0.9715    1.0000    0.9855      1023
          6     0.9876    0.6905    0.8127       462
          7     1.0000    0.9657    0.9825       874

avg / total     0.8177    0.8549    0.8092     54924


             precision    recall  f1-score   support

          0     0.8487    0.9992    0.9178     42772
          1     0.3333    0.0006    0.0013      1546
          2     0.5378    0.0670    0.1192      2655
          3     0.5605    0.1231    0.2019      1543
          4     0.9840    0.4100    0.5788      4049
          5     0.9846    1.0000    0.9922      1023
          6     0.9935    0.6623    0.7948       462
          7     1.0000    0.9817    0.9908       874

avg / total     0.8272    0.8549    0.8098     54924


             precision    recall  f1-score   support

          0     0.8485    0.9988    0.9175     42772
          1     0.3750    0.0058    0.0115      1546
          2     0.5663    0.0595    0.1077      2655
          3     0.5159    0.1264    0.2030      1543
          4     0.9863    0.4078    0.5770      4049
          5     0.9932    1.0000    0.9966      1023
          6     0.9938    0.6926    0.8163       462
          7     1.0000    0.9920    0.9960       874

avg / total     0.8287    0.8547    0.8096     54924


             precision    recall  f1-score   support

          0     0.8491    0.9989    0.9179     42772
          1     0.5172    0.0097    0.0190      1546
          2     0.5394    0.0644    0.1151      2655
          3     0.5590    0.1167    0.1930      1543
          4     0.9744    0.4137    0.5808      4049
          5     0.9913    1.0000    0.9956      1023
          6     0.9937    0.6861    0.8118       462
          7     1.0000    0.9897    0.9948       874

avg / total     0.8321    0.8552    0.8104     54924


             precision    recall  f1-score   support

          0     0.8487    0.9993    0.9179     42772
          1     0.5000    0.0116    0.0228      1546
          2     0.5612    0.0588    0.1064      2655
          3     0.6313    0.0810    0.1436      1543
          4     0.9473    0.4302    0.5917      4049
          5     0.9865    1.0000    0.9932      1023
          6     0.9936    0.6753    0.8041       462
          7     0.9988    0.9828    0.9908       874

avg / total     0.8323    0.8553    0.8092     54924


             precision    recall  f1-score   support

          0     0.8493    0.9984    0.9178     42772
          1     0.5517    0.0103    0.0203      1546
          2     0.5515    0.0625    0.1123      2655
          3     0.5535    0.1173    0.1936      1543
          4     0.9572    0.4139    0.5779      4049
          5     0.9980    1.0000    0.9990      1023
          6     0.9940    0.7186    0.8342       462
          7     1.0000    0.9977    0.9989       874

avg / total     0.8325    0.8552    0.8103     54924


             precision    recall  f1-score   support

          0     0.8490    0.9983    0.9176     42772
          1     0.5323    0.0213    0.0410      1546
          2     0.5370    0.0629    0.1126      2655
          3     0.5986    0.1141    0.1916      1543
          4     0.9642    0.4186    0.5838      4049
          5     0.9874    0.9990    0.9932      1023
          6     0.9935    0.6623    0.7948       462
          7     0.9988    0.9851    0.9919       874

avg / total     0.8326    0.8550    0.8106     54924


             precision    recall  f1-score   support

          0     0.8498    0.9978    0.9179     42772
          1     0.5000    0.0175    0.0338      1546
          2     0.4975    0.0738    0.1286      2655
          3     0.6022    0.1050    0.1788      1543
          4     0.9651    0.4228    0.5880      4049
          5     0.9971    0.9990    0.9980      1023
          6     0.9937    0.6861    0.8118       462
          7     0.9989    0.9966    0.9977       874

avg / total     0.8308    0.8554    0.8116     54924


             precision    recall  f1-score   support

          0     0.8496    0.9986    0.9181     42772
          1     0.6667    0.0103    0.0204      1546
          2     0.5308    0.0746    0.1308      2655
          3     0.5841    0.1192    0.1981      1543
          4     0.9790    0.4139    0.5818      4049
          5     1.0000    0.9990    0.9995      1023
          6     0.9938    0.6991    0.8208       462
          7     0.9989    1.0000    0.9994       874

avg / total     0.8375    0.8559    0.8117     54924


             precision    recall  f1-score   support

          0     0.8501    0.9979    0.9181     42772
          1     0.5667    0.0110    0.0216      1546
          2     0.5139    0.0836    0.1438      2655
          3     0.6046    0.1199    0.2001      1543
          4     0.9774    0.4166    0.5842      4049
          5     1.0000    0.9990    0.9995      1023
          6     0.9939    0.7013    0.8223       462
          7     0.9989    1.0000    0.9994       874

avg / total     0.8347    0.8559    0.8126     54924


             precision    recall  f1-score   support

          0     0.8506    0.9975    0.9182     42772
          1     0.4364    0.0466    0.0842      1546
          2     0.5575    0.0731    0.1292      2655
          3     0.6561    0.1076    0.1849      1543
          4     0.9662    0.4238    0.5892      4049
          5     1.0000    1.0000    1.0000      1023
          6     0.9938    0.6991    0.8208       462
          7     1.0000    1.0000    1.0000       874

avg / total     0.8342    0.8563    0.8137     54924


             precision    recall  f1-score   support

          0     0.8502    0.9983    0.9183     42772
          1     0.5082    0.0201    0.0386      1546
          2     0.5351    0.0746    0.1309      2655
          3     0.5913    0.0881    0.1534      1543
          4     0.9524    0.4248    0.5875      4049
          5     1.0000    1.0000    1.0000      1023
          6     0.9941    0.7273    0.8400       462
          7     1.0000    1.0000    1.0000       874

avg / total     0.8320    0.8560    0.8118     54924


             precision    recall  f1-score   support

          0     0.8509    0.9972    0.9182     42772
          1     0.5634    0.0259    0.0495      1546
          2     0.5047    0.0806    0.1390      2655
          3     0.6033    0.1192    0.1991      1543
          4     0.9697    0.4194    0.5855      4049
          5     1.0000    1.0000    1.0000      1023
          6     0.9943    0.7489    0.8543       462
          7     1.0000    1.0000    1.0000       874

avg / total     0.8342    0.8563    0.8137     54924


             precision    recall  f1-score   support

          0     0.8505    0.9980    0.9183     42772
          1     0.5481    0.0369    0.0691      1546
          2     0.5723    0.0716    0.1272      2655
          3     0.6644    0.0629    0.1149      1543
          4     0.9246    0.4364    0.5930      4049
          5     1.0000    0.9990    0.9995      1023
          6     0.9942    0.7381    0.8472       462
          7     0.9989    1.0000    0.9994       874

avg / total     0.8351    0.8563    0.8118     54924


             precision    recall  f1-score   support

          0     0.8513    0.9977    0.9187     42772
          1     0.6250    0.0259    0.0497      1546
          2     0.5405    0.0904    0.1549      2655
          3     0.6013    0.1192    0.1990      1543
          4     0.9764    0.4191    0.5865      4049
          5     1.0000    0.9990    0.9995      1023
          6     0.9942    0.7468    0.8529       462
          7     0.9989    1.0000    0.9994       874

avg / total     0.8384    0.8571    0.8148     54924


             precision    recall  f1-score   support

          0     0.8513    0.9971    0.9184     42772
          1     0.5179    0.0375    0.0700      1546
          2     0.5462    0.0757    0.1330      2655
          3     0.6055    0.1283    0.2118      1543
          4     0.9637    0.4201    0.5851      4049
          5     1.0000    0.9990    0.9995      1023
          6     0.9944    0.7727    0.8697       462
          7     0.9989    1.0000    0.9994       874

avg / total     0.8349    0.8568    0.8145     54924


             precision    recall  f1-score   support

          0     0.8503    0.9990    0.9187     42772
          1     0.5664    0.0414    0.0772      1546
          2     0.6255    0.0629    0.1143      2655
          3     0.6351    0.1173    0.1980      1543
          4     0.9753    0.4199    0.5870      4049
          5     1.0000    1.0000    1.0000      1023
          6     0.9945    0.7857    0.8779       462
          7     1.0000    1.0000    1.0000       874

avg / total     0.8410    0.8576    0.8139     54924


             precision    recall  f1-score   support

          0     0.8512    0.9973    0.9184     42772
          1     0.5893    0.0427    0.0796      1546
          2     0.5330    0.0851    0.1468      2655
          3     0.6496    0.1069    0.1836      1543
          4     0.9689    0.4228    0.5887      4049
          5     1.0000    1.0000    1.0000      1023
          6     0.9887    0.7597    0.8592       462
          7     1.0000    1.0000    1.0000       874

avg / total     0.8377    0.8571    0.8149     54924


             precision    recall  f1-score   support

          0     0.8520    0.9970    0.9188     42772
          1     0.5084    0.0589    0.1055      1546
          2     0.5575    0.0731    0.1292      2655
          3     0.6168    0.1283    0.2124      1543
          4     0.9666    0.4216    0.5871      4049
          5     1.0000    0.9980    0.9990      1023
          6     0.9917    0.7792    0.8727       462
          7     0.9989    1.0000    0.9994       874

avg / total     0.8362    0.8573    0.8158     54924


             precision    recall  f1-score   support

          0     0.8520    0.9972    0.9189     42772
          1     0.5172    0.0485    0.0887      1546
          2     0.5359    0.0844    0.1458      2655
          3     0.6748    0.1076    0.1856      1543
          4     0.9666    0.4287    0.5940      4049
          5     1.0000    0.9990    0.9995      1023
          6     0.9917    0.7771    0.8714       462
          7     0.9989    1.0000    0.9994       874

avg / total     0.8371    0.8577    0.8160     54924


             precision    recall  f1-score   support

          0     0.8525    0.9961    0.9187     42772
          1     0.5900    0.0382    0.0717      1546
          2     0.5339    0.0949    0.1612      2655
          3     0.5971    0.1335    0.2182      1543
          4     0.9666    0.4218    0.5873      4049
          5     1.0000    1.0000    1.0000      1023
          6     0.9919    0.7944    0.8822       462
          7     1.0000    1.0000    1.0000       874

avg / total     0.8372    0.8574    0.8167     54924


             precision    recall  f1-score   support

          0     0.8528    0.9958    0.9188     42772
          1     0.4971    0.0563    0.1011      1546
          2     0.4979    0.0885    0.1503      2655
          3     0.6902    0.1141    0.1958      1543
          4     0.9663    0.4315    0.5966      4049
          5     0.9971    0.9990    0.9980      1023
          6     0.9840    0.7965    0.8804       462
          7     1.0000    0.9966    0.9983       874

avg / total     0.8356    0.8575    0.8170     54924


             precision    recall  f1-score   support

          0     0.8508    0.9982    0.9186     42772
          1     0.5238    0.0640    0.1141      1546
          2     0.6476    0.0512    0.0949      2655
          3     0.6439    0.1160    0.1966      1543
          4     0.9601    0.4275    0.5916      4049
          5     1.0000    0.9990    0.9995      1023
          6     0.9917    0.7792    0.8727       462
          7     1.0000    1.0000    1.0000       874

avg / total     0.8403    0.8575    0.8142     54924


             precision    recall  f1-score   support

          0     0.8514    0.9980    0.9189     42772
          1     0.5586    0.0524    0.0958      1546
          2     0.5943    0.0712    0.1271      2655
          3     0.6667    0.1167    0.1986      1543
          4     0.9740    0.4258    0.5925      4049
          5     1.0000    1.0000    1.0000      1023
          6     0.9740    0.8095    0.8842       462
          7     1.0000    1.0000    1.0000       874

avg / total     0.8407    0.8581    0.8156     54924


             precision    recall  f1-score   support

          0     0.8521    0.9974    0.9191     42772
          1     0.5248    0.0479    0.0877      1546
          2     0.5468    0.0836    0.1451      2655
          3     0.6184    0.1218    0.2036      1543
          4     0.9793    0.4196    0.5875      4049
          5     1.0000    0.9990    0.9995      1023
          6     0.9894    0.8074    0.8892       462
          7     1.0000    1.0000    1.0000       874

avg / total     0.8372    0.8578    0.8162     54924


             precision    recall  f1-score   support

          0     0.8506    0.9988    0.9188     42772
          1     0.5748    0.0472    0.0873      1546
          2     0.5957    0.0633    0.1144      2655
          3     0.6289    0.1186    0.1996      1543
          4     0.9820    0.4186    0.5870      4049
          5     1.0000    0.9990    0.9995      1023
          6     0.9869    0.8139    0.8921       462
          7     1.0000    1.0000    1.0000       874

avg / total     0.8403    0.8577    0.8144     54924


             precision    recall  f1-score   support

          0     0.8526    0.9969    0.9191     42772
          1     0.4623    0.0634    0.1115      1546
          2     0.5438    0.0772    0.1352      2655
          3     0.6911    0.1102    0.1901      1543
          4     0.9688    0.4295    0.5951      4049
          5     1.0000    0.9990    0.9995      1023
          6     0.9896    0.8268    0.9009       462
          7     1.0000    1.0000    1.0000       874

avg / total     0.8370    0.8581    0.8168     54924


             precision    recall  f1-score   support

          0     0.8529    0.9971    0.9193     42772
          1     0.5789    0.0356    0.0670      1546
          2     0.5300    0.0964    0.1632      2655
          3     0.6431    0.1238    0.2076      1543
          4     0.9745    0.4250    0.5919      4049
          5     1.0000    0.9990    0.9995      1023
          6     0.9895    0.8182    0.8957       462
          7     1.0000    1.0000    1.0000       874

avg / total     0.8388    0.8583    0.8172     54924


             precision    recall  f1-score   support

          0     0.8514    0.9982    0.9189     42772
          1     0.5290    0.0472    0.0867      1546
          2     0.5879    0.0693    0.1240      2655
          3     0.7059    0.1089    0.1887      1543
          4     0.9673    0.4312    0.5965      4049
          5     1.0000    0.9990    0.9995      1023
          6     0.9897    0.8312    0.9035       462
          7     1.0000    1.0000    1.0000       874

avg / total     0.8403    0.8583    0.8155     54924


             precision    recall  f1-score   support

          0     0.8522    0.9976    0.9192     42772
          1     0.5799    0.0634    0.1143      1546
          2     0.5915    0.0791    0.1395      2655
          3     0.6583    0.1186    0.2010      1543
          4     0.9767    0.4253    0.5926      4049
          5     1.0000    0.9980    0.9990      1023
          6     0.9771    0.8312    0.8982       462
          7     0.9989    1.0000    0.9994       874

avg / total     0.8418    0.8587    0.8172     54924


             precision    recall  f1-score   support

          0     0.8516    0.9978    0.9189     42772
          1     0.5706    0.0602    0.1088      1546
          2     0.6169    0.0716    0.1282      2655
          3     0.6820    0.1154    0.1973      1543
          4     0.9691    0.4263    0.5921      4049
          5     1.0000    0.9990    0.9995      1023
          6     0.9749    0.8420    0.9036       462
          7     1.0000    1.0000    1.0000       874

avg / total     0.8424    0.8585    0.8162     54924


             precision    recall  f1-score   support

          0     0.8521    0.9977    0.9192     42772
          1     0.5505    0.0705    0.1250      1546
          2     0.6092    0.0746    0.1329      2655
          3     0.6892    0.1121    0.1929      1543
          4     0.9687    0.4285    0.5942      4049
          5     1.0000    0.9990    0.9995      1023
          6     0.9895    0.8182    0.8957       462
          7     1.0000    1.0000    1.0000       874

avg / total     0.8421    0.8587    0.8170     54924


             precision    recall  f1-score   support

          0     0.8528    0.9970    0.9193     42772
          1     0.5650    0.0815    0.1425      1546
          2     0.5821    0.0881    0.1531      2655
          3     0.6913    0.1030    0.1794      1543
          4     0.9645    0.4292    0.5941      4049
          5     1.0000    1.0000    1.0000      1023
          6     0.9946    0.7944    0.8833       462
          7     1.0000    1.0000    1.0000       874

avg / total     0.8416    0.8587    0.8181     54924


             precision    recall  f1-score   support

          0     0.8531    0.9970    0.9195     42772
          1     0.6154    0.0414    0.0776      1546
          2     0.5652    0.1028    0.1740      2655
          3     0.7004    0.1030    0.1797      1543
          4     0.9605    0.4329    0.5969      4049
          5     1.0000    0.9990    0.9995      1023
          6     0.9676    0.8398    0.8992       462
          7     1.0000    1.0000    1.0000       874

avg / total     0.8422    0.8590    0.8178     54924


             precision    recall  f1-score   support

          0     0.8526    0.9974    0.9193     42772
          1     0.5968    0.0718    0.1282      1546
          2     0.5969    0.0859    0.1501      2655
          3     0.7352    0.1043    0.1827      1543
          4     0.9637    0.4327    0.5972      4049
          5     1.0000    0.9990    0.9995      1023
          6     0.9922    0.8312    0.9046       462
          7     0.9989    1.0000    0.9994       874

avg / total     0.8442    0.8592    0.8181     54924


             precision    recall  f1-score   support

          0     0.8522    0.9976    0.9192     42772
          1     0.5287    0.0537    0.0975      1546
          2     0.6000    0.0870    0.1520      2655
          3     0.6908    0.1173    0.2006      1543
          4     0.9746    0.4270    0.5939      4049
          5     1.0000    1.0000    1.0000      1023
          6     0.9921    0.8117    0.8929       462
          7     1.0000    1.0000    1.0000       874

avg / total     0.8417    0.8588    0.8174     54924


             precision    recall  f1-score   support

          0     0.8535    0.9960    0.9193     42772
          1     0.5333    0.0828    0.1433      1546
          2     0.5656    0.0893    0.1542      2655
          3     0.6644    0.1257    0.2114      1543
          4     0.9752    0.4270    0.5940      4049
          5     1.0000    0.9980    0.9990      1023
          6     0.9745    0.8268    0.8946       462
          7     0.9989    1.0000    0.9994       874

avg / total     0.8403    0.8588    0.8191     54924


             precision    recall  f1-score   support

          0     0.8543    0.9960    0.9197     42772
          1     0.5331    0.0886    0.1520      1546
          2     0.6263    0.0878    0.1539      2655
          3     0.5889    0.1439    0.2312      1543
          4     0.9744    0.4238    0.5907      4049
          5     1.0000    0.9990    0.9995      1023
          6     0.9821    0.8333    0.9016       462
          7     1.0000    1.0000    1.0000       874

avg / total     0.8417    0.8592    0.8201     54924


             precision    recall  f1-score   support

          0     0.8528    0.9972    0.9194     42772
          1     0.5916    0.0731    0.1301      1546
          2     0.5736    0.0836    0.1460      2655
          3     0.6965    0.1160    0.1989      1543
          4     0.9726    0.4295    0.5959      4049
          5     1.0000    0.9990    0.9995      1023
          6     0.9846    0.8312    0.9014       462
          7     0.9989    1.0000    0.9994       874

avg / total     0.8426    0.8591    0.8183     54924


             precision    recall  f1-score   support

          0     0.8541    0.9968    0.9199     42772
          1     0.5579    0.0873    0.1510      1546
          2     0.5899    0.0927    0.1602      2655
          3     0.7381    0.1205    0.2072      1543
          4     0.9749    0.4322    0.5989      4049
          5     1.0000    0.9980    0.9990      1023
          6     0.9776    0.8506    0.9097       462
          7     0.9989    1.0000    0.9994       874

avg / total     0.8447    0.8601    0.8205     54924


             precision    recall  f1-score   support

          0     0.8544    0.9970    0.9202     42772
          1     0.6008    0.0925    0.1603      1546
          2     0.6077    0.0945    0.1636      2655
          3     0.7621    0.1225    0.2111      1543
          4     0.9724    0.4344    0.6005      4049
          5     1.0000    0.9980    0.9990      1023
          6     0.9778    0.8593    0.9147       462
          7     0.9989    1.0000    0.9994       874

avg / total     0.8475    0.8608    0.8214     54924


             precision    recall  f1-score   support

          0     0.8543    0.9968    0.9201     42772
          1     0.5594    0.0944    0.1616      1546
          2     0.6117    0.0949    0.1643      2655
          3     0.7364    0.1231    0.2110      1543
          4     0.9754    0.4312    0.5980      4049
          5     1.0000    0.9980    0.9990      1023
          6     0.9777    0.8528    0.9110       462
          7     0.9989    1.0000    0.9994       874

avg / total     0.8460    0.8604    0.8212     54924


             precision    recall  f1-score   support

          0     0.8547    0.9965    0.9202     42772
          1     0.5857    0.0951    0.1636      1546
          2     0.6018    0.1002    0.1718      2655
          3     0.7164    0.1244    0.2120      1543
          4     0.9711    0.4317    0.5977      4049
          5     1.0000    0.9980    0.9990      1023
          6     0.9776    0.8485    0.9085       462
          7     0.9989    1.0000    0.9994       874

avg / total     0.8457    0.8605    0.8217     54924

val_loss:0.471660268367,0.4650424224,0.451067327611,0.448233916723,0.446797932371,0.444054448512,0.44397787563,0.441286169059,0.439999040725,0.437755857428,0.435582327696,0.435209639271,0.434613390588,0.433976323487,0.43285589279,0.43095687346,0.430954274822,0.429511533766,0.428613820873,0.428474983161,0.42958787549,0.426792878888,0.42669050365,0.4263919882,0.42475889039,0.42485130314,0.423703531025,0.424988110192,0.42317041305,0.424096237212,0.422842760275,0.422117906397,0.422277426839,0.420251814894,0.421318439311,0.4211651849,0.420508563184,0.420072142145,0.420166358917,0.420876417378,0.418771996705,0.41859991446,0.419910153678,0.419477157192,0.418763971037,0.41999464134,0.413502593844,0.412579998319,0.413316404957,0.412741023464
loss:0.548952305123,0.466911073682,0.454334804634,0.449383772983,0.446076691919,0.442478869944,0.440719253211,0.43823315039,0.436990319636,0.435821139313,0.433652069385,0.433044931921,0.431953102538,0.431000803082,0.429820876897,0.428991412056,0.427852779547,0.426709294146,0.425477142503,0.424466096665,0.423465100681,0.423627509158,0.421706362796,0.420956422966,0.420478522477,0.42025887014,0.41944556181,0.419243028027,0.418125526617,0.417852455723,0.417114767181,0.416951542748,0.416489171778,0.415220295034,0.414985786419,0.414330775609,0.414367837325,0.413117610261,0.41322668146,0.412408133061,0.412459629289,0.41225525018,0.411733395696,0.410587201416,0.41016528701,0.40971522756,0.404844746695,0.403226171741,0.402419607991,0.402197106229
acc:0.835928775332,0.851094819405,0.853510218939,0.854183859984,0.855239840259,0.855591834596,0.855974169529,0.856471815672,0.856926979238,0.857066562157,0.857467105192,0.857291109381,0.85782516844,0.85769772177,0.858061854028,0.85798295853,0.858256056678,0.858419916108,0.858468465471,0.858929696746,0.859032867608,0.858771908902,0.859020729328,0.859579064996,0.8596822356,0.859494099899,0.859991745449,0.859979608274,0.860404427718,0.859961401178,0.860295187915,0.860416563589,0.860446908778,0.86073214513,0.86068359498,0.860550079152,0.860707870628,0.861005244232,0.86080497113,0.861211585013,0.860987037258,0.861284408102,0.86126620356,0.861551439898,0.861769918351,0.861715297701,0.862583141969,0.863020099395,0.86323250856,0.863511675506
lr:0.00515255,0.00515255,0.00515255,0.00515255,0.00515255,0.00515255,0.00515255,0.00515255,0.00515255,0.00515255,0.00515255,0.00515255,0.00515255,0.00515255,0.00515255,0.00515255,0.00515255,0.00515255,0.00515255,0.00515255,0.00515255,0.00515255,0.00515255,0.00515255,0.00515255,0.00515255,0.00515255,0.00515255,0.00515255,0.00515255,0.00515255,0.00515255,0.00515255,0.00515255,0.00515255,0.00515255,0.00515255,0.00515255,0.00515255,0.00515255,0.00515255,0.00515255,0.00515255,0.00515255,0.00515255,0.00515255,0.00103051,0.00103051,0.00103051,0.00103051
val_acc:0.847170638553,0.84981064497,0.851431067678,0.852559898606,0.852996866846,0.85428956235,0.853925421609,0.854945013449,0.854908598259,0.854726527708,0.855218118194,0.855309152749,0.855199911139,0.854963219424,0.855418395079,0.855855361158,0.855946398243,0.856346951644,0.856019227175,0.856292328686,0.856346952725,0.857075229162,0.856765709227,0.857603230516,0.857057022837,0.857330127573,0.857712475368,0.857421162496,0.857548611374,0.857512195961,0.858131234032,0.857803507041,0.857730679541,0.858113025535,0.858349717611,0.858349719773,0.858677442441,0.858477166997,0.858677442801,0.858695650937,0.85896875388,0.859223653011,0.858768477716,0.858750271381,0.859205445596,0.859132619537,0.860115797055,0.860807661904,0.860425314321,0.86049814182
