
             precision    recall  f1-score   support

          0     0.8440    0.9996    0.9152     42772
          1     0.0000    0.0000    0.0000      1546
          2     0.5907    0.0576    0.1050      2655
          3     0.5404    0.1128    0.1866      1543
          4     0.9854    0.4006    0.5696      4049
          5     0.9660    1.0000    0.9827      1023
          6     1.0000    0.3095    0.4727       462
          7     1.0000    0.9531    0.9760       874

avg / total     0.8159    0.8504    0.8029     54924


             precision    recall  f1-score   support

          0     0.8467    0.9996    0.9169     42772
          1     0.5556    0.0032    0.0064      1546
          2     0.5960    0.0561    0.1026      2655
          3     0.5127    0.1180    0.1918      1543
          4     0.9767    0.4041    0.5716      4049
          5     0.9660    1.0000    0.9827      1023
          6     1.0000    0.5281    0.6912       462
          7     1.0000    0.9577    0.9784       874

avg / total     0.8326    0.8527    0.8064     54924


             precision    recall  f1-score   support

          0     0.8475    0.9986    0.9168     42772
          1     0.4000    0.0026    0.0051      1546
          2     0.5857    0.0554    0.1012      2655
          3     0.5297    0.1212    0.1973      1543
          4     0.9479    0.4090    0.5714      4049
          5     0.9724    0.9990    0.9855      1023
          6     0.9926    0.5801    0.7322       462
          7     0.9988    0.9668    0.9826       874

avg / total     0.8267    0.8528    0.8068     54924


             precision    recall  f1-score   support

          0     0.8489    0.9993    0.9180     42772
          1     1.0000    0.0006    0.0013      1546
          2     0.5362    0.0697    0.1233      2655
          3     0.5786    0.1121    0.1878      1543
          4     0.9795    0.4129    0.5810      4049
          5     0.9688    1.0000    0.9841      1023
          6     0.9939    0.7056    0.8253       462
          7     1.0000    0.9611    0.9802       874

avg / total     0.8460    0.8550    0.8099     54924


             precision    recall  f1-score   support

          0     0.8484    0.9995    0.9178     42772
          1     0.5306    0.0168    0.0326      1546
          2     0.5904    0.0554    0.1012      2655
          3     0.5678    0.1167    0.1935      1543
          4     0.9806    0.4115    0.5797      4049
          5     0.9855    0.9980    0.9917      1023
          6     0.9908    0.6970    0.8183       462
          7     0.9988    0.9828    0.9908       874

avg / total     0.8350    0.8552    0.8098     54924


             precision    recall  f1-score   support

          0     0.8489    0.9987    0.9177     42772
          1     0.6176    0.0136    0.0266      1546
          2     0.5784    0.0584    0.1061      2655
          3     0.7476    0.0499    0.0936      1543
          4     0.9077    0.4421    0.5946      4049
          5     1.0000    0.9980    0.9990      1023
          6     0.9909    0.7100    0.8272       462
          7     0.9989    1.0000    0.9994       874

avg / total     0.8372    0.8554    0.8085     54924


             precision    recall  f1-score   support

          0     0.8496    0.9990    0.9183     42772
          1     0.6875    0.0071    0.0141      1546
          2     0.5449    0.0640    0.1146      2655
          3     0.5498    0.1108    0.1845      1543
          4     0.9734    0.4157    0.5826      4049
          5     0.9836    0.9990    0.9913      1023
          6     0.9918    0.7879    0.8782       462
          7     1.0000    0.9805    0.9902       874

avg / total     0.8371    0.8559    0.8108     54924


             precision    recall  f1-score   support

          0     0.8491    0.9991    0.9180     42772
          1     0.7143    0.0032    0.0064      1546
          2     0.5696    0.0663    0.1188      2655
          3     0.5518    0.1173    0.1935      1543
          4     0.9810    0.4090    0.5773      4049
          5     1.0000    0.9980    0.9990      1023
          6     0.9918    0.7835    0.8755       462
          7     0.9989    1.0000    0.9994       874

avg / total     0.8395    0.8559    0.8107     54924


             precision    recall  f1-score   support

          0     0.8510    0.9974    0.9184     42772
          1     0.4351    0.0867    0.1446      1546
          2     0.5629    0.0354    0.0666      2655
          3     0.5198    0.1192    0.1940      1543
          4     0.9794    0.4102    0.5782      4049
          5     1.0000    0.9980    0.9990      1023
          6     0.9920    0.8052    0.8889       462
          7     0.9989    1.0000    0.9994       874

avg / total     0.8319    0.8557    0.8126     54924


             precision    recall  f1-score   support

          0     0.8503    0.9987    0.9186     42772
          1     0.6364    0.0181    0.0352      1546
          2     0.5421    0.0727    0.1282      2655
          3     0.5532    0.1180    0.1944      1543
          4     0.9790    0.4137    0.5816      4049
          5     1.0000    0.9980    0.9990      1023
          6     0.9915    0.7532    0.8561       462
          7     0.9989    1.0000    0.9994       874

avg / total     0.8369    0.8564    0.8126     54924


             precision    recall  f1-score   support

          0     0.8500    0.9992    0.9186     42772
          1     0.4326    0.0395    0.0723      1546
          2     0.4975    0.0377    0.0700      2655
          3     0.6934    0.0616    0.1131      1543
          4     0.9323    0.4354    0.5936      4049
          5     1.0000    0.9980    0.9990      1023
          6     0.9921    0.8139    0.8942       462
          7     0.9989    1.0000    0.9994       874

avg / total     0.8292    0.8562    0.8097     54924


             precision    recall  f1-score   support

          0     0.8505    0.9984    0.9185     42772
          1     0.5062    0.0524    0.0950      1546
          2     0.5410    0.0546    0.0992      2655
          3     0.7753    0.0447    0.0846      1543
          4     0.9205    0.4404    0.5957      4049
          5     1.0000    0.9990    0.9995      1023
          6     0.9918    0.7835    0.8755       462
          7     1.0000    0.9989    0.9994       874

avg / total     0.8352    0.8564    0.8109     54924


             precision    recall  f1-score   support

          0     0.8517    0.9968    0.9186     42772
          1     0.5949    0.0304    0.0578      1546
          2     0.4858    0.0904    0.1524      2655
          3     0.6667    0.0700    0.1267      1543
          4     0.9383    0.4320    0.5916      4049
          5     1.0000    0.9980    0.9990      1023
          6     0.9920    0.8009    0.8862       462
          7     0.9989    1.0000    0.9994       874

avg / total     0.8343    0.8565    0.8135     54924


             precision    recall  f1-score   support

          0     0.8503    0.9984    0.9184     42772
          1     0.5926    0.0207    0.0400      1546
          2     0.5333    0.0663    0.1179      2655
          3     0.6231    0.1082    0.1844      1543
          4     0.9695    0.4241    0.5900      4049
          5     0.9990    0.9980    0.9985      1023
          6     0.9922    0.8225    0.8994       462
          7     0.9989    0.9989    0.9989       874

avg / total     0.8364    0.8570    0.8128     54924


             precision    recall  f1-score   support

          0     0.8513    0.9977    0.9187     42772
          1     0.5469    0.0226    0.0435      1546
          2     0.5321    0.0844    0.1456      2655
          3     0.5785    0.1218    0.2013      1543
          4     0.9824    0.4144    0.5829      4049
          5     1.0000    0.9980    0.9990      1023
          6     0.9921    0.8182    0.8968       462
          7     0.9989    1.0000    0.9994       874

avg / total     0.8356    0.8571    0.8144     54924


             precision    recall  f1-score   support

          0     0.8507    0.9984    0.9187     42772
          1     0.4474    0.0330    0.0614      1546
          2     0.5617    0.0685    0.1222      2655
          3     0.7069    0.0531    0.0989      1543
          4     0.9265    0.4362    0.5931      4049
          5     0.9980    0.9990    0.9985      1023
          6     0.9919    0.7987    0.8849       462
          7     1.0000    0.9977    0.9989       874

avg / total     0.8333    0.8566    0.8115     54924


             precision    recall  f1-score   support

          0     0.8515    0.9978    0.9189     42772
          1     0.5783    0.0310    0.0589      1546
          2     0.5366    0.0746    0.1310      2655
          3     0.6141    0.1186    0.1988      1543
          4     0.9676    0.4208    0.5866      4049
          5     1.0000    0.9990    0.9995      1023
          6     0.9924    0.8528    0.9173       462
          7     1.0000    1.0000    1.0000       874

avg / total     0.8368    0.8575    0.8146     54924


             precision    recall  f1-score   support

          0     0.8513    0.9982    0.9189     42772
          1     0.5469    0.0226    0.0435      1546
          2     0.5495    0.0836    0.1451      2655
          3     0.5879    0.1192    0.1983      1543
          4     0.9808    0.4166    0.5849      4049
          5     1.0000    0.9980    0.9990      1023
          6     0.9920    0.8030    0.8876       462
          7     0.9989    1.0000    0.9994       874

avg / total     0.8366    0.8574    0.8145     54924


             precision    recall  f1-score   support

          0     0.8523    0.9960    0.9186     42772
          1     0.4247    0.0712    0.1219      1546
          2     0.4817    0.0546    0.0981      2655
          3     0.5642    0.1309    0.2125      1543
          4     0.9736    0.4184    0.5852      4049
          5     1.0000    0.9980    0.9990      1023
          6     0.9923    0.8333    0.9059       462
          7     0.9989    1.0000    0.9994       874

avg / total     0.8295    0.8563    0.8148     54924


             precision    recall  f1-score   support

          0     0.8508    0.9990    0.9190     42772
          1     0.6923    0.0175    0.0341      1546
          2     0.5731    0.0723    0.1284      2655
          3     0.7333    0.0642    0.1180      1543
          4     0.9341    0.4379    0.5963      4049
          5     1.0000    0.9990    0.9995      1023
          6     0.9924    0.8528    0.9173       462
          7     1.0000    1.0000    1.0000       874

avg / total     0.8421    0.8578    0.8123     54924


             precision    recall  f1-score   support

          0     0.8530    0.9953    0.9186     42772
          1     0.6522    0.0194    0.0377      1546
          2     0.4533    0.1134    0.1814      2655
          3     0.5646    0.1218    0.2004      1543
          4     0.9829    0.4127    0.5813      4049
          5     1.0000    0.9980    0.9990      1023
          6     0.9920    0.8095    0.8915       462
          7     0.9989    1.0000    0.9994       874

avg / total     0.8357    0.8563    0.8157     54924


             precision    recall  f1-score   support

          0     0.8513    0.9982    0.9189     42772
          1     0.5878    0.0498    0.0918      1546
          2     0.5888    0.0712    0.1270      2655
          3     0.6502    0.1108    0.1894      1543
          4     0.9705    0.4228    0.5890      4049
          5     1.0000    0.9980    0.9990      1023
          6     0.9924    0.8442    0.9123       462
          7     0.9989    1.0000    0.9994       874

avg / total     0.8406    0.8581    0.8153     54924


             precision    recall  f1-score   support

          0     0.8519    0.9979    0.9191     42772
          1     0.5843    0.0336    0.0636      1546
          2     0.5520    0.0840    0.1458      2655
          3     0.6149    0.1180    0.1979      1543
          4     0.9775    0.4194    0.5869      4049
          5     1.0000    0.9980    0.9990      1023
          6     0.9925    0.8615    0.9224       462
          7     0.9989    1.0000    0.9994       874

avg / total     0.8388    0.8581    0.8157     54924


             precision    recall  f1-score   support

          0     0.8516    0.9981    0.9190     42772
          1     0.5234    0.0433    0.0800      1546
          2     0.5689    0.0731    0.1295      2655
          3     0.6461    0.1017    0.1758      1543
          4     0.9674    0.4255    0.5911      4049
          5     1.0000    0.9980    0.9990      1023
          6     0.9901    0.8636    0.9225       462
          7     0.9989    1.0000    0.9994       874

avg / total     0.8377    0.8580    0.8150     54924


             precision    recall  f1-score   support

          0     0.8516    0.9981    0.9190     42772
          1     0.5267    0.0446    0.0823      1546
          2     0.5740    0.0731    0.1296      2655
          3     0.6489    0.1186    0.2005      1543
          4     0.9793    0.4216    0.5894      4049
          5     1.0000    0.9980    0.9990      1023
          6     0.9902    0.8723    0.9275       462
          7     0.9989    1.0000    0.9994       874

avg / total     0.8390    0.8583    0.8157     54924


             precision    recall  f1-score   support

          0     0.8522    0.9976    0.9192     42772
          1     0.6082    0.0382    0.0718      1546
          2     0.5640    0.0863    0.1496      2655
          3     0.5768    0.1192    0.1976      1543
          4     0.9786    0.4179    0.5857      4049
          5     1.0000    0.9980    0.9990      1023
          6     0.9901    0.8680    0.9250       462
          7     0.9989    1.0000    0.9994       874

avg / total     0.8392    0.8581    0.8161     54924


             precision    recall  f1-score   support

          0     0.8535    0.9963    0.9193     42772
          1     0.5220    0.0614    0.1100      1546
          2     0.5520    0.0900    0.1548      2655
          3     0.5598    0.1244    0.2036      1543
          4     0.9786    0.4184    0.5862      4049
          5     1.0000    0.9980    0.9990      1023
          6     0.9878    0.8766    0.9289       462
          7     0.9989    1.0000    0.9994       874

avg / total     0.8367    0.8581    0.8178     54924


             precision    recall  f1-score   support

          0     0.8528    0.9974    0.9194     42772
          1     0.5643    0.0511    0.0937      1546
          2     0.5540    0.0870    0.1504      2655
          3     0.6280    0.1192    0.2004      1543
          4     0.9788    0.4221    0.5898      4049
          5     1.0000    0.9980    0.9990      1023
          6     0.9901    0.8701    0.9263       462
          7     0.9989    1.0000    0.9994       874

avg / total     0.8394    0.8587    0.8173     54924


             precision    recall  f1-score   support

          0     0.8527    0.9971    0.9193     42772
          1     0.6132    0.0420    0.0787      1546
          2     0.5323    0.0930    0.1584      2655
          3     0.6451    0.1225    0.2059      1543
          4     0.9778    0.4236    0.5911      4049
          5     1.0000    0.9980    0.9990      1023
          6     0.9898    0.8420    0.9099       462
          7     0.9989    1.0000    0.9994       874

avg / total     0.8401    0.8585    0.8173     54924


             precision    recall  f1-score   support

          0     0.8526    0.9975    0.9194     42772
          1     0.6116    0.0479    0.0888      1546
          2     0.5622    0.0919    0.1580      2655
          3     0.6718    0.1141    0.1950      1543
          4     0.9745    0.4250    0.5919      4049
          5     1.0000    0.9980    0.9990      1023
          6     0.9901    0.8658    0.9238       462
          7     0.9989    1.0000    0.9994       874

avg / total     0.8419    0.8589    0.8175     54924


             precision    recall  f1-score   support

          0     0.8530    0.9970    0.9194     42772
          1     0.5714    0.0517    0.0949      1546
          2     0.5383    0.0927    0.1581      2655
          3     0.6772    0.1115    0.1914      1543
          4     0.9709    0.4283    0.5943      4049
          5     1.0000    0.9980    0.9990      1023
          6     0.9900    0.8615    0.9213       462
          7     0.9989    1.0000    0.9994       874

avg / total     0.8399    0.8588    0.8178     54924


             precision    recall  f1-score   support

          0     0.8524    0.9981    0.9195     42772
          1     0.5724    0.0563    0.1025      1546
          2     0.6006    0.0787    0.1392      2655
          3     0.6753    0.1186    0.2018      1543
          4     0.9768    0.4265    0.5938      4049
          5     1.0000    0.9980    0.9990      1023
          6     0.9902    0.8723    0.9275       462
          7     0.9989    1.0000    0.9994       874

avg / total     0.8428    0.8592    0.8174     54924


             precision    recall  f1-score   support

          0     0.8529    0.9973    0.9194     42772
          1     0.6016    0.0498    0.0920      1546
          2     0.5668    0.0927    0.1593      2655
          3     0.6821    0.1238    0.2095      1543
          4     0.9774    0.4265    0.5939      4049
          5     1.0000    0.9980    0.9990      1023
          6     0.9902    0.8723    0.9275       462
          7     0.9989    1.0000    0.9994       874

avg / total     0.8426    0.8593    0.8183     54924


             precision    recall  f1-score   support

          0     0.8537    0.9969    0.9198     42772
          1     0.5528    0.0712    0.1261      1546
          2     0.5646    0.0840    0.1462      2655
          3     0.6526    0.1303    0.2172      1543
          4     0.9740    0.4260    0.5928      4049
          5     1.0000    0.9980    0.9990      1023
          6     0.9902    0.8788    0.9312       462
          7     0.9989    1.0000    0.9994       874

avg / total     0.8407    0.8594    0.8190     54924


             precision    recall  f1-score   support

          0     0.8535    0.9968    0.9196     42772
          1     0.6167    0.0479    0.0888      1546
          2     0.5397    0.1024    0.1722      2655
          3     0.6465    0.1244    0.2087      1543
          4     0.9810    0.4216    0.5897      4049
          5     1.0000    0.9980    0.9990      1023
          6     0.9903    0.8831    0.9336       462
          7     0.9989    1.0000    0.9994       874

avg / total     0.8414    0.8591    0.8187     54924


             precision    recall  f1-score   support

          0     0.8530    0.9974    0.9196     42772
          1     0.5743    0.0550    0.1004      1546
          2     0.5721    0.0911    0.1572      2655
          3     0.6679    0.1147    0.1958      1543
          4     0.9745    0.4255    0.5924      4049
          5     1.0000    0.9980    0.9990      1023
          6     0.9902    0.8766    0.9300       462
          7     0.9989    1.0000    0.9994       874

avg / total     0.8415    0.8592    0.8180     54924


             precision    recall  f1-score   support

          0     0.8527    0.9979    0.9196     42772
          1     0.6284    0.0602    0.1098      1546
          2     0.5930    0.0829    0.1454      2655
          3     0.7056    0.1134    0.1954      1543
          4     0.9688    0.4292    0.5949      4049
          5     1.0000    0.9980    0.9990      1023
          6     0.9902    0.8766    0.9300       462
          7     0.9989    1.0000    0.9994       874

avg / total     0.8445    0.8595    0.8179     54924


             precision    recall  f1-score   support

          0     0.8537    0.9964    0.9195     42772
          1     0.5478    0.0556    0.1010      1546
          2     0.5565    0.1021    0.1725      2655
          3     0.7041    0.1218    0.2077      1543
          4     0.9731    0.4292    0.5957      4049
          5     1.0000    0.9990    0.9995      1023
          6     0.9879    0.8810    0.9314       462
          7     1.0000    1.0000    1.0000       874

avg / total     0.8415    0.8594    0.8194     54924


             precision    recall  f1-score   support

          0     0.8538    0.9967    0.9197     42772
          1     0.5455    0.0737    0.1299      1546
          2     0.5815    0.0994    0.1698      2655
          3     0.7064    0.1076    0.1867      1543
          4     0.9693    0.4295    0.5952      4049
          5     1.0000    0.9990    0.9995      1023
          6     0.9902    0.8788    0.9312       462
          7     1.0000    1.0000    1.0000       874

avg / total     0.8426    0.8596    0.8196     54924


             precision    recall  f1-score   support

          0     0.8543    0.9962    0.9198     42772
          1     0.5484    0.0770    0.1350      1546
          2     0.5788    0.1051    0.1779      2655
          3     0.6703    0.1186    0.2015      1543
          4     0.9768    0.4263    0.5935      4049
          5     1.0000    0.9990    0.9995      1023
          6     0.9854    0.8766    0.9278       462
          7     1.0000    1.0000    1.0000       874

avg / total     0.8423    0.8597    0.8204     54924


             precision    recall  f1-score   support

          0     0.8546    0.9956    0.9197     42772
          1     0.5114    0.0724    0.1269      1546
          2     0.5398    0.1073    0.1791      2655
          3     0.7160    0.1160    0.1997      1543
          4     0.9726    0.4302    0.5966      4049
          5     1.0000    0.9980    0.9990      1023
          6     0.9902    0.8788    0.9312       462
          7     0.9989    1.0000    0.9994       874

avg / total     0.8407    0.8594    0.8204     54924


             precision    recall  f1-score   support

          0     0.8552    0.9953    0.9200     42772
          1     0.4955    0.0705    0.1234      1546
          2     0.5316    0.0983    0.1659      2655
          3     0.6236    0.1406    0.2295      1543
          4     0.9769    0.4280    0.5952      4049
          5     1.0000    0.9980    0.9990      1023
          6     0.9807    0.8810    0.9282       462
          7     0.9989    1.0000    0.9994       874

avg / total     0.8379    0.8593    0.8206     54924


             precision    recall  f1-score   support

          0     0.8542    0.9964    0.9198     42772
          1     0.5359    0.0724    0.1276      1546
          2     0.5443    0.0972    0.1649      2655
          3     0.6520    0.1251    0.2099      1543
          4     0.9805    0.4233    0.5913      4049
          5     1.0000    0.9980    0.9990      1023
          6     0.9854    0.8788    0.9291       462
          7     0.9989    1.0000    0.9994       874

avg / total     0.8400    0.8593    0.8197     54924


             precision    recall  f1-score   support

          0     0.8546    0.9961    0.9199     42772
          1     0.5459    0.0692    0.1228      1546
          2     0.5669    0.1085    0.1821      2655
          3     0.6848    0.1141    0.1956      1543
          4     0.9645    0.4295    0.5943      4049
          5     1.0000    0.9980    0.9990      1023
          6     0.9902    0.8788    0.9312       462
          7     0.9989    1.0000    0.9994       874

avg / total     0.8415    0.8597    0.8203     54924


             precision    recall  f1-score   support

          0     0.8543    0.9968    0.9201     42772
          1     0.5924    0.0705    0.1260      1546
          2     0.5806    0.1058    0.1790      2655
          3     0.7083    0.1212    0.2070      1543
          4     0.9764    0.4285    0.5956      4049
          5     1.0000    0.9980    0.9990      1023
          6     0.9855    0.8810    0.9303       462
          7     0.9989    1.0000    0.9994       874

avg / total     0.8447    0.8603    0.8208     54924


             precision    recall  f1-score   support

          0     0.8545    0.9963    0.9200     42772
          1     0.5873    0.0718    0.1280      1546
          2     0.5862    0.1089    0.1836      2655
          3     0.6842    0.1264    0.2133      1543
          4     0.9753    0.4285    0.5954      4049
          5     1.0000    0.9980    0.9990      1023
          6     0.9879    0.8810    0.9314       462
          7     0.9989    1.0000    0.9994       874

avg / total     0.8443    0.8602    0.8211     54924


             precision    recall  f1-score   support

          0     0.8546    0.9965    0.9201     42772
          1     0.5860    0.0705    0.1259      1546
          2     0.5909    0.1077    0.1822      2655
          3     0.6804    0.1283    0.2159      1543
          4     0.9769    0.4275    0.5947      4049
          5     1.0000    0.9980    0.9990      1023
          6     0.9761    0.8853    0.9285       462
          7     0.9989    1.0000    0.9994       874

avg / total     0.8444    0.8603    0.8211     54924


             precision    recall  f1-score   support

          0     0.8548    0.9960    0.9200     42772
          1     0.5604    0.0750    0.1323      1546
          2     0.5765    0.1036    0.1756      2655
          3     0.6329    0.1296    0.2152      1543
          4     0.9752    0.4278    0.5947      4049
          5     1.0000    0.9980    0.9990      1023
          6     0.9903    0.8810    0.9324       462
          7     0.9989    1.0000    0.9994       874

avg / total     0.8418    0.8599    0.8209     54924


             precision    recall  f1-score   support

          0     0.8547    0.9962    0.9201     42772
          1     0.5771    0.0750    0.1328      1546
          2     0.5896    0.1066    0.1805      2655
          3     0.6622    0.1283    0.2150      1543
          4     0.9759    0.4297    0.5967      4049
          5     1.0000    0.9980    0.9990      1023
          6     0.9855    0.8853    0.9327       462
          7     0.9989    1.0000    0.9994       874

avg / total     0.8437    0.8603    0.8213     54924


             precision    recall  f1-score   support

          0     0.8550    0.9960    0.9201     42772
          1     0.5810    0.0789    0.1390      1546
          2     0.5912    0.1111    0.1871      2655
          3     0.6503    0.1290    0.2153      1543
          4     0.9774    0.4275    0.5948      4049
          5     1.0000    0.9980    0.9990      1023
          6     0.9855    0.8853    0.9327       462
          7     0.9989    1.0000    0.9994       874

avg / total     0.8439    0.8603    0.8217     54924

acc:0.84316283914,0.854013936445,0.855136670102,0.855767830507,0.856708501323,0.857370005537,0.857479244621,0.858031508935,0.857740203565,0.858249988861,0.858183230575,0.858365297239,0.858523086656,0.858680875672,0.858674807647,0.85880832168,0.858911493118,0.859026800142,0.859160316627,0.859136039235,0.85909355802,0.860003884949,0.860404428388,0.860513666764,0.860544011246,0.860628974735,0.860568286785,0.861047726206,0.861078070792,0.861096277423,0.861296548766,0.861272273078,0.861405786876,0.861581784432,0.861672817199,0.861660678334,0.861933777335,0.861569646936,0.86210370439,0.862121912058,0.862285770933,0.862012670934,0.862146184884,0.86252852404,0.862740934033,0.863238578573,0.863402437743,0.863311404591,0.863238579319,0.863232509
val_loss:0.46426613568,0.446556437281,0.447096232324,0.442335941221,0.439325042504,0.438370056755,0.431972576231,0.431640152024,0.43127178216,0.433197450021,0.428781260973,0.429087570714,0.429529975134,0.429626831887,0.427864318673,0.429471113672,0.426143423045,0.429831700233,0.427608151037,0.426825032918,0.428750976539,0.422983951168,0.422036298236,0.421838579869,0.421550889013,0.421486834824,0.421699988281,0.420536116251,0.421410148246,0.420808533152,0.419783859279,0.419886199641,0.419093458236,0.419905182398,0.419246031763,0.418865341663,0.418739948616,0.4182789476,0.418266603233,0.417786788681,0.418040724497,0.41864910658,0.418412973338,0.417834295888,0.416439692631,0.416146795966,0.416260903498,0.416067340553,0.415871264979,0.415716462894
loss:0.505866045107,0.452506963425,0.445373745999,0.441583770552,0.438023118685,0.433518866117,0.432901716028,0.430345985776,0.430366490534,0.429314578549,0.428485214797,0.427004455457,0.42639835474,0.426762336641,0.426904357377,0.42590742739,0.425039380863,0.425166430301,0.424752129178,0.424014436458,0.423777488915,0.419304922996,0.417253362251,0.41666502223,0.416439994638,0.415571235546,0.415546646533,0.41518151671,0.41478699745,0.414595603995,0.414479787199,0.413639345605,0.413307027648,0.412885921652,0.412379559913,0.412561895363,0.411958649479,0.411935300504,0.411685630715,0.411189653444,0.410665732998,0.410578738959,0.410307949266,0.409955741978,0.408299132397,0.407093963419,0.407248660748,0.406712708519,0.407364802501,0.406724993952
val_acc:0.850356856157,0.852669143276,0.85279659336,0.855036050739,0.855218121376,0.85538198284,0.855891778294,0.855909982857,0.855727914186,0.856437987705,0.856219502354,0.856419778988,0.856510816155,0.856965991043,0.857057023379,0.85658364385,0.85754861298,0.857366543931,0.856328747406,0.857767097953,0.856255920766,0.858113029976,0.858094822769,0.858003787411,0.858276892495,0.858076616617,0.858131238694,0.85865923901,0.858458962077,0.858914137186,0.858786686737,0.859241861325,0.859260068454,0.859351103056,0.859096205479,0.859169034385,0.85953317316,0.859405725888,0.859624209273,0.859678829383,0.859423931884,0.859278278474,0.859260070798,0.859660622853,0.860279661093,0.860206832265,0.860297866789,0.859879106772,0.860279659204,0.860297866411
lr:0.0215186,0.0215186,0.0215186,0.0215186,0.0215186,0.0215186,0.0215186,0.0215186,0.0215186,0.0215186,0.0215186,0.0215186,0.0215186,0.0215186,0.0215186,0.0215186,0.0215186,0.0215186,0.0215186,0.0215186,0.0215186,0.00430372,0.00430372,0.00430372,0.00430372,0.00430372,0.00430372,0.00430372,0.00430372,0.00430372,0.00430372,0.00430372,0.00430372,0.00430372,0.00430372,0.00430372,0.00430372,0.00430372,0.00430372,0.00430372,0.00430372,0.00430372,0.00430372,0.00430372,0.001,0.001,0.001,0.001,0.001,0.001
