
             precision    recall  f1-score   support

          0     0.8459    0.9946    0.9143     42772
          1     0.3062    0.0802    0.1271      1546
          2     0.6140    0.0527    0.0971      2655
          3     0.5580    0.0998    0.1693      1543
          4     0.9570    0.4127    0.5767      4049
          5     0.9624    1.0000    0.9808      1023
          6     1.0000    0.1926    0.3230       462
          7     1.0000    0.9462    0.9724       874

avg / total     0.8255    0.8479    0.8040     54924


             precision    recall  f1-score   support

          0     0.8483    0.9949    0.9158     42772
          1     0.4539    0.0446    0.0813      1546
          2     0.3907    0.0599    0.1039      2655
          3     0.6585    0.0700    0.1265      1543
          4     0.9190    0.4344    0.5900      4049
          5     0.9669    1.0000    0.9832      1023
          6     1.0000    0.5022    0.6686       462
          7     1.0000    0.9577    0.9784       874

avg / total     0.8209    0.8510    0.8070     54924


             precision    recall  f1-score   support

          0     0.8459    0.9997    0.9164     42772
          1     0.4667    0.0317    0.0594      1546
          2     0.6299    0.0365    0.0691      2655
          3     0.5291    0.1180    0.1929      1543
          4     0.9884    0.4003    0.5699      4049
          5     0.9715    1.0000    0.9855      1023
          6     1.0000    0.5152    0.6800       462
          7     1.0000    0.9657    0.9825       874

avg / total     0.8325    0.8523    0.8058     54924


             precision    recall  f1-score   support

          0     0.8479    0.9991    0.9173     42772
          1     0.6000    0.0019    0.0039      1546
          2     0.5385    0.0685    0.1216      2655
          3     0.5952    0.0810    0.1426      1543
          4     0.9510    0.4216    0.5842      4049
          5     0.9884    0.9961    0.9922      1023
          6     1.0000    0.6061    0.7547       462
          7     0.9954    0.9863    0.9908       874

avg / total     0.8327    0.8541    0.8080     54924


             precision    recall  f1-score   support

          0     0.8469    0.9997    0.9170     42772
          1     0.3333    0.0006    0.0013      1546
          2     0.5898    0.0569    0.1037      2655
          3     0.5906    0.0570    0.1040      1543
          4     0.9452    0.4218    0.5833      4049
          5     1.0000    1.0000    1.0000      1023
          6     0.9938    0.6926    0.8163       462
          7     1.0000    1.0000    1.0000       874

avg / total     0.8266    0.8543    0.8065     54924


             precision    recall  f1-score   support

          0     0.8482    0.9993    0.9175     42772
          1     0.6667    0.0026    0.0052      1546
          2     0.5843    0.0588    0.1068      2655
          3     0.5000    0.1277    0.2034      1543
          4     0.9956    0.3919    0.5625      4049
          5     0.9990    1.0000    0.9995      1023
          6     0.9543    0.7684    0.8513       462
          7     1.0000    0.9989    0.9994       874

avg / total     0.8375    0.8546    0.8087     54924


             precision    recall  f1-score   support

          0     0.8472    0.9993    0.9170     42772
          1     0.0000    0.0000    0.0000      1546
          2     0.5923    0.0580    0.1057      2655
          3     0.6298    0.0959    0.1665      1543
          4     0.9607    0.4166    0.5812      4049
          5     1.0000    1.0000    1.0000      1023
          6     0.9937    0.6840    0.8103       462
          7     1.0000    1.0000    1.0000       874

avg / total     0.8198    0.8547    0.8081     54924


             precision    recall  f1-score   support

          0     0.8486    0.9996    0.9179     42772
          1     0.4286    0.0039    0.0077      1546
          2     0.5859    0.0565    0.1031      2655
          3     0.5714    0.1167    0.1938      1543
          4     0.9788    0.4112    0.5791      4049
          5     1.0000    1.0000    1.0000      1023
          6     0.9944    0.7619    0.8627       462
          7     1.0000    1.0000    1.0000       874

avg / total     0.8323    0.8558    0.8100     54924


             precision    recall  f1-score   support

          0     0.8489    0.9996    0.9181     42772
          1     0.0000    0.0000    0.0000      1546
          2     0.5907    0.0576    0.1050      2655
          3     0.5599    0.1212    0.1993      1543
          4     0.9799    0.4102    0.5783      4049
          5     0.9837    1.0000    0.9918      1023
          6     0.9946    0.8009    0.8873       462
          7     1.0000    0.9805    0.9902       874

avg / total     0.8202    0.8558    0.8100     54924


             precision    recall  f1-score   support

          0     0.8489    0.9996    0.9181     42772
          1     0.6000    0.0058    0.0115      1546
          2     0.5961    0.0573    0.1045      2655
          3     0.5302    0.1251    0.2024      1543
          4     0.9861    0.4038    0.5730      4049
          5     0.9642    1.0000    0.9818      1023
          6     0.9838    0.7900    0.8764       462
          7     1.0000    0.9565    0.9778       874

avg / total     0.8366    0.8552    0.8095     54924


             precision    recall  f1-score   support

          0     0.8495    0.9986    0.9180     42772
          1     0.5294    0.0058    0.0115      1546
          2     0.5114    0.0678    0.1197      2655
          3     0.5514    0.1251    0.2039      1543
          4     0.9874    0.4058    0.5752      4049
          5     1.0000    1.0000    1.0000      1023
          6     0.9945    0.7771    0.8724       462
          7     1.0000    1.0000    1.0000       874

avg / total     0.8323    0.8556    0.8110     54924


             precision    recall  f1-score   support

          0     0.8510    0.9956    0.9176     42772
          1     0.0000    0.0000    0.0000      1546
          2     0.4325    0.0832    0.1396      2655
          3     0.5162    0.1342    0.2130      1543
          4     0.9741    0.4090    0.5761      4049
          5     0.9990    1.0000    0.9995      1023
          6     0.9919    0.7987    0.8849       462
          7     1.0000    0.9989    0.9994       874

avg / total     0.8128    0.8545    0.8118     54924


             precision    recall  f1-score   support

          0     0.8495    0.9995    0.9184     42772
          1     0.6452    0.0129    0.0254      1546
          2     0.6066    0.0557    0.1021      2655
          3     0.5510    0.1225    0.2004      1543
          4     0.9834    0.4087    0.5775      4049
          5     0.9990    1.0000    0.9995      1023
          6     0.9899    0.8506    0.9150       462
          7     1.0000    0.9989    0.9994       874

avg / total     0.8398    0.8567    0.8113     54924


             precision    recall  f1-score   support

          0     0.8497    0.9995    0.9185     42772
          1     0.5417    0.0084    0.0166      1546
          2     0.5977    0.0576    0.1051      2655
          3     0.5559    0.1192    0.1964      1543
          4     0.9800    0.4105    0.5786      4049
          5     0.9990    1.0000    0.9995      1023
          6     0.9901    0.8680    0.9250       462
          7     1.0000    0.9989    0.9994       874

avg / total     0.8365    0.8568    0.8113     54924


             precision    recall  f1-score   support

          0     0.8499    0.9994    0.9186     42772
          1     0.0000    0.0000    0.0000      1546
          2     0.5795    0.0618    0.1116      2655
          3     0.5559    0.1192    0.1964      1543
          4     0.9783    0.4122    0.5800      4049
          5     0.9990    1.0000    0.9995      1023
          6     0.9902    0.8745    0.9287       462
          7     1.0000    0.9989    0.9994       874

avg / total     0.8204    0.8569    0.8114     54924


             precision    recall  f1-score   support

          0     0.8497    0.9994    0.9185     42772
          1     0.0000    0.0000    0.0000      1546
          2     0.5804    0.0625    0.1129      2655
          3     0.5532    0.1180    0.1944      1543
          4     0.9794    0.4102    0.5782      4049
          5     1.0000    1.0000    1.0000      1023
          6     0.9925    0.8593    0.9211       462
          7     1.0000    1.0000    1.0000       874

avg / total     0.8204    0.8567    0.8111     54924


             precision    recall  f1-score   support

          0     0.8497    0.9994    0.9185     42772
          1     0.5000    0.0110    0.0215      1546
          2     0.5930    0.0576    0.1050      2655
          3     0.5590    0.1167    0.1930      1543
          4     0.9784    0.4134    0.5813      4049
          5     1.0000    1.0000    1.0000      1023
          6     0.9949    0.8528    0.9184       462
          7     1.0000    1.0000    1.0000       874

avg / total     0.8352    0.8568    0.8115     54924


             precision    recall  f1-score   support

          0     0.8496    0.9995    0.9185     42772
          1     0.3636    0.0026    0.0051      1546
          2     0.5830    0.0595    0.1080      2655
          3     0.5573    0.1167    0.1929      1543
          4     0.9765    0.4112    0.5787      4049
          5     1.0000    1.0000    1.0000      1023
          6     0.9950    0.8571    0.9209       462
          7     1.0000    1.0000    1.0000       874

avg / total     0.8306    0.8567    0.8110     54924


             precision    recall  f1-score   support

          0     0.8497    0.9995    0.9185     42772
          1     0.5652    0.0084    0.0166      1546
          2     0.5939    0.0584    0.1063      2655
          3     0.5625    0.1225    0.2012      1543
          4     0.9829    0.4115    0.5801      4049
          5     0.9990    1.0000    0.9995      1023
          6     0.9949    0.8506    0.9172       462
          7     1.0000    0.9989    0.9994       874

avg / total     0.8374    0.8569    0.8116     54924


             precision    recall  f1-score   support

          0     0.8499    0.9995    0.9186     42772
          1     0.5455    0.0039    0.0077      1546
          2     0.5660    0.0614    0.1108      2655
          3     0.5680    0.1218    0.2006      1543
          4     0.9817    0.4110    0.5794      4049
          5     0.9990    1.0000    0.9995      1023
          6     0.9950    0.8593    0.9222       462
          7     1.0000    0.9989    0.9994       874

avg / total     0.8358    0.8569    0.8116     54924


             precision    recall  f1-score   support

          0     0.8500    0.9995    0.9187     42772
          1     0.5000    0.0045    0.0090      1546
          2     0.5571    0.0588    0.1063      2655
          3     0.5559    0.1192    0.1964      1543
          4     0.9800    0.4124    0.5806      4049
          5     1.0000    1.0000    1.0000      1023
          6     0.9950    0.8636    0.9247       462
          7     1.0000    1.0000    1.0000       874

avg / total     0.8337    0.8569    0.8114     54924


             precision    recall  f1-score   support

          0     0.8502    0.9994    0.9187     42772
          1     0.4375    0.0045    0.0090      1546
          2     0.5575    0.0603    0.1088      2655
          3     0.5625    0.1225    0.2012      1543
          4     0.9824    0.4129    0.5815      4049
          5     1.0000    1.0000    1.0000      1023
          6     0.9951    0.8766    0.9321       462
          7     1.0000    1.0000    1.0000       874

avg / total     0.8325    0.8571    0.8119     54924


             precision    recall  f1-score   support

          0     0.8501    0.9993    0.9187     42772
          1     0.3684    0.0045    0.0089      1546
          2     0.5552    0.0606    0.1093      2655
          3     0.5625    0.1225    0.2012      1543
          4     0.9829    0.4122    0.5808      4049
          5     1.0000    1.0000    1.0000      1023
          6     0.9951    0.8723    0.9296       462
          7     1.0000    1.0000    1.0000       874

avg / total     0.8304    0.8570    0.8118     54924


             precision    recall  f1-score   support

          0     0.8501    0.9994    0.9187     42772
          1     0.4667    0.0045    0.0090      1546
          2     0.5540    0.0599    0.1081      2655
          3     0.5599    0.1212    0.1993      1543
          4     0.9818    0.4122    0.5806      4049
          5     1.0000    1.0000    1.0000      1023
          6     0.9926    0.8745    0.9298       462
          7     1.0000    1.0000    1.0000       874

avg / total     0.8329    0.8570    0.8117     54924


             precision    recall  f1-score   support

          0     0.8502    0.9993    0.9187     42772
          1     0.3684    0.0045    0.0089      1546
          2     0.5567    0.0610    0.1100      2655
          3     0.5599    0.1212    0.1993      1543
          4     0.9818    0.4122    0.5806      4049
          5     1.0000    1.0000    1.0000      1023
          6     0.9951    0.8788    0.9333       462
          7     1.0000    1.0000    1.0000       874

avg / total     0.8304    0.8570    0.8118     54924


             precision    recall  f1-score   support

          0     0.8503    0.9993    0.9188     42772
          1     0.3889    0.0045    0.0090      1546
          2     0.5567    0.0610    0.1100      2655
          3     0.5853    0.1134    0.1900      1543
          4     0.9730    0.4186    0.5854      4049
          5     1.0000    1.0000    1.0000      1023
          6     0.9927    0.8788    0.9323       462
          7     1.0000    1.0000    1.0000       874

avg / total     0.8311    0.8573    0.8119     54924


             precision    recall  f1-score   support

          0     0.8502    0.9993    0.9187     42772
          1     0.3684    0.0045    0.0089      1546
          2     0.5567    0.0610    0.1100      2655
          3     0.5599    0.1212    0.1993      1543
          4     0.9812    0.4129    0.5813      4049
          5     1.0000    1.0000    1.0000      1023
          6     0.9951    0.8766    0.9321       462
          7     1.0000    1.0000    1.0000       874

avg / total     0.8304    0.8570    0.8119     54924


             precision    recall  f1-score   support

          0     0.8503    0.9993    0.9188     42772
          1     0.3684    0.0045    0.0089      1546
          2     0.5559    0.0618    0.1112      2655
          3     0.5652    0.1180    0.1952      1543
          4     0.9767    0.4139    0.5814      4049
          5     1.0000    1.0000    1.0000      1023
          6     0.9951    0.8766    0.9321       462
          7     1.0000    1.0000    1.0000       874

avg / total     0.8302    0.8571    0.8119     54924


             precision    recall  f1-score   support

          0     0.8502    0.9993    0.9187     42772
          1     0.3684    0.0045    0.0089      1546
          2     0.5567    0.0610    0.1100      2655
          3     0.5599    0.1212    0.1993      1543
          4     0.9812    0.4127    0.5810      4049
          5     1.0000    1.0000    1.0000      1023
          6     0.9951    0.8788    0.9333       462
          7     1.0000    1.0000    1.0000       874

avg / total     0.8304    0.8570    0.8119     54924


             precision    recall  f1-score   support

          0     0.8503    0.9993    0.9188     42772
          1     0.4400    0.0071    0.0140      1546
          2     0.5567    0.0610    0.1100      2655
          3     0.5625    0.1225    0.2012      1543
          4     0.9824    0.4132    0.5817      4049
          5     1.0000    1.0000    1.0000      1023
          6     0.9951    0.8766    0.9321       462
          7     1.0000    1.0000    1.0000       874

avg / total     0.8326    0.8571    0.8121     54924


             precision    recall  f1-score   support

          0     0.8503    0.9993    0.9188     42772
          1     0.4400    0.0071    0.0140      1546
          2     0.5567    0.0610    0.1100      2655
          3     0.5759    0.1205    0.1994      1543
          4     0.9796    0.4149    0.5829      4049
          5     1.0000    1.0000    1.0000      1023
          6     0.9951    0.8788    0.9333       462
          7     1.0000    1.0000    1.0000       874

avg / total     0.8328    0.8572    0.8122     54924


             precision    recall  f1-score   support

          0     0.8507    0.9990    0.9189     42772
          1     0.4400    0.0071    0.0140      1546
          2     0.5421    0.0655    0.1169      2655
          3     0.5599    0.1212    0.1993      1543
          4     0.9813    0.4137    0.5820      4049
          5     1.0000    1.0000    1.0000      1023
          6     0.9951    0.8788    0.9333       462
          7     1.0000    1.0000    1.0000       874

avg / total     0.8320    0.8572    0.8125     54924


             precision    recall  f1-score   support

          0     0.8504    0.9992    0.9188     42772
          1     0.4400    0.0071    0.0140      1546
          2     0.5518    0.0621    0.1117      2655
          3     0.5625    0.1225    0.2012      1543
          4     0.9824    0.4137    0.5822      4049
          5     1.0000    1.0000    1.0000      1023
          6     0.9926    0.8766    0.9310       462
          7     1.0000    1.0000    1.0000       874

avg / total     0.8325    0.8572    0.8123     54924


             precision    recall  f1-score   support

          0     0.8503    0.9992    0.9188     42772
          1     0.4400    0.0071    0.0140      1546
          2     0.5563    0.0614    0.1106      2655
          3     0.5625    0.1225    0.2012      1543
          4     0.9824    0.4137    0.5822      4049
          5     1.0000    1.0000    1.0000      1023
          6     0.9951    0.8766    0.9321       462
          7     1.0000    1.0000    1.0000       874

avg / total     0.8326    0.8572    0.8122     54924


             precision    recall  f1-score   support

          0     0.8508    0.9988    0.9189     42772
          1     0.4583    0.0071    0.0140      1546
          2     0.5265    0.0674    0.1195      2655
          3     0.5884    0.1186    0.1974      1543
          4     0.9775    0.4176    0.5852      4049
          5     1.0000    1.0000    1.0000      1023
          6     0.9927    0.8788    0.9323       462
          7     1.0000    1.0000    1.0000       874

avg / total     0.8324    0.8573    0.8128     54924


             precision    recall  f1-score   support

          0     0.8507    0.9987    0.9188     42772
          1     0.4583    0.0071    0.0140      1546
          2     0.5203    0.0674    0.1194      2655
          3     0.5697    0.1218    0.2007      1543
          4     0.9807    0.4144    0.5826      4049
          5     1.0000    1.0000    1.0000      1023
          6     0.9951    0.8766    0.9321       462
          7     1.0000    1.0000    1.0000       874

avg / total     0.8318    0.8571    0.8127     54924


             precision    recall  f1-score   support

          0     0.8502    0.9993    0.9187     42772
          1     0.4400    0.0071    0.0140      1546
          2     0.5563    0.0614    0.1106      2655
          3     0.5845    0.1121    0.1881      1543
          4     0.9724    0.4174    0.5841      4049
          5     1.0000    1.0000    1.0000      1023
          6     0.9951    0.8745    0.9309       462
          7     1.0000    1.0000    1.0000       874

avg / total     0.8324    0.8571    0.8119     54924


             precision    recall  f1-score   support

          0     0.8505    0.9991    0.9188     42772
          1     0.4400    0.0071    0.0140      1546
          2     0.5390    0.0625    0.1120      2655
          3     0.5763    0.1199    0.1985      1543
          4     0.9785    0.4157    0.5835      4049
          5     1.0000    1.0000    1.0000      1023
          6     0.9951    0.8766    0.9321       462
          7     1.0000    1.0000    1.0000       874

avg / total     0.8320    0.8572    0.8123     54924


             precision    recall  f1-score   support

          0     0.8507    0.9989    0.9189     42772
          1     0.4400    0.0071    0.0140      1546
          2     0.5287    0.0659    0.1172      2655
          3     0.5697    0.1218    0.2007      1543
          4     0.9807    0.4144    0.5826      4049
          5     1.0000    1.0000    1.0000      1023
          6     0.9951    0.8788    0.9333       462
          7     1.0000    1.0000    1.0000       874

avg / total     0.8316    0.8572    0.8126     54924


             precision    recall  f1-score   support

          0     0.8504    0.9990    0.9188     42772
          1     0.4400    0.0071    0.0140      1546
          2     0.5390    0.0625    0.1120      2655
          3     0.5625    0.1225    0.2012      1543
          4     0.9824    0.4134    0.5820      4049
          5     1.0000    1.0000    1.0000      1023
          6     0.9951    0.8788    0.9333       462
          7     1.0000    1.0000    1.0000       874

avg / total     0.8318    0.8571    0.8122     54924


             precision    recall  f1-score   support

          0     0.8505    0.9990    0.9188     42772
          1     0.4545    0.0065    0.0128      1546
          2     0.5397    0.0640    0.1145      2655
          3     0.5759    0.1180    0.1958      1543
          4     0.9768    0.4162    0.5837      4049
          5     1.0000    1.0000    1.0000      1023
          6     0.9927    0.8788    0.9323       462
          7     1.0000    1.0000    1.0000       874

avg / total     0.8323    0.8572    0.8123     54924


             precision    recall  f1-score   support

          0     0.8504    0.9990    0.9187     42772
          1     0.4231    0.0071    0.0140      1546
          2     0.5405    0.0629    0.1127      2655
          3     0.5810    0.1186    0.1970      1543
          4     0.9774    0.4166    0.5842      4049
          5     1.0000    1.0000    1.0000      1023
          6     0.9926    0.8745    0.9298       462
          7     1.0000    1.0000    1.0000       874

avg / total     0.8316    0.8571    0.8123     54924


             precision    recall  f1-score   support

          0     0.8505    0.9990    0.9188     42772
          1     0.4231    0.0071    0.0140      1546
          2     0.5318    0.0629    0.1125      2655
          3     0.5625    0.1225    0.2012      1543
          4     0.9824    0.4137    0.5822      4049
          5     1.0000    1.0000    1.0000      1023
          6     0.9951    0.8766    0.9321       462
          7     1.0000    1.0000    1.0000       874

avg / total     0.8311    0.8571    0.8123     54924


             precision    recall  f1-score   support

          0     0.8507    0.9987    0.9188     42772
          1     0.4211    0.0052    0.0102      1546
          2     0.5185    0.0685    0.1211      2655
          3     0.5602    0.1205    0.1984      1543
          4     0.9812    0.4127    0.5810      4049
          5     1.0000    1.0000    1.0000      1023
          6     0.9926    0.8766    0.9310       462
          7     1.0000    1.0000    1.0000       874

avg / total     0.8303    0.8569    0.8124     54924


             precision    recall  f1-score   support

          0     0.8505    0.9990    0.9188     42772
          1     0.4074    0.0071    0.0140      1546
          2     0.5367    0.0633    0.1132      2655
          3     0.5616    0.1212    0.1994      1543
          4     0.9813    0.4139    0.5822      4049
          5     1.0000    1.0000    1.0000      1023
          6     0.9926    0.8766    0.9310       462
          7     1.0000    1.0000    1.0000       874

avg / total     0.8308    0.8570    0.8123     54924


             precision    recall  f1-score   support

          0     0.8506    0.9989    0.9188     42772
          1     0.4091    0.0058    0.0115      1546
          2     0.5337    0.0655    0.1167      2655
          3     0.5625    0.1225    0.2012      1543
          4     0.9824    0.4137    0.5822      4049
          5     1.0000    1.0000    1.0000      1023
          6     0.9926    0.8766    0.9310       462
          7     1.0000    1.0000    1.0000       874

avg / total     0.8309    0.8571    0.8125     54924


             precision    recall  f1-score   support

          0     0.8506    0.9989    0.9188     42772
          1     0.4211    0.0052    0.0102      1546
          2     0.5301    0.0663    0.1178      2655
          3     0.5625    0.1225    0.2012      1543
          4     0.9824    0.4137    0.5822      4049
          5     1.0000    1.0000    1.0000      1023
          6     0.9951    0.8766    0.9321       462
          7     1.0000    1.0000    1.0000       874

avg / total     0.8310    0.8571    0.8125     54924


             precision    recall  f1-score   support

          0     0.8504    0.9990    0.9187     42772
          1     0.4400    0.0071    0.0140      1546
          2     0.5458    0.0629    0.1128      2655
          3     0.6095    0.1082    0.1838      1543
          4     0.9671    0.4213    0.5870      4049
          5     1.0000    1.0000    1.0000      1023
          6     0.9951    0.8766    0.9321       462
          7     1.0000    1.0000    1.0000       874

avg / total     0.8323    0.8573    0.8121     54924


             precision    recall  f1-score   support

          0     0.8505    0.9990    0.9188     42772
          1     0.4211    0.0052    0.0102      1546
          2     0.5411    0.0644    0.1151      2655
          3     0.5781    0.1199    0.1986      1543
          4     0.9797    0.4164    0.5844      4049
          5     1.0000    1.0000    1.0000      1023
          6     0.9926    0.8766    0.9310       462
          7     1.0000    1.0000    1.0000       874

avg / total     0.8317    0.8572    0.8124     54924


             precision    recall  f1-score   support

          0     0.8505    0.9990    0.9188     42772
          1     0.4400    0.0071    0.0140      1546
          2     0.5399    0.0637    0.1139      2655
          3     0.5745    0.1225    0.2019      1543
          4     0.9825    0.4154    0.5839      4049
          5     1.0000    1.0000    1.0000      1023
          6     0.9951    0.8766    0.9321       462
          7     1.0000    1.0000    1.0000       874

avg / total     0.8323    0.8573    0.8125     54924

val_loss:0.460934818156,0.448492736516,0.445555977772,0.441346326561,0.439693087681,0.438091848722,0.442860681293,0.436203799942,0.439147915913,0.4458630325,0.43744895624,0.441437021663,0.430398079859,0.429177356022,0.429152834219,0.428953841618,0.428608025594,0.429396981948,0.429675971437,0.428627454137,0.428522100674,0.426973424919,0.427281954604,0.427065278046,0.426907933758,0.426880536328,0.426727659022,0.426542651752,0.426659958674,0.426577032075,0.426518855734,0.426454708153,0.426578323693,0.426655486099,0.426523276818,0.426479829746,0.426600968959,0.426359152987,0.426416979226,0.426534678892,0.426374290353,0.426425842972,0.426410468132,0.42639716356,0.426384974964,0.426313994492,0.42632110397,0.426175393097,0.426116493088,0.426252766346
loss:0.49218943344,0.455630533667,0.44951095954,0.447285037034,0.44372002259,0.440467508752,0.441527662286,0.438200963451,0.438022920339,0.438559418482,0.438839863473,0.43708067337,0.430140348769,0.428961738595,0.428709543607,0.428469795804,0.428008019739,0.427860547897,0.428128362263,0.428439335674,0.427667403285,0.425303813674,0.425077996766,0.425192794247,0.42537888313,0.42478832077,0.424866431561,0.424638932212,0.424572896051,0.42414110291,0.424048250791,0.424417004002,0.424441053877,0.424035685272,0.42399873629,0.423763201935,0.423952192719,0.424207628472,0.424186619551,0.423724529964,0.424016385569,0.424272552622,0.423350287475,0.423619102478,0.424097467816,0.423775066616,0.423458454836,0.423682044869,0.423520620509,0.423566342475
acc:0.845256592559,0.85290940636,0.85408069325,0.854299171446,0.855057777696,0.855986309548,0.855810312543,0.856581056443,0.856945187367,0.856951257161,0.856732777775,0.85697553163,0.858498810964,0.858717290144,0.858486673763,0.858656600305,0.858790116868,0.858796184862,0.858656602516,0.858699083215,0.858638395793,0.859172454501,0.859190659572,0.859178522371,0.85926348653,0.859233142034,0.859184588999,0.859117834786,0.859233141365,0.859324175261,0.859324173284,0.859178521048,0.859251349124,0.859354517509,0.859330242697,0.859154246632,0.859342381153,0.859409138437,0.859178522099,0.859488032721,0.85943948217,0.859421275953,0.859433413698,0.859457689723,0.859390931647,0.85951837727,0.859597274361,0.859657960299,0.859548722215,0.859554789747
lr:0.0515644,0.0515644,0.0515644,0.0515644,0.0515644,0.0515644,0.0515644,0.0515644,0.0515644,0.0515644,0.0515644,0.0515644,0.0103129,0.0103129,0.0103129,0.0103129,0.0103129,0.0103129,0.0103129,0.0103129,0.0103129,0.00206257,0.00206257,0.00206257,0.00206257,0.00206257,0.001,0.001,0.001,0.001,0.001,0.001,0.001,0.001,0.001,0.001,0.001,0.001,0.001,0.001,0.001,0.001,0.001,0.001,0.001,0.001,0.001,0.001,0.001,0.001
val_acc:0.847898913466,0.850994099741,0.852305001688,0.854107493549,0.854344184596,0.854580874784,0.854744737706,0.855837156425,0.855837157571,0.855163498635,0.85563687987,0.854526255911,0.856692885243,0.856838540919,0.856856747879,0.856656471324,0.856838540346,0.856656471324,0.856893162371,0.856911369331,0.856874955125,0.857093438353,0.856984196596,0.856984196596,0.857020610515,0.857257300703,0.857038817474,0.857057024148,0.857038817474,0.857129852272,0.85722088707,0.857184472864,0.857184472864,0.857166266191,0.857311920722,0.857093438067,0.857148058659,0.857166266191,0.857166265905,0.857075231394,0.857184472864,0.857148058945,0.857057024434,0.856911368471,0.857038817188,0.85711164474,0.857111645313,0.857257300703,0.85722088707,0.857257300416
