
             precision    recall  f1-score   support

          0     0.8445    0.9942    0.9133     42772
          1     0.0000    0.0000    0.0000      1546
          2     0.3543    0.0934    0.1478      2655
          3     0.5743    0.1128    0.1885      1543
          4     0.9832    0.4053    0.5740      4049
          5     0.9651    1.0000    0.9822      1023
          6     1.0000    0.0108    0.0214       462
          7     0.9988    0.9542    0.9760       874

avg / total     0.8057    0.8457    0.8000     54924


             precision    recall  f1-score   support

          0     0.8471    0.9989    0.9167     42772
          1     0.0000    0.0000    0.0000      1546
          2     0.5885    0.0576    0.1050      2655
          3     0.4788    0.1316    0.2064      1543
          4     0.9848    0.4006    0.5695      4049
          5     0.9660    1.0000    0.9827      1023
          6     1.0000    0.5563    0.7149       462
          7     1.0000    0.9577    0.9784       874

avg / total     0.8165    0.8525    0.8067     54924


             precision    recall  f1-score   support

          0     0.8469    0.9993    0.9168     42772
          1     0.0000    0.0000    0.0000      1546
          2     0.5859    0.0565    0.1031      2655
          3     0.5095    0.1218    0.1967      1543
          4     0.9714    0.4023    0.5690      4049
          5     0.9678    1.0000    0.9837      1023
          6     1.0000    0.5519    0.7113       462
          7     1.0000    0.9600    0.9796       874

avg / total     0.8161    0.8525    0.8063     54924


             precision    recall  f1-score   support

          0     0.8482    0.9989    0.9174     42772
          1     0.4922    0.0408    0.0753      1546
          2     0.6718    0.0331    0.0632      2655
          3     0.5136    0.1348    0.2136      1543
          4     0.9857    0.4075    0.5766      4049
          5     0.9687    0.9990    0.9836      1023
          6     0.9937    0.6775    0.8057       462
          7     0.9988    0.9611    0.9796       874

avg / total     0.8362    0.8541    0.8088     54924


             precision    recall  f1-score   support

          0     0.8487    0.9986    0.9176     42772
          1     0.0000    0.0000    0.0000      1546
          2     0.5502    0.0640    0.1147      2655
          3     0.5330    0.1205    0.1966      1543
          4     0.9723    0.4154    0.5821      4049
          5     0.9715    0.9990    0.9851      1023
          6     0.9935    0.6667    0.7979       462
          7     0.9988    0.9645    0.9814       874

avg / total     0.8165    0.8544    0.8092     54924


             precision    recall  f1-score   support

          0     0.8469    0.9991    0.9167     42772
          1     0.0000    0.0000    0.0000      1546
          2     0.5213    0.0644    0.1146      2655
          3     0.6269    0.1089    0.1855      1543
          4     0.9812    0.4134    0.5818      4049
          5     0.9733    0.9990    0.9860      1023
          6     1.0000    0.5736    0.7290       462
          7     0.9988    0.9668    0.9826       874

avg / total     0.8171    0.8535    0.8077     54924


             precision    recall  f1-score   support

          0     0.8492    0.9980    0.9176     42772
          1     0.0000    0.0000    0.0000      1546
          2     0.5369    0.0712    0.1257      2655
          3     0.5559    0.1257    0.2051      1543
          4     0.9584    0.4152    0.5794      4049
          5     0.9808    0.9990    0.9898      1023
          6     1.0000    0.6580    0.7937       462
          7     0.9988    0.9760    0.9873       874

avg / total     0.8161    0.8544    0.8099     54924


             precision    recall  f1-score   support

          0     0.8482    0.9984    0.9172     42772
          1     0.4286    0.0019    0.0039      1546
          2     0.5735    0.0603    0.1091      2655
          3     0.5738    0.1134    0.1894      1543
          4     0.9410    0.4179    0.5788      4049
          5     0.9827    0.9990    0.9908      1023
          6     1.0000    0.6364    0.7778       462
          7     0.9988    0.9794    0.9890       874

avg / total     0.8285    0.8540    0.8084     54924


             precision    recall  f1-score   support

          0     0.8485    0.9991    0.9177     42772
          1     0.5429    0.0123    0.0240      1546
          2     0.5575    0.0603    0.1088      2655
          3     0.6598    0.1043    0.1802      1543
          4     0.9652    0.4245    0.5897      4049
          5     0.9951    0.9990    0.9971      1023
          6     0.9968    0.6797    0.8082       462
          7     0.9989    0.9943    0.9966       874

avg / total     0.8355    0.8557    0.8103     54924


             precision    recall  f1-score   support

          0     0.8487    0.9990    0.9177     42772
          1     0.3125    0.0065    0.0127      1546
          2     0.5440    0.0629    0.1128      2655
          3     0.6429    0.1108    0.1891      1543
          4     0.9704    0.4216    0.5878      4049
          5     1.0000    0.9990    0.9995      1023
          6     0.9968    0.6797    0.8082       462
          7     0.9989    1.0000    0.9994       874

avg / total     0.8285    0.8556    0.8104     54924


             precision    recall  f1-score   support

          0     0.8490    0.9988    0.9179     42772
          1     0.4310    0.0162    0.0312      1546
          2     0.5694    0.0618    0.1115      2655
          3     0.6307    0.0985    0.1704      1543
          4     0.9600    0.4265    0.5906      4049
          5     0.9971    0.9990    0.9980      1023
          6     0.9938    0.6948    0.8178       462
          7     0.9989    0.9966    0.9977       874

avg / total     0.8322    0.8558    0.8107     54924


             precision    recall  f1-score   support

          0     0.8502    0.9984    0.9184     42772
          1     0.3594    0.0149    0.0286      1546
          2     0.5508    0.0734    0.1296      2655
          3     0.5852    0.1180    0.1963      1543
          4     0.9792    0.4181    0.5860      4049
          5     0.9990    0.9990    0.9990      1023
          6     0.9941    0.7273    0.8400       462
          7     0.9989    0.9989    0.9989       874

avg / total     0.8303    0.8563    0.8125     54924


             precision    recall  f1-score   support

          0     0.8501    0.9982    0.9182     42772
          1     0.4237    0.0162    0.0312      1546
          2     0.5228    0.0734    0.1288      2655
          3     0.6588    0.1089    0.1869      1543
          4     0.9689    0.4238    0.5897      4049
          5     1.0000    0.9980    0.9990      1023
          6     0.9914    0.7446    0.8504       462
          7     0.9989    1.0000    0.9994       874

avg / total     0.8320    0.8564    0.8126     54924


             precision    recall  f1-score   support

          0     0.8500    0.9983    0.9182     42772
          1     0.4776    0.0207    0.0397      1546
          2     0.5349    0.0693    0.1227      2655
          3     0.5595    0.1218    0.2001      1543
          4     0.9824    0.4129    0.5815      4049
          5     1.0000    0.9980    0.9990      1023
          6     0.9914    0.7446    0.8504       462
          7     0.9989    1.0000    0.9994       874

avg / total     0.8322    0.8560    0.8122     54924


             precision    recall  f1-score   support

          0     0.8505    0.9986    0.9186     42772
          1     0.4950    0.0323    0.0607      1546
          2     0.5844    0.0678    0.1215      2655
          3     0.6103    0.1147    0.1931      1543
          4     0.9737    0.4213    0.5882      4049
          5     1.0000    0.9980    0.9990      1023
          6     0.9916    0.7684    0.8659       462
          7     0.9989    1.0000    0.9994       874

avg / total     0.8363    0.8571    0.8135     54924


             precision    recall  f1-score   support

          0     0.8502    0.9983    0.9183     42772
          1     0.5172    0.0194    0.0374      1546
          2     0.5378    0.0697    0.1234      2655
          3     0.6227    0.1102    0.1872      1543
          4     0.9634    0.4231    0.5880      4049
          5     1.0000    0.9980    0.9990      1023
          6     0.9915    0.7532    0.8561       462
          7     0.9989    0.9989    0.9989       874

avg / total     0.8340    0.8565    0.8125     54924


             precision    recall  f1-score   support

          0     0.8505    0.9980    0.9184     42772
          1     0.5405    0.0259    0.0494      1546
          2     0.5506    0.0798    0.1395      2655
          3     0.5802    0.1218    0.2014      1543
          4     0.9824    0.4147    0.5832      4049
          5     1.0000    0.9980    0.9990      1023
          6     0.9914    0.7468    0.8519       462
          7     0.9989    0.9989    0.9989       874

avg / total     0.8358    0.8566    0.8137     54924


             precision    recall  f1-score   support

          0     0.8500    0.9985    0.9183     42772
          1     0.4754    0.0188    0.0361      1546
          2     0.5443    0.0670    0.1194      2655
          3     0.6459    0.1076    0.1844      1543
          4     0.9675    0.4260    0.5916      4049
          5     1.0000    0.9980    0.9990      1023
          6     0.9887    0.7597    0.8592       462
          7     0.9989    0.9989    0.9989       874

avg / total     0.8339    0.8567    0.8124     54924


             precision    recall  f1-score   support

          0     0.8504    0.9983    0.9184     42772
          1     0.5862    0.0110    0.0216      1546
          2     0.5356    0.0821    0.1424      2655
          3     0.6338    0.1167    0.1970      1543
          4     0.9770    0.4199    0.5873      4049
          5     1.0000    0.9980    0.9990      1023
          6     0.9806    0.7662    0.8603       462
          7     0.9989    0.9989    0.9989       874

avg / total     0.8373    0.8568    0.8133     54924


             precision    recall  f1-score   support

          0     0.8500    0.9988    0.9184     42772
          1     0.5143    0.0116    0.0228      1546
          2     0.5403    0.0682    0.1211      2655
          3     0.5935    0.1192    0.1986      1543
          4     0.9790    0.4149    0.5828      4049
          5     1.0000    0.9980    0.9990      1023
          6     0.9892    0.7965    0.8825       462
          7     0.9989    0.9989    0.9989       874

avg / total     0.8342    0.8566    0.8122     54924


             precision    recall  f1-score   support

          0     0.8503    0.9980    0.9182     42772
          1     0.5333    0.0362    0.0678      1546
          2     0.5833    0.0659    0.1184      2655
          3     0.6522    0.1167    0.1979      1543
          4     0.9647    0.4248    0.5898      4049
          5     1.0000    0.9980    0.9990      1023
          6     0.9890    0.7771    0.8703       462
          7     0.9989    0.9989    0.9989       874

avg / total     0.8376    0.8570    0.8136     54924


             precision    recall  f1-score   support

          0     0.8499    0.9986    0.9183     42772
          1     0.5568    0.0317    0.0600      1546
          2     0.5825    0.0652    0.1172      2655
          3     0.6816    0.0985    0.1721      1543
          4     0.9624    0.4295    0.5939      4049
          5     1.0000    0.9990    0.9995      1023
          6     0.9944    0.7727    0.8697       462
          7     0.9989    0.9989    0.9989       874

avg / total     0.8387    0.8571    0.8129     54924


             precision    recall  f1-score   support

          0     0.8512    0.9979    0.9187     42772
          1     0.5904    0.0317    0.0602      1546
          2     0.5520    0.0840    0.1458      2655
          3     0.6460    0.1147    0.1948      1543
          4     0.9737    0.4213    0.5882      4049
          5     1.0000    0.9980    0.9990      1023
          6     0.9891    0.7879    0.8771       462
          7     0.9989    0.9989    0.9989       874

avg / total     0.8389    0.8575    0.8149     54924


             precision    recall  f1-score   support

          0     0.8502    0.9987    0.9185     42772
          1     0.6327    0.0401    0.0754      1546
          2     0.5825    0.0678    0.1215      2655
          3     0.6393    0.1160    0.1964      1543
          4     0.9798    0.4194    0.5873      4049
          5     1.0000    0.9980    0.9990      1023
          6     0.9891    0.7835    0.8744       462
          7     0.9989    0.9989    0.9989       874

avg / total     0.8411    0.8574    0.8139     54924


             precision    recall  f1-score   support

          0     0.8499    0.9990    0.9184     42772
          1     0.6087    0.0272    0.0520      1546
          2     0.5925    0.0652    0.1174      2655
          3     0.6426    0.1154    0.1956      1543
          4     0.9738    0.4223    0.5891      4049
          5     1.0000    0.9980    0.9990      1023
          6     0.9889    0.7706    0.8662       462
          7     0.9989    0.9989    0.9989       874

avg / total     0.8403    0.8572    0.8131     54924


             precision    recall  f1-score   support

          0     0.8517    0.9975    0.9188     42772
          1     0.5897    0.0298    0.0567      1546
          2     0.5550    0.0893    0.1538      2655
          3     0.7046    0.1082    0.1876      1543
          4     0.9599    0.4315    0.5953      4049
          5     1.0000    0.9971    0.9985      1023
          6     0.9893    0.7987    0.8838       462
          7     0.9977    0.9989    0.9983       874

avg / total     0.8400    0.8579    0.8156     54924


             precision    recall  f1-score   support

          0     0.8504    0.9990    0.9187     42772
          1     0.6154    0.0362    0.0684      1546
          2     0.6029    0.0618    0.1121      2655
          3     0.6805    0.1173    0.2001      1543
          4     0.9752    0.4275    0.5944      4049
          5     1.0000    0.9980    0.9990      1023
          6     0.9894    0.8095    0.8905       462
          7     0.9989    0.9989    0.9989       874

avg / total     0.8425    0.8581    0.8142     54924


             precision    recall  f1-score   support

          0     0.8520    0.9968    0.9187     42772
          1     0.5210    0.0401    0.0745      1546
          2     0.5311    0.0900    0.1539      2655
          3     0.6496    0.1154    0.1959      1543
          4     0.9739    0.4233    0.5901      4049
          5     1.0000    0.9980    0.9990      1023
          6     0.9897    0.8290    0.9022       462
          7     0.9989    0.9989    0.9989       874

avg / total     0.8367    0.8576    0.8161     54924


             precision    recall  f1-score   support

          0     0.8522    0.9974    0.9191     42772
          1     0.6341    0.0336    0.0639      1546
          2     0.5441    0.0930    0.1589      2655
          3     0.6500    0.1180    0.1997      1543
          4     0.9750    0.4243    0.5913      4049
          5     1.0000    0.9980    0.9990      1023
          6     0.9897    0.8355    0.9061       462
          7     0.9989    0.9989    0.9989       874

avg / total     0.8408    0.8583    0.8166     54924


             precision    recall  f1-score   support

          0     0.8508    0.9985    0.9188     42772
          1     0.5529    0.0608    0.1096      1546
          2     0.6100    0.0595    0.1084      2655
          3     0.6489    0.1186    0.2005      1543
          4     0.9755    0.4228    0.5899      4049
          5     1.0000    0.9990    0.9995      1023
          6     0.9946    0.7944    0.8833       462
          7     0.9989    0.9989    0.9989       874

avg / total     0.8407    0.8578    0.8149     54924


             precision    recall  f1-score   support

          0     0.8516    0.9975    0.9188     42772
          1     0.7258    0.0291    0.0560      1546
          2     0.5374    0.0893    0.1531      2655
          3     0.6751    0.1037    0.1798      1543
          4     0.9644    0.4280    0.5929      4049
          5     1.0000    0.9980    0.9990      1023
          6     0.9846    0.8290    0.9001       462
          7     0.9989    0.9989    0.9989       874

avg / total     0.8424    0.8579    0.8153     54924


             precision    recall  f1-score   support

          0     0.8521    0.9976    0.9191     42772
          1     0.5941    0.0388    0.0729      1546
          2     0.5587    0.0896    0.1545      2655
          3     0.6642    0.1154    0.1966      1543
          4     0.9735    0.4263    0.5929      4049
          5     1.0000    0.9980    0.9990      1023
          6     0.9897    0.8312    0.9035       462
          7     0.9989    0.9989    0.9989       874

avg / total     0.8406    0.8584    0.8166     54924


             precision    recall  f1-score   support

          0     0.8513    0.9983    0.9189     42772
          1     0.6040    0.0395    0.0741      1546
          2     0.5891    0.0772    0.1365      2655
          3     0.6929    0.1141    0.1959      1543
          4     0.9731    0.4292    0.5957      4049
          5     1.0000    0.9980    0.9990      1023
          6     0.9894    0.8117    0.8918       462
          7     0.9989    0.9989    0.9989       874

avg / total     0.8424    0.8584    0.8157     54924


             precision    recall  f1-score   support

          0     0.8526    0.9970    0.9192     42772
          1     0.5849    0.0602    0.1091      1546
          2     0.5532    0.0881    0.1520      2655
          3     0.6679    0.1160    0.1977      1543
          4     0.9740    0.4263    0.5930      4049
          5     1.0000    0.9980    0.9990      1023
          6     0.9848    0.8420    0.9078       462
          7     0.9989    0.9989    0.9989       874

avg / total     0.8406    0.8586    0.8176     54924


             precision    recall  f1-score   support

          0     0.8510    0.9986    0.9189     42772
          1     0.7101    0.0317    0.0607      1546
          2     0.5777    0.0742    0.1315      2655
          3     0.6971    0.1089    0.1883      1543
          4     0.9678    0.4305    0.5959      4049
          5     1.0000    0.9990    0.9995      1023
          6     0.9922    0.8312    0.9046       462
          7     0.9989    0.9989    0.9989       874

avg / total     0.8444    0.8584    0.8150     54924


             precision    recall  f1-score   support

          0     0.8531    0.9967    0.9193     42772
          1     0.5300    0.0744    0.1305      1546
          2     0.5368    0.0825    0.1430      2655
          3     0.8182    0.0642    0.1190      1543
          4     0.9349    0.4431    0.6012      4049
          5     1.0000    0.9980    0.9990      1023
          6     0.9848    0.8420    0.9078       462
          7     0.9989    0.9989    0.9989       874

avg / total     0.8399    0.8583    0.8163     54924


             precision    recall  f1-score   support

          0     0.8517    0.9979    0.9191     42772
          1     0.5333    0.0517    0.0943      1546
          2     0.5753    0.0719    0.1279      2655
          3     0.7195    0.1147    0.1979      1543
          4     0.9716    0.4315    0.5976      4049
          5     1.0000    0.9971    0.9985      1023
          6     0.9897    0.8355    0.9061       462
          7     0.9977    0.9989    0.9983       874

avg / total     0.8408    0.8586    0.8163     54924


             precision    recall  f1-score   support

          0     0.8521    0.9974    0.9191     42772
          1     0.4811    0.0660    0.1160      1546
          2     0.5897    0.0693    0.1240      2655
          3     0.6808    0.1147    0.1963      1543
          4     0.9731    0.4292    0.5957      4049
          5     1.0000    0.9980    0.9990      1023
          6     0.9899    0.8463    0.9125       462
          7     0.9989    0.9989    0.9989       874

avg / total     0.8394    0.8584    0.8166     54924


             precision    recall  f1-score   support

          0     0.8522    0.9967    0.9188     42772
          1     0.6075    0.0420    0.0786      1546
          2     0.5548    0.0896    0.1543      2655
          3     0.7224    0.1147    0.1980      1543
          4     0.9706    0.4320    0.5978      4049
          5     1.0000    0.9980    0.9990      1023
          6     0.9412    0.8658    0.9019       462
          7     0.9989    0.9989    0.9989       874

avg / total     0.8419    0.8585    0.8169     54924


             precision    recall  f1-score   support

          0     0.8519    0.9975    0.9190     42772
          1     0.5449    0.0550    0.0999      1546
          2     0.5722    0.0761    0.1343      2655
          3     0.6914    0.1147    0.1968      1543
          4     0.9725    0.4278    0.5942      4049
          5     1.0000    0.9980    0.9990      1023
          6     0.9900    0.8615    0.9213       462
          7     0.9989    0.9989    0.9989       874

avg / total     0.8404    0.8585    0.8165     54924


             precision    recall  f1-score   support

          0     0.8521    0.9979    0.9193     42772
          1     0.6986    0.0330    0.0630      1546
          2     0.5655    0.0927    0.1592      2655
          3     0.7137    0.1147    0.1977      1543
          4     0.9770    0.4292    0.5964      4049
          5     1.0000    0.9980    0.9990      1023
          6     0.9900    0.8593    0.9200       462
          7     0.9989    0.9989    0.9989       874

avg / total     0.8455    0.8591    0.8171     54924


             precision    recall  f1-score   support

          0     0.8534    0.9963    0.9193     42772
          1     0.5080    0.0614    0.1096      1546
          2     0.5625    0.0983    0.1674      2655
          3     0.7063    0.1154    0.1983      1543
          4     0.9732    0.4302    0.5967      4049
          5     1.0000    0.9990    0.9995      1023
          6     0.9851    0.8571    0.9167       462
          7     0.9989    0.9989    0.9989       874

avg / total     0.8405    0.8590    0.8189     54924


             precision    recall  f1-score   support

          0     0.8527    0.9973    0.9194     42772
          1     0.5493    0.0505    0.0924      1546
          2     0.5851    0.0919    0.1589      2655
          3     0.6526    0.1205    0.2035      1543
          4     0.9784    0.4248    0.5924      4049
          5     1.0000    0.9990    0.9995      1023
          6     0.9900    0.8550    0.9175       462
          7     0.9989    0.9989    0.9989       874

avg / total     0.8411    0.8589    0.8179     54924


             precision    recall  f1-score   support

          0     0.8524    0.9972    0.9191     42772
          1     0.5809    0.0511    0.0939      1546
          2     0.5640    0.0896    0.1547      2655
          3     0.6996    0.1102    0.1904      1543
          4     0.9698    0.4290    0.5949      4049
          5     1.0000    0.9990    0.9995      1023
          6     0.9924    0.8485    0.9148       462
          7     0.9989    0.9989    0.9989       874

avg / total     0.8414    0.8587    0.8173     54924


             precision    recall  f1-score   support

          0     0.8524    0.9969    0.9190     42772
          1     0.5625    0.0524    0.0959      1546
          2     0.5672    0.0859    0.1492      2655
          3     0.6458    0.1134    0.1929      1543
          4     0.9678    0.4300    0.5954      4049
          5     1.0000    0.9990    0.9995      1023
          6     0.9897    0.8312    0.9035       462
          7     0.9989    0.9989    0.9989       874

avg / total     0.8394    0.8584    0.8170     54924


             precision    recall  f1-score   support

          0     0.8529    0.9972    0.9195     42772
          1     0.5169    0.0595    0.1067      1546
          2     0.5533    0.0840    0.1458      2655
          3     0.7458    0.1141    0.1979      1543
          4     0.9718    0.4342    0.6002      4049
          5     1.0000    0.9990    0.9995      1023
          6     0.9924    0.8485    0.9148       462
          7     0.9989    0.9989    0.9989       874

avg / total     0.8410    0.8592    0.8181     54924


             precision    recall  f1-score   support

          0     0.8537    0.9965    0.9196     42772
          1     0.6022    0.0705    0.1262      1546
          2     0.5693    0.0991    0.1688      2655
          3     0.7280    0.1180    0.2030      1543
          4     0.9729    0.4339    0.6002      4049
          5     1.0000    0.9990    0.9995      1023
          6     0.9875    0.8571    0.9177       462
          7     0.9989    0.9989    0.9989       874

avg / total     0.8443    0.8598    0.8200     54924


             precision    recall  f1-score   support

          0     0.8536    0.9970    0.9197     42772
          1     0.5808    0.0744    0.1319      1546
          2     0.5887    0.0938    0.1618      2655
          3     0.7490    0.1160    0.2009      1543
          4     0.9734    0.4334    0.5998      4049
          5     1.0000    0.9990    0.9995      1023
          6     0.9876    0.8636    0.9215       462
          7     0.9989    0.9989    0.9989       874

avg / total     0.8451    0.8600    0.8199     54924


             precision    recall  f1-score   support

          0     0.8544    0.9963    0.9199     42772
          1     0.5847    0.0692    0.1238      1546
          2     0.5688    0.1058    0.1785      2655
          3     0.7191    0.1244    0.2122      1543
          4     0.9723    0.4337    0.5998      4049
          5     1.0000    0.9990    0.9995      1023
          6     0.9926    0.8658    0.9249       462
          7     0.9989    0.9989    0.9989       874

avg / total     0.8440    0.8602    0.8209     54924


             precision    recall  f1-score   support

          0     0.8536    0.9967    0.9196     42772
          1     0.5673    0.0763    0.1345      1546
          2     0.5895    0.0930    0.1607      2655
          3     0.7218    0.1160    0.1999      1543
          4     0.9718    0.4339    0.6000      4049
          5     1.0000    0.9990    0.9995      1023
          6     0.9926    0.8680    0.9261       462
          7     0.9989    0.9989    0.9989       874

avg / total     0.8440    0.8599    0.8198     54924

val_loss:0.478164011818,0.45278500978,0.451803762145,0.441435011119,0.443716873445,0.443575562583,0.441518037723,0.442036269467,0.435098986625,0.432940757285,0.432805775463,0.431425845356,0.431130263391,0.430479927791,0.428807194339,0.429024992997,0.430012588364,0.42835884758,0.428478849589,0.427792715615,0.427140347557,0.427755643115,0.425957807891,0.426273491627,0.425493512031,0.425054262956,0.424262911895,0.424308560384,0.423354942139,0.425264401439,0.424486655851,0.42195854877,0.423138204814,0.421712322451,0.424197216369,0.421719354866,0.421456349355,0.421183242418,0.421828331056,0.420620636412,0.421248792621,0.419565821092,0.42202628389,0.419969481001,0.421149382921,0.419630350931,0.416652587803,0.416387523525,0.416265800154,0.4157570487
loss:0.523042880352,0.457106016235,0.449180894346,0.445548414388,0.442756207246,0.442751067414,0.440161644758,0.439260045333,0.434853525945,0.433412658243,0.430023704635,0.429213991881,0.428186458214,0.427419099653,0.426615724993,0.425829779562,0.425784518607,0.424914915038,0.424595192262,0.423766414688,0.424270690725,0.422929701348,0.422464194671,0.421786387395,0.421579741318,0.421023772889,0.420348905405,0.420107836066,0.419770922244,0.418994433374,0.419444107469,0.418760730016,0.418359781319,0.417717764752,0.417303244353,0.417305974568,0.416934366584,0.416364029156,0.416106153689,0.415864778122,0.415277778335,0.415336212396,0.414756226551,0.414191342272,0.414829138654,0.414771354466,0.410362253037,0.409318969536,0.409077325449,0.408759438138
acc:0.83916953954,0.852945817879,0.854584405308,0.85521556421,0.855767830336,0.855488660897,0.855864930391,0.856131960618,0.856872359792,0.857102977756,0.857667378837,0.857952617031,0.858341021767,0.858298537855,0.858547360502,0.8586566001,0.858450260146,0.859057144479,0.859075349694,0.859117831441,0.859069281729,0.859214933244,0.859324174089,0.859585134845,0.859809678481,0.85980968215,0.859931057921,0.859888575387,0.860301257071,0.860052435055,0.859985678365,0.860289119121,0.860386223934,0.860550080178,0.860568285764,0.860647181981,0.860823178599,0.86101738149,0.860914209971,0.860950622679,0.860829248972,0.861053794039,0.861314756243,0.861411855352,0.861211585256,0.861302614206,0.862073360502,0.862152256763,0.862479973321,0.862443559967
lr:0.0527547,0.0527547,0.0527547,0.0527547,0.0527547,0.0527547,0.0527547,0.0527547,0.0105509,0.0105509,0.0105509,0.0105509,0.0105509,0.0105509,0.0105509,0.0105509,0.0105509,0.0105509,0.0105509,0.0105509,0.0105509,0.0105509,0.0105509,0.0105509,0.0105509,0.0105509,0.0105509,0.0105509,0.0105509,0.0105509,0.0105509,0.0105509,0.0105509,0.0105509,0.0105509,0.0105509,0.0105509,0.0105509,0.0105509,0.0105509,0.0105509,0.0105509,0.0105509,0.0105509,0.0105509,0.0105509,0.00211019,0.00211019,0.00211019,0.00211019
val_acc:0.845677662986,0.852468866,0.852523487139,0.854089288612,0.854362393405,0.853524871981,0.854435219785,0.854016457718,0.855709709419,0.85560046714,0.85580074465,0.856255918101,0.856437987662,0.855964607165,0.857093437719,0.856456195611,0.856565436986,0.856674680167,0.856838540876,0.856583644033,0.857002401585,0.857148060664,0.857493990934,0.857384752267,0.857220887044,0.857949168899,0.858058408468,0.857621442967,0.858295097362,0.857821717768,0.857894546857,0.85842254759,0.858440751927,0.858586409201,0.858386137109,0.858258681464,0.858586407395,0.858404338737,0.858495373969,0.858495375775,0.859132619689,0.859005170365,0.858932341276,0.858732065572,0.858367926451,0.859169032879,0.859824484743,0.860042965687,0.860152208868,0.859860897029
