
             precision    recall  f1-score   support

          0     0.8449    0.9996    0.9158     42772
          1     0.0000    0.0000    0.0000      1546
          2     0.5907    0.0576    0.1050      2655
          3     0.5461    0.0959    0.1632      1543
          4     0.9645    0.4095    0.5749      4049
          5     0.9694    0.9912    0.9802      1023
          6     1.0000    0.3745    0.5449       462
          7     0.9894    0.9634    0.9762       874

avg / total     0.8152    0.8511    0.8036     54924


             precision    recall  f1-score   support

          0     0.8471    0.9996    0.9171     42772
          1     0.0000    0.0000    0.0000      1546
          2     0.5907    0.0576    0.1050      2655
          3     0.5000    0.1218    0.1959      1543
          4     0.9888    0.3942    0.5637      4049
          5     0.9669    1.0000    0.9832      1023
          6     0.9934    0.6558    0.7901       462
          7     1.0000    0.9600    0.9796       874

avg / total     0.8175    0.8531    0.8068     54924


             precision    recall  f1-score   support

          0     0.8481    0.9989    0.9173     42772
          1     0.5000    0.0026    0.0051      1546
          2     0.5878    0.0580    0.1056      2655
          3     0.7297    0.0350    0.0668      1543
          4     0.8975    0.4433    0.5935      4049
          5     0.9837    1.0000    0.9918      1023
          6     0.9935    0.6580    0.7917       462
          7     1.0000    0.9794    0.9896       874

avg / total     0.8322    0.8542    0.8061     54924


             precision    recall  f1-score   support

          0     0.8484    0.9982    0.9172     42772
          1     0.5000    0.0026    0.0051      1546
          2     0.5663    0.0595    0.1077      2655
          3     0.7297    0.0350    0.0668      1543
          4     0.8821    0.4436    0.5903      4049
          5     0.9980    1.0000    0.9990      1023
          6     0.9935    0.6580    0.7917       462
          7     1.0000    0.9977    0.9989       874

avg / total     0.8305    0.8540    0.8062     54924


             precision    recall  f1-score   support

          0     0.8480    0.9994    0.9175     42772
          1     0.4444    0.0052    0.0102      1546
          2     0.5769    0.0565    0.1029      2655
          3     0.5013    0.1257    0.2010      1543
          4     0.9883    0.3974    0.5668      4049
          5     1.0000    0.9980    0.9990      1023
          6     0.9938    0.6970    0.8193       462
          7     0.9977    0.9989    0.9983       874

avg / total     0.8306    0.8544    0.8086     54924


             precision    recall  f1-score   support

          0     0.8489    0.9984    0.9176     42772
          1     0.0000    0.0000    0.0000      1546
          2     0.5394    0.0644    0.1151      2655
          3     0.5355    0.1173    0.1925      1543
          4     0.9597    0.4112    0.5757      4049
          5     1.0000    0.9990    0.9995      1023
          6     1.0000    0.7165    0.8348       462
          7     0.9989    1.0000    0.9994       874

avg / total     0.8159    0.8548    0.8095     54924


             precision    recall  f1-score   support

          0     0.8490    0.9984    0.9176     42772
          1     0.2500    0.0006    0.0013      1546
          2     0.5260    0.0610    0.1093      2655
          3     0.5678    0.1167    0.1935      1543
          4     0.9601    0.4159    0.5804      4049
          5     0.9706    1.0000    0.9851      1023
          6     0.9738    0.7251    0.8313       462
          7     1.0000    0.9645    0.9819       874

avg / total     0.8225    0.8545    0.8091     54924


             precision    recall  f1-score   support

          0     0.8491    0.9987    0.9178     42772
          1     0.5000    0.0006    0.0013      1546
          2     0.5658    0.0599    0.1083      2655
          3     0.5012    0.1342    0.2117      1543
          4     0.9850    0.4068    0.5758      4049
          5     1.0000    0.9941    0.9971      1023
          6     0.9943    0.7511    0.8557       462
          7     0.9932    1.0000    0.9966       874

avg / total     0.8321    0.8551    0.8100     54924


             precision    recall  f1-score   support

          0     0.8487    0.9982    0.9174     42772
          1     0.6364    0.0045    0.0090      1546
          2     0.5570    0.0644    0.1155      2655
          3     0.6409    0.0914    0.1600      1543
          4     0.9224    0.4287    0.5854      4049
          5     0.9990    0.9990    0.9990      1023
          6     1.0000    0.6450    0.7842       462
          7     0.9989    0.9989    0.9989       874

avg / total     0.8347    0.8547    0.8090     54924


             precision    recall  f1-score   support

          0     0.8491    0.9992    0.9180     42772
          1     0.0000    0.0000    0.0000      1546
          2     0.5575    0.0712    0.1263      2655
          3     0.5764    0.1173    0.1949      1543
          4     0.9833    0.4082    0.5770      4049
          5     0.9990    0.9941    0.9966      1023
          6     0.9972    0.7771    0.8735       462
          7     0.9932    0.9989    0.9960       874

avg / total     0.8197    0.8559    0.8108     54924


             precision    recall  f1-score   support

          0     0.8491    0.9992    0.9181     42772
          1     0.4848    0.0103    0.0203      1546
          2     0.5913    0.0561    0.1025      2655
          3     0.5590    0.1167    0.1930      1543
          4     0.9754    0.4120    0.5793      4049
          5     0.9990    1.0000    0.9995      1023
          6     0.9682    0.7900    0.8701       462
          7     1.0000    0.9989    0.9994       874

avg / total     0.8338    0.8560    0.8104     54924


             precision    recall  f1-score   support

          0     0.8503    0.9981    0.9183     42772
          1     0.3889    0.0045    0.0090      1546
          2     0.4988    0.0753    0.1309      2655
          3     0.5532    0.1180    0.1944      1543
          4     0.9816    0.4090    0.5774      4049
          5     1.0000    0.9980    0.9990      1023
          6     0.9922    0.8268    0.9020       462
          7     0.9977    1.0000    0.9989       874

avg / total     0.8280    0.8560    0.8118     54924


             precision    recall  f1-score   support

          0     0.8493    0.9992    0.9182     42772
          1     0.5263    0.0065    0.0128      1546
          2     0.5907    0.0576    0.1050      2655
          3     0.7184    0.0480    0.0899      1543
          4     0.9128    0.4396    0.5934      4049
          5     0.9651    0.9990    0.9817      1023
          6     0.9947    0.8139    0.8952       462
          7     0.9988    0.9542    0.9760       874

avg / total     0.8345    0.8555    0.8081     54924


             precision    recall  f1-score   support

          0     0.8494    0.9995    0.9183     42772
          1     0.8182    0.0058    0.0116      1546
          2     0.5885    0.0576    0.1050      2655
          3     0.6202    0.1037    0.1777      1543
          4     0.9613    0.4231    0.5875      4049
          5     0.9990    0.9990    0.9990      1023
          6     0.9948    0.8312    0.9057       462
          7     0.9989    0.9977    0.9983       874

avg / total     0.8441    0.8569    0.8110     54924


             precision    recall  f1-score   support

          0     0.8508    0.9973    0.9183     42772
          1     0.3913    0.0582    0.1014      1546
          2     0.5879    0.0441    0.0820      2655
          3     0.5597    0.1154    0.1913      1543
          4     0.9647    0.4184    0.5836      4049
          5     0.9990    0.9990    0.9990      1023
          6     0.9949    0.8377    0.9095       462
          7     0.9989    0.9989    0.9989       874

avg / total     0.8317    0.8560    0.8125     54924


             precision    recall  f1-score   support

          0     0.8495    0.9992    0.9183     42772
          1     0.5758    0.0123    0.0241      1546
          2     0.5843    0.0561    0.1024      2655
          3     0.5518    0.1173    0.1935      1543
          4     0.9660    0.4137    0.5793      4049
          5     0.9990    0.9668    0.9826      1023
          6     0.9946    0.7944    0.8833       462
          7     0.9625    0.9989    0.9803       874

avg / total     0.8350    0.8555    0.8102     54924


             precision    recall  f1-score   support

          0     0.8493    0.9992    0.9182     42772
          1     0.4167    0.0712    0.1215      1546
          2     1.0000    0.0004    0.0008      2655
          3     0.6842    0.0506    0.0941      1543
          4     0.9130    0.4379    0.5919      4049
          5     0.9990    0.9990    0.9990      1023
          6     0.9922    0.8225    0.8994       462
          7     0.9989    0.9989    0.9989       874

avg / total     0.8508    0.8553    0.8068     54924


             precision    recall  f1-score   support

          0     0.8496    0.9994    0.9184     42772
          1     0.6250    0.0065    0.0128      1546
          2     0.5495    0.0606    0.1092      2655
          3     0.5497    0.1218    0.1995      1543
          4     0.9828    0.4085    0.5771      4049
          5     0.9961    1.0000    0.9980      1023
          6     0.9947    0.8160    0.8966       462
          7     1.0000    0.9954    0.9977       874

avg / total     0.8365    0.8563    0.8110     54924


             precision    recall  f1-score   support

          0     0.8488    0.9996    0.9180     42772
          1     0.7143    0.0032    0.0064      1546
          2     0.5930    0.0576    0.1050      2655
          3     0.5613    0.1186    0.1958      1543
          4     0.9800    0.4112    0.5793      4049
          5     0.9990    1.0000    0.9995      1023
          6     0.9945    0.7879    0.8792       462
          7     1.0000    0.9989    0.9994       874

avg / total     0.8406    0.8561    0.8103     54924


             precision    recall  f1-score   support

          0     0.8494    0.9996    0.9184     42772
          1     0.5714    0.0026    0.0052      1546
          2     0.5891    0.0573    0.1044      2655
          3     0.5512    0.1186    0.1952      1543
          4     0.9782    0.4102    0.5780      4049
          5     0.9990    0.9990    0.9990      1023
          6     0.9950    0.8571    0.9209       462
          7     0.9989    0.9989    0.9989       874

avg / total     0.8365    0.8565    0.8107     54924


             precision    recall  f1-score   support

          0     0.8495    0.9996    0.9184     42772
          1     0.5833    0.0045    0.0090      1546
          2     0.5929    0.0565    0.1032      2655
          3     0.6210    0.0998    0.1720      1543
          4     0.9597    0.4238    0.5880      4049
          5     0.9990    0.9990    0.9990      1023
          6     0.9949    0.8528    0.9184       462
          7     0.9989    0.9989    0.9989       874

avg / total     0.8377    0.8570    0.8109     54924


             precision    recall  f1-score   support

          0     0.8496    0.9991    0.9183     42772
          1     0.5455    0.0039    0.0077      1546
          2     0.5906    0.0565    0.1031      2655
          3     0.5199    0.1186    0.1931      1543
          4     0.9737    0.4117    0.5787      4049
          5     0.9990    0.9990    0.9990      1023
          6     0.9950    0.8615    0.9234       462
          7     0.9989    0.9989    0.9989       874

avg / total     0.8348    0.8563    0.8107     54924


             precision    recall  f1-score   support

          0     0.8497    0.9996    0.9186     42772
          1     0.5714    0.0078    0.0153      1546
          2     0.5929    0.0565    0.1032      2655
          3     0.5516    0.1212    0.1987      1543
          4     0.9811    0.4095    0.5778      4049
          5     0.9990    0.9990    0.9990      1023
          6     0.9951    0.8788    0.9333       462
          7     0.9989    0.9989    0.9989       874

avg / total     0.8371    0.8568    0.8113     54924


             precision    recall  f1-score   support

          0     0.8495    0.9996    0.9184     42772
          1     0.6875    0.0071    0.0141      1546
          2     0.5929    0.0565    0.1032      2655
          3     0.6100    0.1024    0.1754      1543
          4     0.9638    0.4208    0.5859      4049
          5     0.9990    1.0000    0.9995      1023
          6     0.9950    0.8615    0.9234       462
          7     1.0000    0.9989    0.9994       874

avg / total     0.8406    0.8570    0.8110     54924


             precision    recall  f1-score   support

          0     0.8498    0.9995    0.9186     42772
          1     0.5000    0.0045    0.0090      1546
          2     0.5808    0.0569    0.1036      2655
          3     0.5414    0.1186    0.1946      1543
          4     0.9777    0.4115    0.5792      4049
          5     0.9990    1.0000    0.9995      1023
          6     0.9950    0.8701    0.9284       462
          7     1.0000    0.9989    0.9994       874

avg / total     0.8341    0.8568    0.8111     54924


             precision    recall  f1-score   support

          0     0.8497    0.9996    0.9186     42772
          1     0.5789    0.0071    0.0141      1546
          2     0.5929    0.0565    0.1032      2655
          3     0.5985    0.1063    0.1805      1543
          4     0.9681    0.4204    0.5862      4049
          5     0.9990    0.9990    0.9990      1023
          6     0.9951    0.8723    0.9296       462
          7     0.9989    0.9989    0.9989       874

avg / total     0.8377    0.8572    0.8113     54924


             precision    recall  f1-score   support

          0     0.8496    0.9996    0.9185     42772
          1     0.6875    0.0071    0.0141      1546
          2     0.5906    0.0565    0.1031      2655
          3     0.5446    0.1186    0.1948      1543
          4     0.9799    0.4102    0.5783      4049
          5     1.0000    0.9990    0.9995      1023
          6     0.9950    0.8701    0.9284       462
          7     0.9989    1.0000    0.9994       874

avg / total     0.8400    0.8568    0.8111     54924


             precision    recall  f1-score   support

          0     0.8502    0.9994    0.9188     42772
          1     0.6957    0.0103    0.0204      1546
          2     0.5685    0.0625    0.1127      2655
          3     0.6483    0.0992    0.1720      1543
          4     0.9610    0.4263    0.5906      4049
          5     0.9990    1.0000    0.9995      1023
          6     0.9926    0.8701    0.9273       462
          7     1.0000    0.9989    0.9994       874

avg / total     0.8411    0.8576    0.8122     54924


             precision    recall  f1-score   support

          0     0.8497    0.9995    0.9185     42772
          1     0.5660    0.0194    0.0375      1546
          2     0.5774    0.0520    0.0954      2655
          3     0.6777    0.0927    0.1631      1543
          4     0.9559    0.4283    0.5915      4049
          5     0.9990    0.9990    0.9990      1023
          6     0.9950    0.8571    0.9209       462
          7     0.9989    0.9989    0.9989       874

avg / total     0.8379    0.8573    0.8114     54924


             precision    recall  f1-score   support

          0     0.8497    0.9996    0.9186     42772
          1     0.5385    0.0045    0.0090      1546
          2     0.5913    0.0561    0.1025      2655
          3     0.5545    0.1186    0.1954      1543
          4     0.9783    0.4127    0.5805      4049
          5     0.9990    1.0000    0.9995      1023
          6     0.9926    0.8680    0.9261       462
          7     1.0000    0.9989    0.9994       874

avg / total     0.8360    0.8569    0.8111     54924


             precision    recall  f1-score   support

          0     0.8507    0.9989    0.9188     42772
          1     0.5789    0.0142    0.0278      1546
          2     0.5644    0.0644    0.1156      2655
          3     0.5562    0.1186    0.1955      1543
          4     0.9681    0.4122    0.5782      4049
          5     0.9990    1.0000    0.9995      1023
          6     0.9927    0.8788    0.9323       462
          7     1.0000    0.9989    0.9994       874

avg / total     0.8359    0.8570    0.8124     54924


             precision    recall  f1-score   support

          0     0.8499    0.9994    0.9187     42772
          1     0.4603    0.0375    0.0694      1546
          2     0.5434    0.0354    0.0665      2655
          3     0.5466    0.1141    0.1887      1543
          4     0.9755    0.4129    0.5803      4049
          5     0.9990    0.9990    0.9990      1023
          6     0.9950    0.8550    0.9197       462
          7     0.9989    0.9989    0.9989       874

avg / total     0.8313    0.8564    0.8109     54924


             precision    recall  f1-score   support

          0     0.8502    0.9995    0.9188     42772
          1     0.5682    0.0162    0.0314      1546
          2     0.5889    0.0561    0.1025      2655
          3     0.5361    0.1154    0.1899      1543
          4     0.9754    0.4117    0.5790      4049
          5     0.9990    0.9990    0.9990      1023
          6     0.9950    0.8658    0.9259       462
          7     0.9989    0.9989    0.9989       874

avg / total     0.8364    0.8569    0.8117     54924


             precision    recall  f1-score   support

          0     0.8509    0.9993    0.9191     42772
          1     0.6471    0.0142    0.0278      1546
          2     0.5601    0.0667    0.1192      2655
          3     0.5705    0.1180    0.1955      1543
          4     0.9785    0.4159    0.5837      4049
          5     0.9990    0.9990    0.9990      1023
          6     0.9951    0.8766    0.9321       462
          7     0.9989    0.9989    0.9989       874

avg / total     0.8390    0.8576    0.8132     54924


             precision    recall  f1-score   support

          0     0.8509    0.9991    0.9191     42772
          1     0.6154    0.0103    0.0204      1546
          2     0.5566    0.0685    0.1221      2655
          3     0.5923    0.1102    0.1858      1543
          4     0.9704    0.4206    0.5868      4049
          5     0.9990    0.9990    0.9990      1023
          6     0.9926    0.8745    0.9298       462
          7     0.9989    0.9989    0.9989       874

avg / total     0.8379    0.8576    0.8130     54924


             precision    recall  f1-score   support

          0     0.8510    0.9991    0.9191     42772
          1     0.5714    0.0103    0.0203      1546
          2     0.5545    0.0689    0.1226      2655
          3     0.6050    0.1102    0.1864      1543
          4     0.9705    0.4221    0.5883      4049
          5     0.9990    0.9990    0.9990      1023
          6     0.9927    0.8810    0.9335       462
          7     0.9989    0.9989    0.9989       874

avg / total     0.8370    0.8578    0.8132     54924


             precision    recall  f1-score   support

          0     0.8510    0.9990    0.9191     42772
          1     0.5714    0.0103    0.0203      1546
          2     0.5503    0.0701    0.1243      2655
          3     0.5876    0.1108    0.1865      1543
          4     0.9703    0.4199    0.5861      4049
          5     0.9990    0.9990    0.9990      1023
          6     0.9926    0.8766    0.9310       462
          7     0.9989    0.9989    0.9989       874

avg / total     0.8363    0.8576    0.8131     54924


             precision    recall  f1-score   support

          0     0.8508    0.9992    0.9191     42772
          1     0.6957    0.0103    0.0204      1546
          2     0.5660    0.0678    0.1211      2655
          3     0.5529    0.1186    0.1953      1543
          4     0.9784    0.4137    0.5815      4049
          5     0.9990    0.9990    0.9990      1023
          6     0.9927    0.8788    0.9323       462
          7     0.9989    0.9989    0.9989       874

avg / total     0.8400    0.8574    0.8128     54924


             precision    recall  f1-score   support

          0     0.8509    0.9992    0.9191     42772
          1     0.6667    0.0103    0.0204      1546
          2     0.5566    0.0685    0.1221      2655
          3     0.5876    0.1108    0.1865      1543
          4     0.9703    0.4199    0.5861      4049
          5     0.9990    0.9990    0.9990      1023
          6     0.9927    0.8810    0.9335       462
          7     0.9989    0.9989    0.9989       874

avg / total     0.8392    0.8577    0.8130     54924


             precision    recall  f1-score   support

          0     0.8510    0.9992    0.9191     42772
          1     0.6154    0.0103    0.0204      1546
          2     0.5566    0.0685    0.1221      2655
          3     0.5958    0.1108    0.1869      1543
          4     0.9704    0.4206    0.5868      4049
          5     0.9990    1.0000    0.9995      1023
          6     0.9927    0.8831    0.9347       462
          7     1.0000    0.9989    0.9994       874

avg / total     0.8381    0.8578    0.8131     54924


             precision    recall  f1-score   support

          0     0.8510    0.9991    0.9191     42772
          1     0.5714    0.0103    0.0203      1546
          2     0.5566    0.0685    0.1221      2655
          3     0.5979    0.1108    0.1870      1543
          4     0.9704    0.4211    0.5873      4049
          5     0.9990    1.0000    0.9995      1023
          6     0.9927    0.8810    0.9335       462
          7     1.0000    0.9989    0.9994       874

avg / total     0.8369    0.8577    0.8131     54924


             precision    recall  f1-score   support

          0     0.8509    0.9991    0.9191     42772
          1     0.5926    0.0103    0.0203      1546
          2     0.5566    0.0685    0.1221      2655
          3     0.5979    0.1108    0.1870      1543
          4     0.9704    0.4211    0.5873      4049
          5     0.9990    1.0000    0.9995      1023
          6     0.9927    0.8788    0.9323       462
          7     1.0000    0.9989    0.9994       874

avg / total     0.8375    0.8577    0.8131     54924


             precision    recall  f1-score   support

          0     0.8510    0.9991    0.9191     42772
          1     0.5714    0.0103    0.0203      1546
          2     0.5566    0.0685    0.1221      2655
          3     0.5979    0.1108    0.1870      1543
          4     0.9704    0.4211    0.5873      4049
          5     0.9990    1.0000    0.9995      1023
          6     0.9927    0.8810    0.9335       462
          7     1.0000    0.9989    0.9994       874

avg / total     0.8369    0.8577    0.8131     54924


             precision    recall  f1-score   support

          0     0.8510    0.9991    0.9191     42772
          1     0.5714    0.0103    0.0203      1546
          2     0.5566    0.0685    0.1221      2655
          3     0.6064    0.1108    0.1874      1543
          4     0.9705    0.4221    0.5883      4049
          5     0.9990    1.0000    0.9995      1023
          6     0.9927    0.8831    0.9347       462
          7     1.0000    0.9989    0.9994       874

avg / total     0.8371    0.8578    0.8132     54924


             precision    recall  f1-score   support

          0     0.8510    0.9991    0.9191     42772
          1     0.6250    0.0129    0.0253      1546
          2     0.5566    0.0685    0.1221      2655
          3     0.6050    0.1102    0.1864      1543
          4     0.9699    0.4221    0.5882      4049
          5     0.9990    0.9990    0.9990      1023
          6     0.9927    0.8831    0.9347       462
          7     0.9989    0.9989    0.9989       874

avg / total     0.8386    0.8579    0.8134     54924


             precision    recall  f1-score   support

          0     0.8509    0.9991    0.9191     42772
          1     0.5714    0.0103    0.0203      1546
          2     0.5549    0.0685    0.1220      2655
          3     0.6042    0.1108    0.1873      1543
          4     0.9704    0.4216    0.5878      4049
          5     0.9990    0.9990    0.9990      1023
          6     0.9951    0.8810    0.9346       462
          7     0.9989    0.9989    0.9989       874

avg / total     0.8370    0.8578    0.8132     54924


             precision    recall  f1-score   support

          0     0.8510    0.9991    0.9191     42772
          1     0.5714    0.0103    0.0203      1546
          2     0.5579    0.0689    0.1227      2655
          3     0.5876    0.1108    0.1865      1543
          4     0.9703    0.4199    0.5861      4049
          5     0.9990    0.9990    0.9990      1023
          6     0.9927    0.8831    0.9347       462
          7     0.9989    0.9989    0.9989       874

avg / total     0.8367    0.8577    0.8131     54924


             precision    recall  f1-score   support

          0     0.8510    0.9991    0.9191     42772
          1     0.6667    0.0103    0.0204      1546
          2     0.5522    0.0697    0.1237      2655
          3     0.5979    0.1108    0.1870      1543
          4     0.9704    0.4211    0.5873      4049
          5     0.9990    1.0000    0.9995      1023
          6     0.9927    0.8788    0.9323       462
          7     1.0000    0.9989    0.9994       874

avg / total     0.8394    0.8578    0.8132     54924


             precision    recall  f1-score   support

          0     0.8509    0.9991    0.9191     42772
          1     0.5926    0.0103    0.0203      1546
          2     0.5562    0.0689    0.1227      2655
          3     0.5876    0.1108    0.1865      1543
          4     0.9703    0.4199    0.5861      4049
          5     0.9990    1.0000    0.9995      1023
          6     0.9926    0.8766    0.9310       462
          7     1.0000    0.9989    0.9994       874

avg / total     0.8371    0.8576    0.8130     54924


             precision    recall  f1-score   support

          0     0.8510    0.9991    0.9191     42772
          1     0.5926    0.0103    0.0203      1546
          2     0.5579    0.0689    0.1227      2655
          3     0.5979    0.1108    0.1870      1543
          4     0.9698    0.4208    0.5870      4049
          5     0.9990    0.9990    0.9990      1023
          6     0.9927    0.8788    0.9323       462
          7     0.9989    0.9989    0.9989       874

avg / total     0.8375    0.8577    0.8131     54924

acc:0.845675341005,0.853746905644,0.854717918615,0.855270185641,0.855658591109,0.855913481148,0.856338301909,0.856793465175,0.856902704668,0.85687843004,0.857291109557,0.857558138953,0.857357867124,0.856963391746,0.857539932028,0.857139389376,0.857558139442,0.857157596692,0.857224353191,0.858383503308,0.858699082706,0.858765841057,0.858990387664,0.858784047323,0.858881147485,0.858905422246,0.858996457716,0.858893286122,0.858929698074,0.859020730518,0.859312036277,0.859136039698,0.859214934413,0.859378793488,0.859591203659,0.859397000475,0.859500171233,0.859372724415,0.859761129411,0.859469824328,0.85971864835,0.859755061272,0.85973078694,0.859585132244,0.859627615255,0.859785405578,0.859597272205,0.859591203337,0.859718649409,0.859676165969
val_loss:0.456742529989,0.445894134293,0.443710937978,0.442136407554,0.439656706869,0.437741117142,0.437911676717,0.436314745484,0.439189977476,0.437383343746,0.434601946188,0.434449589096,0.441028249667,0.432378229983,0.431311420683,0.43470840951,0.434065834711,0.433568412645,0.433459564144,0.429232604815,0.429427930044,0.429879604674,0.429375528534,0.429021368543,0.428290801592,0.428471195195,0.428433799028,0.427997724265,0.42771726265,0.428399579483,0.428614221113,0.428676570027,0.428391890119,0.426610013331,0.42668748524,0.426805704129,0.426774134805,0.427002426327,0.426576771153,0.426416777072,0.426390328174,0.426482966688,0.426439359232,0.426346021805,0.426209801141,0.426251862473,0.426263821026,0.426237535029,0.4263077016,0.426352855071
loss:0.495326971418,0.452789861331,0.44689253998,0.443568985318,0.440592560822,0.440757409321,0.438438034636,0.437932867758,0.437756701591,0.436431334048,0.435647473188,0.43482906704,0.435235684952,0.436908207456,0.435303607696,0.434591701816,0.434913256067,0.435317755592,0.435519121868,0.429984797518,0.428055046788,0.427867654026,0.427628094006,0.427496341689,0.427276646196,0.427024474517,0.426429373068,0.426697308251,0.426351799378,0.426679413361,0.426210323665,0.426014462411,0.426019546622,0.4253343347,0.424474243297,0.424788817813,0.424593507775,0.424260769853,0.42372674025,0.424499273873,0.423981816877,0.423576014915,0.423501130003,0.423472146599,0.423723191194,0.423687882666,0.423662892054,0.423499164784,0.423769076099,0.423659089959
val_acc:0.851066930692,0.853142524128,0.854162114558,0.853998250793,0.854362392637,0.854781152368,0.854471632579,0.855145291211,0.854726530534,0.855891776861,0.855964606214,0.85598281244,0.855491222661,0.85687495506,0.856037434747,0.855545844148,0.855272740883,0.85627412253,0.856073847103,0.856547227878,0.856984196296,0.856328744711,0.856838540273,0.857020610736,0.856765712782,0.857166267802,0.856783919481,0.857621442572,0.857293716432,0.856856747319,0.857020610389,0.856419779943,0.856929575504,0.857639648229,0.857639647535,0.857785302864,0.857621439446,0.857439370025,0.857694267979,0.857767096165,0.857748889118,0.857748889466,0.857748889118,0.857839924003,0.857876337748,0.857767096165,0.857676060933,0.857767097206,0.857639647882,0.857730682766
lr:0.0519392,0.0519392,0.0519392,0.0519392,0.0519392,0.0519392,0.0519392,0.0519392,0.0519392,0.0519392,0.0519392,0.0519392,0.0519392,0.0519392,0.0519392,0.0519392,0.0519392,0.0519392,0.0519392,0.0103878,0.0103878,0.0103878,0.0103878,0.0103878,0.0103878,0.0103878,0.0103878,0.0103878,0.0103878,0.0103878,0.0103878,0.0103878,0.0103878,0.00207757,0.00207757,0.00207757,0.00207757,0.00207757,0.001,0.001,0.001,0.001,0.001,0.001,0.001,0.001,0.001,0.001,0.001,0.001
