
             precision    recall  f1-score   support

          0     0.8432    0.9982    0.9142     42772
          1     0.4455    0.0317    0.0592      1546
          2     0.6174    0.0347    0.0656      2655
          3     0.5054    0.1218    0.1963      1543
          4     0.9265    0.4045    0.5632      4049
          5     0.9651    1.0000    0.9822      1023
          6     0.0000    0.0000    0.0000       462
          7     0.9988    0.9519    0.9748       874

avg / total     0.8154    0.8469    0.7976     54924


             precision    recall  f1-score   support

          0     0.8455    0.9993    0.9159     42772
          1     0.0000    0.0000    0.0000      1546
          2     0.5891    0.0573    0.1044      2655
          3     0.5724    0.1128    0.1884      1543
          4     0.9669    0.4117    0.5775      4049
          5     0.9678    0.9980    0.9827      1023
          6     1.0000    0.4177    0.5893       462
          7     0.9964    0.9554    0.9755       874

avg / total     0.8165    0.8518    0.8050     54924


             precision    recall  f1-score   support

          0     0.8467    0.9989    0.9166     42772
          1     0.4483    0.0084    0.0165      1546
          2     0.5957    0.0516    0.0950      2655
          3     0.6642    0.0577    0.1061      1543
          4     0.9105    0.4347    0.5884      4049
          5     0.9669    1.0000    0.9832      1023
          6     1.0000    0.5152    0.6800       462
          7     0.9976    0.9588    0.9778       874

avg / total     0.8289    0.8525    0.8048     54924


             precision    recall  f1-score   support

          0     0.8480    0.9995    0.9175     42772
          1     0.0000    0.0000    0.0000      1546
          2     0.5599    0.0599    0.1082      2655
          3     0.5714    0.1167    0.1938      1543
          4     0.9762    0.4152    0.5826      4049
          5     0.9687    0.9990    0.9836      1023
          6     0.9932    0.6277    0.7692       462
          7     0.9976    0.9611    0.9790       874

avg / total     0.8177    0.8543    0.8085     54924


             precision    recall  f1-score   support

          0     0.8479    0.9991    0.9173     42772
          1     0.3704    0.0065    0.0127      1546
          2     0.5945    0.0569    0.1038      2655
          3     0.5316    0.1199    0.1957      1543
          4     0.9690    0.4095    0.5757      4049
          5     0.9669    1.0000    0.9832      1023
          6     0.9931    0.6234    0.7660       462
          7     1.0000    0.9588    0.9790       874

avg / total     0.8281    0.8537    0.8080     54924


             precision    recall  f1-score   support

          0     0.8487    0.9986    0.9176     42772
          1     0.0000    0.0000    0.0000      1546
          2     0.5484    0.0640    0.1147      2655
          3     0.5762    0.1128    0.1886      1543
          4     0.9554    0.4184    0.5819      4049
          5     0.9865    1.0000    0.9932      1023
          6     0.9937    0.6840    0.8103       462
          7     1.0000    0.9840    0.9919       874

avg / total     0.8167    0.8548    0.8094     54924


             precision    recall  f1-score   support

          0     0.8488    0.9987    0.9177     42772
          1     0.3333    0.0006    0.0013      1546
          2     0.5319    0.0753    0.1320      2655
          3     0.5497    0.1218    0.1995      1543
          4     0.9810    0.4078    0.5761      4049
          5     0.9836    0.9990    0.9913      1023
          6     0.9933    0.6450    0.7822       462
          7     0.9988    0.9794    0.9890       874

avg / total     0.8265    0.8545    0.8099     54924


             precision    recall  f1-score   support

          0     0.8488    0.9991    0.9178     42772
          1     0.5000    0.0220    0.0421      1546
          2     0.5771    0.0493    0.0909      2655
          3     0.5419    0.1257    0.2041      1543
          4     0.9759    0.4095    0.5769      4049
          5     0.9990    1.0000    0.9995      1023
          6     0.9939    0.7056    0.8253       462
          7     1.0000    0.9989    0.9994       874

avg / total     0.8330    0.8552    0.8101     54924


             precision    recall  f1-score   support

          0     0.8492    0.9985    0.9178     42772
          1     0.8182    0.0058    0.0116      1546
          2     0.5460    0.0738    0.1301      2655
          3     0.5671    0.1205    0.1988      1543
          4     0.9710    0.4134    0.5799      4049
          5     0.9990    0.9990    0.9990      1023
          6     0.9936    0.6753    0.8041       462
          7     0.9989    0.9989    0.9989       874

avg / total     0.8411    0.8553    0.8109     54924


             precision    recall  f1-score   support

          0     0.8490    0.9985    0.9177     42772
          1     0.5439    0.0201    0.0387      1546
          2     0.6092    0.0599    0.1091      2655
          3     0.7097    0.0855    0.1527      1543
          4     0.9328    0.4352    0.5935      4049
          5     1.0000    0.9980    0.9990      1023
          6     0.9878    0.7013    0.8203       462
          7     0.9989    1.0000    0.9994       874

avg / total     0.8374    0.8559    0.8105     54924


             precision    recall  f1-score   support

          0     0.8508    0.9978    0.9185     42772
          1     0.5918    0.0188    0.0364      1546
          2     0.5166    0.0881    0.1506      2655
          3     0.7808    0.0369    0.0705      1543
          4     0.9148    0.4404    0.5945      4049
          5     0.9990    0.9980    0.9985      1023
          6     0.9912    0.7338    0.8433       462
          7     0.9989    0.9989    0.9989       874

avg / total     0.8364    0.8560    0.8110     54924


             precision    recall  f1-score   support

          0     0.8503    0.9978    0.9182     42772
          1     0.6552    0.0246    0.0474      1546
          2     0.5707    0.0791    0.1389      2655
          3     0.5226    0.1199    0.1950      1543
          4     0.9703    0.4120    0.5784      4049
          5     1.0000    0.9990    0.9995      1023
          6     0.9910    0.7165    0.8317       462
          7     1.0000    1.0000    1.0000       874

avg / total     0.8373    0.8559    0.8127     54924


             precision    recall  f1-score   support

          0     0.8509    0.9966    0.9180     42772
          1     0.4421    0.0666    0.1158      1546
          2     0.4780    0.0614    0.1088      2655
          3     0.5619    0.1205    0.1985      1543
          4     0.9817    0.4115    0.5799      4049
          5     1.0000    0.9980    0.9990      1023
          6     0.9909    0.7056    0.8243       462
          7     0.9989    1.0000    0.9994       874

avg / total     0.8292    0.8551    0.8132     54924


             precision    recall  f1-score   support

          0     0.8515    0.9971    0.9186     42772
          1     0.4889    0.0142    0.0277      1546
          2     0.5333    0.1024    0.1719      2655
          3     0.5513    0.1218    0.1996      1543
          4     0.9736    0.4105    0.5775      4049
          5     1.0000    0.9980    0.9990      1023
          6     0.9912    0.7294    0.8404       462
          7     0.9989    1.0000    0.9994       874

avg / total     0.8328    0.8561    0.8142     54924


             precision    recall  f1-score   support

          0     0.8512    0.9976    0.9186     42772
          1     0.5138    0.0362    0.0677      1546
          2     0.5616    0.0859    0.1490      2655
          3     0.6154    0.1192    0.1998      1543
          4     0.9792    0.4176    0.5855      4049
          5     1.0000    0.9990    0.9995      1023
          6     0.9944    0.7749    0.8710       462
          7     0.9989    1.0000    0.9994       874

avg / total     0.8369    0.8572    0.8151     54924


             precision    recall  f1-score   support

          0     0.8505    0.9984    0.9185     42772
          1     0.4725    0.0666    0.1168      1546
          2     0.6000    0.0486    0.0899      2655
          3     0.6388    0.1089    0.1860      1543
          4     0.9705    0.4226    0.5888      4049
          5     1.0000    0.9980    0.9990      1023
          6     0.9917    0.7792    0.8727       462
          7     0.9989    1.0000    0.9994       874

avg / total     0.8370    0.8570    0.8134     54924


             precision    recall  f1-score   support

          0     0.8510    0.9975    0.9184     42772
          1     0.5455    0.0233    0.0447      1546
          2     0.5657    0.0795    0.1394      2655
          3     0.6019    0.1225    0.2036      1543
          4     0.9598    0.4184    0.5827      4049
          5     1.0000    0.9980    0.9990      1023
          6     0.9919    0.7965    0.8836       462
          7     0.9989    1.0000    0.9994       874

avg / total     0.8359    0.8568    0.8139     54924


             precision    recall  f1-score   support

          0     0.8522    0.9960    0.9186     42772
          1     0.4595    0.0330    0.0616      1546
          2     0.5217    0.0949    0.1606      2655
          3     0.5646    0.1218    0.2004      1543
          4     0.9722    0.4139    0.5806      4049
          5     0.9990    0.9990    0.9990      1023
          6     0.9432    0.7900    0.8598       462
          7     0.9989    0.9989    0.9989       874

avg / total     0.8318    0.8563    0.8150     54924


             precision    recall  f1-score   support

          0     0.8514    0.9974    0.9186     42772
          1     0.5534    0.0369    0.0691      1546
          2     0.5457    0.0832    0.1444      2655
          3     0.6143    0.1167    0.1961      1543
          4     0.9664    0.4191    0.5847      4049
          5     1.0000    0.9990    0.9995      1023
          6     0.9918    0.7835    0.8755       462
          7     1.0000    1.0000    1.0000       874

avg / total     0.8364    0.8571    0.8148     54924


             precision    recall  f1-score   support

          0     0.8522    0.9956    0.9183     42772
          1     0.5114    0.0291    0.0551      1546
          2     0.5000    0.1051    0.1737      2655
          3     0.6360    0.1076    0.1840      1543
          4     0.9588    0.4248    0.5887      4049
          5     1.0000    0.9980    0.9990      1023
          6     0.9888    0.7662    0.8634       462
          7     0.9989    1.0000    0.9994       874

avg / total     0.8336    0.8565    0.8154     54924


             precision    recall  f1-score   support

          0     0.8513    0.9978    0.9187     42772
          1     0.4933    0.0239    0.0457      1546
          2     0.5570    0.0810    0.1414      2655
          3     0.6151    0.1160    0.1952      1543
          4     0.9655    0.4216    0.5869      4049
          5     1.0000    0.9980    0.9990      1023
          6     0.9919    0.7987    0.8849       462
          7     0.9989    1.0000    0.9994       874

avg / total     0.8351    0.8572    0.8143     54924


             precision    recall  f1-score   support

          0     0.8517    0.9971    0.9187     42772
          1     0.5172    0.0388    0.0722      1546
          2     0.5140    0.0829    0.1427      2655
          3     0.6321    0.0791    0.1406      1543
          4     0.9441    0.4300    0.5909      4049
          5     0.9990    1.0000    0.9995      1023
          6     0.9947    0.8095    0.8926       462
          7     1.0000    0.9989    0.9994       874

avg / total     0.8329    0.8568    0.8139     54924


             precision    recall  f1-score   support

          0     0.8517    0.9976    0.9189     42772
          1     0.5619    0.0382    0.0715      1546
          2     0.5684    0.0814    0.1423      2655
          3     0.6015    0.1056    0.1797      1543
          4     0.9648    0.4268    0.5918      4049
          5     1.0000    1.0000    1.0000      1023
          6     0.9764    0.8052    0.8826       462
          7     1.0000    1.0000    1.0000       874

avg / total     0.8373    0.8576    0.8151     54924


             precision    recall  f1-score   support

          0     0.8520    0.9977    0.9191     42772
          1     0.5890    0.0278    0.0531      1546
          2     0.5298    0.0904    0.1544      2655
          3     0.5870    0.1225    0.2027      1543
          4     0.9836    0.4159    0.5846      4049
          5     1.0000    1.0000    1.0000      1023
          6     0.9947    0.8160    0.8966       462
          7     1.0000    0.9989    0.9994       874

avg / total     0.8376    0.8576    0.8156     54924


             precision    recall  f1-score   support

          0     0.8515    0.9977    0.9188     42772
          1     0.5411    0.0511    0.0934      1546
          2     0.5939    0.0738    0.1313      2655
          3     0.5981    0.1205    0.2006      1543
          4     0.9792    0.4186    0.5865      4049
          5     1.0000    0.9990    0.9995      1023
          6     0.9797    0.8355    0.9019       462
          7     1.0000    1.0000    1.0000       874

avg / total     0.8388    0.8577    0.8155     54924


             precision    recall  f1-score   support

          0     0.8523    0.9968    0.9189     42772
          1     0.5214    0.0395    0.0734      1546
          2     0.5180    0.0919    0.1561      2655
          3     0.6833    0.0797    0.1428      1543
          4     0.9454    0.4320    0.5930      4049
          5     1.0000    0.9980    0.9990      1023
          6     0.9871    0.8290    0.9012       462
          7     0.9989    1.0000    0.9994       874

avg / total     0.8352    0.8574    0.8150     54924


             precision    recall  f1-score   support

          0     0.8523    0.9959    0.9185     42772
          1     0.4532    0.0815    0.1382      1546
          2     0.5759    0.0757    0.1338      2655
          3     0.6935    0.1115    0.1921      1543
          4     0.9703    0.4280    0.5940      4049
          5     1.0000    0.9980    0.9990      1023
          6     0.9923    0.8333    0.9059       462
          7     0.9989    1.0000    0.9994       874

avg / total     0.8382    0.8577    0.8170     54924


             precision    recall  f1-score   support

          0     0.8526    0.9968    0.9191     42772
          1     0.6162    0.0395    0.0742      1546
          2     0.5161    0.0964    0.1625      2655
          3     0.6387    0.1134    0.1926      1543
          4     0.9716    0.4228    0.5892      4049
          5     1.0000    1.0000    1.0000      1023
          6     0.9948    0.8290    0.9044       462
          7     1.0000    1.0000    1.0000       874

avg / total     0.8387    0.8579    0.8167     54924


             precision    recall  f1-score   support

          0     0.8527    0.9965    0.9190     42772
          1     0.5080    0.0614    0.1096      1546
          2     0.5462    0.0734    0.1295      2655
          3     0.5879    0.1257    0.2072      1543
          4     0.9614    0.4243    0.5888      4049
          5     1.0000    1.0000    1.0000      1023
          6     0.9921    0.8203    0.8981       462
          7     1.0000    1.0000    1.0000       874

avg / total     0.8350    0.8575    0.8163     54924


             precision    recall  f1-score   support

          0     0.8529    0.9970    0.9193     42772
          1     0.4937    0.0757    0.1312      1546
          2     0.5632    0.0806    0.1410      2655
          3     0.7000    0.1134    0.1952      1543
          4     0.9762    0.4255    0.5927      4049
          5     1.0000    1.0000    1.0000      1023
          6     0.9924    0.8528    0.9173       462
          7     1.0000    1.0000    1.0000       874

avg / total     0.8398    0.8587    0.8179     54924


             precision    recall  f1-score   support

          0     0.8526    0.9970    0.9192     42772
          1     0.6381    0.0433    0.0812      1546
          2     0.5476    0.0976    0.1656      2655
          3     0.6881    0.0901    0.1593      1543
          4     0.9531    0.4320    0.5945      4049
          5     1.0000    0.9980    0.9990      1023
          6     0.9823    0.8398    0.9055       462
          7     0.9989    1.0000    0.9994       874

avg / total     0.8408    0.8583    0.8165     54924


             precision    recall  f1-score   support

          0     0.8527    0.9975    0.9194     42772
          1     0.5038    0.0847    0.1451      1546
          2     0.5709    0.0637    0.1145      2655
          3     0.6693    0.1115    0.1911      1543
          4     0.9719    0.4265    0.5929      4049
          5     1.0000    0.9980    0.9990      1023
          6     0.9850    0.8528    0.9142       462
          7     0.9989    1.0000    0.9994       874

avg / total     0.8390    0.8585    0.8169     54924


             precision    recall  f1-score   support

          0     0.8536    0.9957    0.9192     42772
          1     0.5508    0.0666    0.1189      1546
          2     0.5356    0.1047    0.1752      2655
          3     0.7196    0.0881    0.1570      1543
          4     0.9514    0.4354    0.5974      4049
          5     1.0000    0.9980    0.9990      1023
          6     0.9897    0.8333    0.9048       462
          7     0.9989    1.0000    0.9994       874

avg / total     0.8394    0.8584    0.8182     54924


             precision    recall  f1-score   support

          0     0.8530    0.9962    0.9190     42772
          1     0.5086    0.0576    0.1034      1546
          2     0.5407    0.0976    0.1653      2655
          3     0.6892    0.0992    0.1734      1543
          4     0.9603    0.4305    0.5945      4049
          5     1.0000    0.9990    0.9995      1023
          6     0.9895    0.8182    0.8957       462
          7     1.0000    1.0000    1.0000       874

avg / total     0.8377    0.8581    0.8174     54924


             precision    recall  f1-score   support

          0     0.8550    0.9935    0.9191     42772
          1     0.4615    0.1009    0.1656      1546
          2     0.4991    0.1024    0.1700      2655
          3     0.7121    0.1218    0.2081      1543
          4     0.9770    0.4297    0.5969      4049
          5     0.9990    0.9990    0.9990      1023
          6     0.9900    0.8593    0.9200       462
          7     1.0000    0.9989    0.9994       874

avg / total     0.8378    0.8583    0.8207     54924


             precision    recall  f1-score   support

          0     0.8541    0.9951    0.9192     42772
          1     0.5703    0.0472    0.0872      1546
          2     0.4853    0.1122    0.1823      2655
          3     0.6706    0.1108    0.1902      1543
          4     0.9655    0.4290    0.5940      4049
          5     1.0000    0.9980    0.9990      1023
          6     0.9824    0.8442    0.9080       462
          7     0.9989    1.0000    0.9994       874

avg / total     0.8374    0.8580    0.8184     54924


             precision    recall  f1-score   support

          0     0.8540    0.9964    0.9197     42772
          1     0.5676    0.0679    0.1213      1546
          2     0.5551    0.1006    0.1703      2655
          3     0.7131    0.1128    0.1947      1543
          4     0.9657    0.4317    0.5967      4049
          5     1.0000    0.9980    0.9990      1023
          6     0.9876    0.8636    0.9215       462
          7     0.9989    1.0000    0.9994       874

avg / total     0.8419    0.8595    0.8196     54924


             precision    recall  f1-score   support

          0     0.8545    0.9965    0.9201     42772
          1     0.5245    0.0899    0.1535      1546
          2     0.5892    0.0945    0.1629      2655
          3     0.6854    0.1186    0.2022      1543
          4     0.9675    0.4270    0.5925      4049
          5     1.0000    0.9980    0.9990      1023
          6     0.9901    0.8680    0.9250       462
          7     0.9989    1.0000    0.9994       874

avg / total     0.8421    0.8597    0.8204     54924


             precision    recall  f1-score   support

          0     0.8550    0.9953    0.9198     42772
          1     0.5431    0.0692    0.1228      1546
          2     0.5437    0.1077    0.1798      2655
          3     0.6372    0.1355    0.2234      1543
          4     0.9719    0.4278    0.5941      4049
          5     1.0000    0.9980    0.9990      1023
          6     0.9901    0.8680    0.9250       462
          7     0.9989    1.0000    0.9994       874

avg / total     0.8398    0.8594    0.8208     54924


             precision    recall  f1-score   support

          0     0.8543    0.9962    0.9198     42772
          1     0.5394    0.0841    0.1455      1546
          2     0.5760    0.0957    0.1641      2655
          3     0.6974    0.1225    0.2084      1543
          4     0.9721    0.4305    0.5967      4049
          5     1.0000    0.9980    0.9990      1023
          6     0.9901    0.8658    0.9238       462
          7     0.9989    1.0000    0.9994       874

avg / total     0.8424    0.8597    0.8204     54924


             precision    recall  f1-score   support

          0     0.8548    0.9956    0.9199     42772
          1     0.5339    0.0867    0.1491      1546
          2     0.5653    0.1043    0.1762      2655
          3     0.7026    0.1225    0.2086      1543
          4     0.9721    0.4307    0.5970      4049
          5     1.0000    0.9980    0.9990      1023
          6     0.9901    0.8701    0.9263       462
          7     0.9989    1.0000    0.9994       874

avg / total     0.8423    0.8598    0.8212     54924


             precision    recall  f1-score   support

          0     0.8548    0.9958    0.9199     42772
          1     0.5038    0.0847    0.1451      1546
          2     0.5902    0.1047    0.1779      2655
          3     0.7071    0.1283    0.2172      1543
          4     0.9770    0.4302    0.5974      4049
          5     1.0000    0.9980    0.9990      1023
          6     0.9901    0.8680    0.9250       462
          7     0.9989    1.0000    0.9994       874

avg / total     0.8431    0.8601    0.8215     54924


             precision    recall  f1-score   support

          0     0.8551    0.9960    0.9202     42772
          1     0.5421    0.0957    0.1627      1546
          2     0.5858    0.1055    0.1787      2655
          3     0.7531    0.1167    0.2020      1543
          4     0.9702    0.4337    0.5994      4049
          5     1.0000    0.9980    0.9990      1023
          6     0.9901    0.8658    0.9238       462
          7     0.9989    1.0000    0.9994       874

avg / total     0.8450    0.8605    0.8220     54924


             precision    recall  f1-score   support

          0     0.8550    0.9955    0.9199     42772
          1     0.5243    0.0906    0.1544      1546
          2     0.5637    0.1066    0.1793      2655
          3     0.7286    0.1270    0.2163      1543
          4     0.9775    0.4300    0.5973      4049
          5     1.0000    0.9980    0.9990      1023
          6     0.9902    0.8766    0.9300       462
          7     0.9989    1.0000    0.9994       874

avg / total     0.8432    0.8601    0.8218     54924


             precision    recall  f1-score   support

          0     0.8546    0.9964    0.9201     42772
          1     0.5310    0.0886    0.1519      1546
          2     0.6023    0.0998    0.1712      2655
          3     0.7368    0.1270    0.2167      1543
          4     0.9760    0.4312    0.5982      4049
          5     1.0000    0.9980    0.9990      1023
          6     0.9805    0.8701    0.9220       462
          7     0.9989    1.0000    0.9994       874

avg / total     0.8450    0.8604    0.8215     54924


             precision    recall  f1-score   support

          0     0.8553    0.9964    0.9205     42772
          1     0.5725    0.0944    0.1621      1546
          2     0.6008    0.1066    0.1811      2655
          3     0.7500    0.1342    0.2276      1543
          4     0.9765    0.4320    0.5990      4049
          5     1.0000    0.9980    0.9990      1023
          6     0.9902    0.8766    0.9300       462
          7     0.9989    1.0000    0.9994       874

avg / total     0.8472    0.8612    0.8230     54924


             precision    recall  f1-score   support

          0     0.8549    0.9967    0.9204     42772
          1     0.5709    0.1041    0.1761      1546
          2     0.6128    0.0972    0.1678      2655
          3     0.7293    0.1257    0.2145      1543
          4     0.9754    0.4302    0.5971      4049
          5     1.0000    0.9980    0.9990      1023
          6     0.9902    0.8723    0.9275       462
          7     0.9989    1.0000    0.9994       874

avg / total     0.8467    0.8609    0.8221     54924


             precision    recall  f1-score   support

          0     0.8558    0.9954    0.9203     42772
          1     0.5660    0.0970    0.1657      1546
          2     0.5670    0.1179    0.1952      2655
          3     0.7417    0.1303    0.2216      1543
          4     0.9770    0.4305    0.5976      4049
          5     1.0000    0.9980    0.9990      1023
          6     0.9901    0.8701    0.9263       462
          7     0.9989    1.0000    0.9994       874

avg / total     0.8455    0.8608    0.8234     54924


             precision    recall  f1-score   support

          0     0.8556    0.9957    0.9204     42772
          1     0.5732    0.0912    0.1574      1546
          2     0.5782    0.1198    0.1984      2655
          3     0.7663    0.1296    0.2217      1543
          4     0.9766    0.4327    0.5997      4049
          5     1.0000    0.9980    0.9990      1023
          6     0.9901    0.8680    0.9250       462
          7     0.9977    1.0000    0.9989       874

avg / total     0.8468    0.8611    0.8235     54924


             precision    recall  f1-score   support

          0     0.8556    0.9960    0.9205     42772
          1     0.5638    0.0886    0.1532      1546
          2     0.5959    0.1100    0.1857      2655
          3     0.7399    0.1419    0.2382      1543
          4     0.9766    0.4329    0.5999      4049
          5     1.0000    0.9980    0.9990      1023
          6     0.9854    0.8766    0.9278       462
          7     0.9989    1.0000    0.9994       874

avg / total     0.8466    0.8613    0.8234     54924

acc:0.837797982238,0.852132591187,0.8543537882,0.855288391113,0.855889206506,0.856374714421,0.856775255361,0.85714545945,0.857297177929,0.857400349081,0.858165024431,0.857922271349,0.858195368846,0.858480604816,0.858693014896,0.859099625836,0.858929700389,0.859481962546,0.859305966822,0.859591204259,0.859475895219,0.859858231959,0.859645820468,0.860052435488,0.860009953042,0.860107052912,0.860246639072,0.859894644973,0.860337671932,0.860762489564,0.860295188886,0.860859590217,0.860720008988,0.860695731995,0.860811040767,0.860980967887,0.862273631398,0.862643833657,0.862971549423,0.862807691122,0.863086856419,0.863177892269,0.863329610417,0.863505607459,0.863499537717,0.863578434234,0.863693745112,0.863960770659,0.863972908067,0.864252074139
val_loss:0.471774169005,0.456345609586,0.448034106997,0.446114226291,0.441202467554,0.438411707526,0.441943937091,0.436972415553,0.435489976294,0.434485199086,0.431197440554,0.431226018143,0.431327618848,0.430507766424,0.427919872857,0.429054610639,0.429155063229,0.427783323382,0.428936618613,0.426901873506,0.424979238068,0.425827873429,0.424331599503,0.423940292538,0.423690168591,0.422220081156,0.422194797474,0.423246110582,0.420564967703,0.420773382018,0.422279523055,0.419135314813,0.420824369214,0.421581242634,0.419802475304,0.420164640494,0.4146520834,0.414658575879,0.414134569807,0.413507157571,0.413111821419,0.413236281359,0.412569801538,0.41268032733,0.412393807564,0.411630564989,0.41127980257,0.411251601568,0.411455171364,0.410742855098
loss:0.540344408339,0.460606410988,0.451824487744,0.445816772136,0.44237197048,0.439193747463,0.437659727224,0.436491521674,0.433936831831,0.43329681002,0.430357570373,0.429559512443,0.428392764041,0.427482690428,0.426591602554,0.424534426273,0.424381882085,0.423170823799,0.422469617358,0.422305569313,0.421419603038,0.420449300306,0.420627758497,0.420016379229,0.418447115418,0.419229900831,0.418229650249,0.419663219935,0.417001740371,0.416290040257,0.41694520078,0.415923126829,0.415794235951,0.414794908818,0.414609534705,0.414580410726,0.409220642801,0.407152730412,0.406478747223,0.405980442239,0.405259416083,0.404647393463,0.404013606942,0.403336003787,0.403545408276,0.402662349831,0.40229317494,0.40205592263,0.401612896772,0.401047206311
val_acc:0.846915738284,0.851758792828,0.852541691533,0.854289564824,0.853670524289,0.854799357977,0.854508048452,0.855218122527,0.855327361306,0.855946395973,0.856001017564,0.855873570257,0.855127082767,0.856146676361,0.857220888107,0.856965994932,0.856820332267,0.856274126632,0.857075229844,0.856474399884,0.857202677732,0.856802128494,0.857639648789,0.857603233906,0.857730681061,0.85736654397,0.857730682528,0.857930959048,0.857548611582,0.858695651045,0.858313303046,0.858513586168,0.858422549695,0.858058405269,0.858313308914,0.858021996989,0.859496760478,0.859733450613,0.859351104997,0.859733450613,0.859842692709,0.860079385397,0.860498145545,0.860079384664,0.860425312493,0.861244629367,0.860880490076,0.860807662512,0.861062558621,0.861262838276
lr:0.0141459,0.0141459,0.0141459,0.0141459,0.0141459,0.0141459,0.0141459,0.0141459,0.0141459,0.0141459,0.0141459,0.0141459,0.0141459,0.0141459,0.0141459,0.0141459,0.0141459,0.0141459,0.0141459,0.0141459,0.0141459,0.0141459,0.0141459,0.0141459,0.0141459,0.0141459,0.0141459,0.0141459,0.0141459,0.0141459,0.0141459,0.0141459,0.0141459,0.0141459,0.0141459,0.0141459,0.00282917,0.00282917,0.00282917,0.00282917,0.00282917,0.00282917,0.00282917,0.00282917,0.00282917,0.00282917,0.00282917,0.00282917,0.00282917,0.00282917
