
             precision    recall  f1-score   support

          0     0.8604    0.9972    0.9238     42924
          1     0.5818    0.5782    0.5800      1612
          2     0.6629    0.1368    0.2268      2559
          3     0.8949    0.3784    0.5319      1530
          4     0.9982    0.1415    0.2478      3994
          5     0.9579    0.9981    0.9776      1027
          6     0.0000    0.0000    0.0000       463
          7     0.9961    0.9350    0.9646       815

avg / total     0.8506    0.8560    0.8149     54924


             precision    recall  f1-score   support

          0     0.8838    0.9967    0.9369     42924
          1     0.5720    0.6483    0.6077      1612
          2     0.7671    0.1970    0.3134      2559
          3     0.8287    0.4268    0.5634      1530
          4     0.9922    0.3490    0.5164      3994
          5     0.9643    1.0000    0.9818      1027
          6     0.0000    0.0000    0.0000       463
          7     0.9961    0.9472    0.9711       815

avg / total     0.8713    0.8772    0.8506     54924


             precision    recall  f1-score   support

          0     0.8947    0.9973    0.9432     42924
          1     0.5808    0.6129    0.5964      1612
          2     0.7373    0.2216    0.3407      2559
          3     0.8645    0.4255    0.5703      1530
          4     0.9844    0.4737    0.6396      3994
          5     0.9652    1.0000    0.9823      1027
          6     1.0000    0.1901    0.3194       463
          7     0.9962    0.9534    0.9743       815

avg / total     0.8875    0.8885    0.8684     54924


             precision    recall  f1-score   support

          0     0.8974    0.9964    0.9443     42924
          1     0.5967    0.5682    0.5821      1612
          2     0.7032    0.2860    0.4067      2559
          3     0.8869    0.4255    0.5751      1530
          4     0.9755    0.4680    0.6325      3994
          5     0.9652    1.0000    0.9823      1027
          6     1.0000    0.4233    0.5948       463
          7     0.9949    0.9534    0.9737       815

avg / total     0.8885    0.8910    0.8739     54924


             precision    recall  f1-score   support

          0     0.9019    0.9971    0.9471     42924
          1     0.6488    0.3747    0.4750      1612
          2     0.6245    0.4107    0.4955      2559
          3     0.9397    0.4176    0.5783      1530
          4     0.9752    0.5213    0.6794      3994
          5     0.9678    0.9951    0.9813      1027
          6     1.0000    0.4255    0.5970       463
          7     0.9898    0.9571    0.9732       815

avg / total     0.8913    0.8953    0.8806     54924


             precision    recall  f1-score   support

          0     0.9044    0.9955    0.9477     42924
          1     0.6378    0.4895    0.5539      1612
          2     0.6758    0.3583    0.4683      2559
          3     0.8424    0.4471    0.5841      1530
          4     0.9743    0.5406    0.6953      3994
          5     0.9670    1.0000    0.9832      1027
          6     1.0000    0.4557    0.6261       463
          7     0.9974    0.9558    0.9762       815

avg / total     0.8926    0.8975    0.8837     54924


             precision    recall  f1-score   support

          0     0.9082    0.9932    0.9488     42924
          1     0.7031    0.2115    0.3252      1612
          2     0.5783    0.4818    0.5257      2559
          3     0.9263    0.4190    0.5770      1530
          4     0.9100    0.5924    0.7176      3994
          5     0.9680    1.0000    0.9837      1027
          6     1.0000    0.5076    0.6734       463
          7     0.9987    0.9583    0.9781       815

avg / total     0.8907    0.8968    0.8824     54924


             precision    recall  f1-score   support

          0     0.9083    0.9954    0.9499     42924
          1     0.6452    0.4783    0.5493      1612
          2     0.6721    0.3708    0.4780      2559
          3     0.9013    0.4477    0.5983      1530
          4     0.9589    0.5896    0.7302      3994
          5     0.9670    1.0000    0.9832      1027
          6     1.0000    0.4795    0.6482       463
          7     1.0000    0.9546    0.9768       815

avg / total     0.8963    0.9015    0.8888     54924


             precision    recall  f1-score   support

          0     0.9107    0.9969    0.9518     42924
          1     0.6280    0.5112    0.5636      1612
          2     0.6840    0.3654    0.4763      2559
          3     0.9418    0.4333    0.5936      1530
          4     0.9770    0.6049    0.7472      3994
          5     0.9680    1.0000    0.9837      1027
          6     1.0000    0.5184    0.6828       463
          7     1.0000    0.9558    0.9774       815

avg / total     0.9006    0.9044    0.8921     54924


             precision    recall  f1-score   support

          0     0.9124    0.9969    0.9528     42924
          1     0.6329    0.5434    0.5848      1612
          2     0.7163    0.3443    0.4650      2559
          3     0.9646    0.4098    0.5752      1530
          4     0.9646    0.6417    0.7707      3994
          5     0.9680    1.0000    0.9837      1027
          6     0.9885    0.5594    0.7145       463
          7     1.0000    0.9583    0.9787       815

avg / total     0.9033    0.9068    0.8945     54924


             precision    recall  f1-score   support

          0     0.9148    0.9934    0.9525     42924
          1     0.6530    0.5124    0.5742      1612
          2     0.6970    0.3892    0.4995      2559
          3     0.9084    0.4601    0.6108      1530
          4     0.9366    0.6470    0.7653      3994
          5     0.9680    1.0000    0.9837      1027
          6     1.0000    0.5270    0.6902       463
          7     1.0000    0.9571    0.9781       815

avg / total     0.9014    0.9067    0.8959     54924


             precision    recall  f1-score   support

          0     0.9204    0.9937    0.9557     42924
          1     0.6648    0.5267    0.5877      1612
          2     0.7004    0.4193    0.5246      2559
          3     0.8931    0.4641    0.6108      1530
          4     0.9590    0.6848    0.7990      3994
          5     0.9680    1.0000    0.9837      1027
          6     0.9825    0.6069    0.7503       463
          7     1.0000    0.9571    0.9781       815

avg / total     0.9073    0.9123    0.9029     54924


             precision    recall  f1-score   support

          0     0.9161    0.9942    0.9535     42924
          1     0.7564    0.3275    0.4571      1612
          2     0.6043    0.5229    0.5607      2559
          3     0.9332    0.4562    0.6128      1530
          4     0.9872    0.6380    0.7751      3994
          5     0.9680    1.0000    0.9837      1027
          6     1.0000    0.5529    0.7121       463
          7     1.0000    0.9583    0.9787       815

avg / total     0.9054    0.9076    0.8971     54924


             precision    recall  f1-score   support

          0     0.9190    0.9950    0.9555     42924
          1     0.6669    0.5689    0.6140      1612
          2     0.7001    0.4314    0.5338      2559
          3     0.9557    0.4510    0.6128      1530
          4     0.9929    0.6683    0.7989      3994
          5     0.9716    0.9990    0.9851      1027
          6     1.0000    0.5356    0.6976       463
          7     0.9987    0.9632    0.9806       815

avg / total     0.9107    0.9130    0.9036     54924


             precision    recall  f1-score   support

          0     0.9219    0.9916    0.9555     42924
          1     0.6958    0.4398    0.5390      1612
          2     0.6613    0.4685    0.5485      2559
          3     0.9552    0.4595    0.6205      1530
          4     0.9156    0.7118    0.8010      3994
          5     0.9689    1.0000    0.9842      1027
          6     1.0000    0.5227    0.6865       463
          7     1.0000    0.9595    0.9793       815

avg / total     0.9063    0.9116    0.9024     54924


             precision    recall  f1-score   support

          0     0.9178    0.9962    0.9554     42924
          1     0.8407    0.2587    0.3956      1612
          2     0.6145    0.5557    0.5836      2559
          3     0.9210    0.4797    0.6309      1530
          4     0.9923    0.6492    0.7849      3994
          5     0.9689    1.0000    0.9842      1027
          6     0.9963    0.5875    0.7391       463
          7     1.0000    0.9595    0.9793       815

avg / total     0.9098    0.9105    0.8993     54924


             precision    recall  f1-score   support

          0     0.9233    0.9943    0.9575     42924
          1     0.6944    0.5794    0.6317      1612
          2     0.7400    0.4549    0.5634      2559
          3     0.9520    0.4667    0.6263      1530
          4     0.9609    0.7023    0.8115      3994
          5     0.9762    1.0000    0.9880      1027
          6     1.0000    0.5767    0.7315       463
          7     1.0000    0.9693    0.9844       815

avg / total     0.9143    0.9173    0.9088     54924


             precision    recall  f1-score   support

          0     0.9229    0.9961    0.9581     42924
          1     0.7321    0.5323    0.6164      1612
          2     0.7230    0.4814    0.5780      2559
          3     0.9269    0.4725    0.6260      1530
          4     0.9880    0.6993    0.8189      3994
          5     0.9735    1.0000    0.9866      1027
          6     1.0000    0.5875    0.7401       463
          7     1.0000    0.9656    0.9825       815

avg / total     0.9156    0.9185    0.9100     54924


             precision    recall  f1-score   support

          0     0.9243    0.9959    0.9587     42924
          1     0.7060    0.5422    0.6133      1612
          2     0.7264    0.4564    0.5606      2559
          3     0.9527    0.4739    0.6329      1530
          4     0.9740    0.7213    0.8288      3994
          5     0.9698    1.0000    0.9847      1027
          6     1.0000    0.5788    0.7332       463
          7     1.0000    0.9607    0.9800       815

avg / total     0.9157    0.9189    0.9104     54924


             precision    recall  f1-score   support

          0     0.9306    0.9879    0.9584     42924
          1     0.7285    0.5459    0.6241      1612
          2     0.6674    0.5850    0.6235      2559
          3     0.9590    0.4745    0.6349      1530
          4     0.9527    0.7258    0.8239      3994
          5     0.9781    1.0000    0.9889      1027
          6     1.0000    0.5724    0.7280       463
          7     1.0000    0.9718    0.9857       815

avg / total     0.9173    0.9193    0.9132     54924


             precision    recall  f1-score   support

          0     0.9274    0.9950    0.9600     42924
          1     0.6857    0.6185    0.6504      1612
          2     0.7721    0.4685    0.5832      2559
          3     0.9383    0.4771    0.6326      1530
          4     0.9765    0.7271    0.8335      3994
          5     0.9932    1.0000    0.9966      1027
          6     1.0000    0.5875    0.7401       463
          7     1.0000    0.9914    0.9957       815

avg / total     0.9199    0.9221    0.9144     54924


             precision    recall  f1-score   support

          0     0.9270    0.9943    0.9594     42924
          1     0.7606    0.4789    0.5877      1612
          2     0.6926    0.5572    0.6176      2559
          3     0.9328    0.4810    0.6348      1530
          4     0.9800    0.7128    0.8253      3994
          5     0.9809    1.0000    0.9904      1027
          6     1.0000    0.5918    0.7436       463
          7     1.0000    0.9755    0.9876       815

avg / total     0.9179    0.9205    0.9130     54924


             precision    recall  f1-score   support

          0     0.9285    0.9951    0.9607     42924
          1     0.7418    0.5471    0.6298      1612
          2     0.7420    0.5283    0.6172      2559
          3     0.9426    0.4725    0.6295      1530
          4     0.9708    0.7331    0.8354      3994
          5     0.9707    1.0000    0.9851      1027
          6     0.9931    0.6177    0.7617       463
          7     1.0000    0.9620    0.9806       815

avg / total     0.9202    0.9230    0.9157     54924


             precision    recall  f1-score   support

          0     0.9249    0.9966    0.9594     42924
          1     0.7669    0.5267    0.6245      1612
          2     0.7386    0.5322    0.6187      2559
          3     0.9284    0.4830    0.6354      1530
          4     0.9904    0.6973    0.8184      3994
          5     0.9744    1.0000    0.9870      1027
          6     1.0000    0.5918    0.7436       463
          7     1.0000    0.9669    0.9832       815

avg / total     0.9191    0.9213    0.9135     54924


             precision    recall  f1-score   support

          0     0.9364    0.9869    0.9609     42924
          1     0.6942    0.6619    0.6777      1612
          2     0.7329    0.5619    0.6361      2559
          3     0.9374    0.4993    0.6516      1530
          4     0.9342    0.7611    0.8389      3994
          5     0.9875    1.0000    0.9937      1027
          6     1.0000    0.5940    0.7453       463
          7     1.0000    0.9840    0.9920       815

avg / total     0.9221    0.9244    0.9193     54924


             precision    recall  f1-score   support

          0     0.9321    0.9940    0.9621     42924
          1     0.7606    0.5540    0.6411      1612
          2     0.7441    0.6057    0.6678      2559
          3     0.9446    0.5013    0.6550      1530
          4     0.9784    0.7268    0.8341      3994
          5     0.9689    1.0000    0.9842      1027
          6     1.0000    0.5875    0.7401       463
          7     1.0000    0.9595    0.9793       815

avg / total     0.9243    0.9260    0.9199     54924


             precision    recall  f1-score   support

          0     0.9337    0.9927    0.9623     42924
          1     0.7404    0.5732    0.6462      1612
          2     0.7350    0.5983    0.6596      2559
          3     0.9185    0.5085    0.6546      1530
          4     0.9848    0.7281    0.8372      3994
          5     0.9772    1.0000    0.9885      1027
          6     0.9778    0.6674    0.7933       463
          7     1.0000    0.9706    0.9851       815

avg / total     0.9242    0.9263    0.9206     54924


             precision    recall  f1-score   support

          0     0.9342    0.9929    0.9627     42924
          1     0.8021    0.5329    0.6403      1612
          2     0.7283    0.6651    0.6953      2559
          3     0.9309    0.4935    0.6450      1530
          4     0.9872    0.7313    0.8402      3994
          5     0.9885    1.0000    0.9942      1027
          6     1.0000    0.6112    0.7587       463
          7     1.0000    0.9840    0.9920       815

avg / total     0.9270    0.9280    0.9223     54924


             precision    recall  f1-score   support

          0     0.9338    0.9935    0.9627     42924
          1     0.7523    0.6632    0.7049      1612
          2     0.8316    0.5635    0.6718      2559
          3     0.9297    0.5013    0.6514      1530
          4     0.9561    0.7534    0.8427      3994
          5     0.9913    1.0000    0.9956      1027
          6     1.0000    0.6307    0.7735       463
          7     1.0000    0.9877    0.9938       815

avg / total     0.9279    0.9295    0.9237     54924


             precision    recall  f1-score   support

          0     0.9359    0.9925    0.9634     42924
          1     0.7700    0.6210    0.6875      1612
          2     0.7579    0.6620    0.7067      2559
          3     0.9256    0.4961    0.6460      1530
          4     0.9876    0.7193    0.8324      3994
          5     0.9790    1.0000    0.9894      1027
          6     1.0000    0.6436    0.7832       463
          7     1.0000    0.9718    0.9857       815

avg / total     0.9285    0.9294    0.9242     54924


             precision    recall  f1-score   support

          0     0.9375    0.9920    0.9640     42924
          1     0.7985    0.5775    0.6703      1612
          2     0.7743    0.6381    0.6997      2559
          3     0.9398    0.5000    0.6527      1530
          4     0.9382    0.7712    0.8465      3994
          5     0.9942    1.0000    0.9971      1027
          6     0.9966    0.6285    0.7709       463
          7     1.0000    0.9914    0.9957       815

avg / total     0.9284    0.9307    0.9253     54924


             precision    recall  f1-score   support

          0     0.9375    0.9929    0.9644     42924
          1     0.7401    0.6501    0.6922      1612
          2     0.7871    0.6225    0.6952      2559
          3     0.9549    0.4987    0.6552      1530
          4     0.9704    0.7479    0.8447      3994
          5     0.9971    1.0000    0.9985      1027
          6     1.0000    0.6587    0.7943       463
          7     1.0000    0.9963    0.9982       815

avg / total     0.9302    0.9314    0.9263     54924


             precision    recall  f1-score   support

          0     0.9401    0.9928    0.9657     42924
          1     0.7749    0.6619    0.7140      1612
          2     0.7974    0.6737    0.7304      2559
          3     0.9302    0.5229    0.6695      1530
          4     0.9823    0.7511    0.8513      3994
          5     0.9942    1.0000    0.9971      1027
          6     1.0000    0.6501    0.7880       463
          7     1.0000    0.9902    0.9951       815

avg / total     0.9338    0.9347    0.9303     54924


             precision    recall  f1-score   support

          0     0.9362    0.9949    0.9646     42924
          1     0.8025    0.6328    0.7076      1612
          2     0.8131    0.6475    0.7209      2559
          3     0.9453    0.4974    0.6518      1530
          4     0.9768    0.7484    0.8475      3994
          5     0.9923    1.0000    0.9961      1027
          6     0.9932    0.6285    0.7698       463
          7     1.0000    0.9890    0.9944       815

avg / total     0.9322    0.9332    0.9279     54924


             precision    recall  f1-score   support

          0     0.9415    0.9914    0.9658     42924
          1     0.7829    0.6644    0.7188      1612
          2     0.7871    0.6631    0.7198      2559
          3     0.9098    0.5405    0.6781      1530
          4     0.9679    0.7616    0.8525      3994
          5     0.9809    1.0000    0.9904      1027
          6     0.9935    0.6566    0.7906       463
          7     1.0000    0.9742    0.9869       815

avg / total     0.9327    0.9343    0.9301     54924


             precision    recall  f1-score   support

          0     0.9440    0.9887    0.9659     42924
          1     0.7637    0.6675    0.7123      1612
          2     0.7697    0.6780    0.7210      2559
          3     0.9138    0.5477    0.6849      1530
          4     0.9492    0.7717    0.8513      3994
          5     0.9990    1.0000    0.9995      1027
          6     0.9966    0.6415    0.7806       463
          7     1.0000    0.9988    0.9994       815

avg / total     0.9325    0.9342    0.9304     54924


             precision    recall  f1-score   support

          0     0.9395    0.9940    0.9660     42924
          1     0.7918    0.6439    0.7102      1612
          2     0.8084    0.6678    0.7314      2559
          3     0.9506    0.5033    0.6581      1530
          4     0.9763    0.7644    0.8575      3994
          5     0.9981    1.0000    0.9990      1027
          6     0.9902    0.6523    0.7865       463
          7     1.0000    0.9975    0.9988       815

avg / total     0.9344    0.9354    0.9307     54924


             precision    recall  f1-score   support

          0     0.9454    0.9908    0.9676     42924
          1     0.7555    0.6998    0.7266      1612
          2     0.8120    0.6717    0.7352      2559
          3     0.9209    0.5477    0.6869      1530
          4     0.9550    0.7812    0.8594      3994
          5     1.0000    1.0000    1.0000      1027
          6     0.9968    0.6674    0.7995       463
          7     1.0000    0.9988    0.9994       815

avg / total     0.9359    0.9374    0.9336     54924


             precision    recall  f1-score   support

          0     0.9412    0.9918    0.9658     42924
          1     0.7591    0.7078    0.7326      1612
          2     0.8013    0.6714    0.7306      2559
          3     0.9232    0.5261    0.6703      1530
          4     0.9851    0.7449    0.8483      3994
          5     0.9875    1.0000    0.9937      1027
          6     0.9777    0.6631    0.7902       463
          7     1.0000    0.9853    0.9926       815

avg / total     0.9341    0.9349    0.9307     54924


             precision    recall  f1-score   support

          0     0.9452    0.9911    0.9676     42924
          1     0.8317    0.6315    0.7179      1612
          2     0.8037    0.7151    0.7568      2559
          3     0.8703    0.5745    0.6921      1530
          4     0.9559    0.7764    0.8569      3994
          5     0.9875    1.0000    0.9937      1027
          6     0.9968    0.6803    0.8087       463
          7     1.0000    0.9840    0.9920       815

avg / total     0.9360    0.9379    0.9342     54924


             precision    recall  f1-score   support

          0     0.9456    0.9905    0.9676     42924
          1     0.8155    0.6607    0.7300      1612
          2     0.8169    0.6975    0.7525      2559
          3     0.8855    0.5810    0.7017      1530
          4     0.9455    0.7859    0.8584      3994
          5     0.9952    1.0000    0.9976      1027
          6     0.9967    0.6544    0.7901       463
          7     1.0000    0.9951    0.9975       815

avg / total     0.9363    0.9383    0.9347     54924


             precision    recall  f1-score   support

          0     0.9452    0.9920    0.9680     42924
          1     0.7546    0.7574    0.7560      1612
          2     0.8546    0.6616    0.7458      2559
          3     0.9047    0.5523    0.6859      1530
          4     0.9673    0.7714    0.8583      3994
          5     0.9913    1.0000    0.9956      1027
          6     0.9904    0.6717    0.8005       463
          7     1.0000    0.9890    0.9944       815

avg / total     0.9379    0.9388    0.9351     54924


             precision    recall  f1-score   support

          0     0.9418    0.9947    0.9675     42924
          1     0.8284    0.6408    0.7226      1612
          2     0.8135    0.7093    0.7578      2559
          3     0.9418    0.5399    0.6863      1530
          4     0.9803    0.7606    0.8566      3994
          5     0.9981    1.0000    0.9990      1027
          6     1.0000    0.6263    0.7703       463
          7     1.0000    0.9988    0.9994       815

avg / total     0.9377    0.9384    0.9341     54924


             precision    recall  f1-score   support

          0     0.9397    0.9955    0.9668     42924
          1     0.8766    0.5596    0.6831      1612
          2     0.7803    0.7245    0.7514      2559
          3     0.9422    0.5222    0.6720      1530
          4     0.9882    0.7534    0.8550      3994
          5     0.9913    1.0000    0.9956      1027
          6     0.9903    0.6631    0.7943       463
          7     1.0000    0.9902    0.9951       815

avg / total     0.9363    0.9365    0.9316     54924


             precision    recall  f1-score   support

          0     0.9463    0.9904    0.9679     42924
          1     0.7815    0.7301    0.7550      1612
          2     0.8256    0.6733    0.7417      2559
          3     0.9241    0.5654    0.7015      1530
          4     0.9516    0.7882    0.8622      3994
          5     0.9971    1.0000    0.9985      1027
          6     0.9969    0.6847    0.8118       463
          7     1.0000    0.9988    0.9994       815

avg / total     0.9378    0.9392    0.9357     54924


             precision    recall  f1-score   support

          0     0.9446    0.9935    0.9684     42924
          1     0.8150    0.6805    0.7417      1612
          2     0.8169    0.7061    0.7575      2559
          3     0.9612    0.5176    0.6729      1530
          4     0.9630    0.7764    0.8597      3994
          5     0.9856    1.0000    0.9928      1027
          6     0.9850    0.7084    0.8241       463
          7     1.0000    0.9816    0.9907       815

avg / total     0.9385    0.9394    0.9354     54924


             precision    recall  f1-score   support

          0     0.9456    0.9928    0.9686     42924
          1     0.8478    0.6774    0.7531      1612
          2     0.8133    0.7558    0.7835      2559
          3     0.9137    0.5464    0.6838      1530
          4     0.9789    0.7654    0.8591      3994
          5     0.9971    1.0000    0.9985      1027
          6     1.0000    0.6652    0.7990       463
          7     1.0000    0.9975    0.9988       815

avg / total     0.9403    0.9410    0.9373     54924


             precision    recall  f1-score   support

          0     0.9460    0.9935    0.9692     42924
          1     0.7956    0.7171    0.7543      1612
          2     0.8559    0.6846    0.7607      2559
          3     0.9240    0.5484    0.6883      1530
          4     0.9643    0.7919    0.8697      3994
          5     0.9952    1.0000    0.9976      1027
          6     0.9936    0.6695    0.8000       463
          7     1.0000    0.9939    0.9969       815

avg / total     0.9402    0.9414    0.9376     54924


             precision    recall  f1-score   support

          0     0.9501    0.9905    0.9699     42924
          1     0.8232    0.6960    0.7543      1612
          2     0.8052    0.7351    0.7685      2559
          3     0.9307    0.5882    0.7209      1530
          4     0.9570    0.7967    0.8695      3994
          5     0.9981    0.9981    0.9981      1027
          6     0.9708    0.7171    0.8248       463
          7     0.9975    0.9975    0.9975       815

avg / total     0.9414    0.9426    0.9397     54924


             precision    recall  f1-score   support

          0     0.9464    0.9933    0.9693     42924
          1     0.8086    0.7444    0.7752      1612
          2     0.8647    0.6921    0.7688      2559
          3     0.8923    0.6013    0.7185      1530
          4     0.9794    0.7742    0.8648      3994
          5     0.9981    1.0000    0.9990      1027
          6     0.9968    0.6631    0.7964       463
          7     1.0000    0.9988    0.9994       815

avg / total     0.9416    0.9425    0.9392     54924

val_loss:0.440231292322,0.395628498297,0.36804223012,0.357891989682,0.350589433216,0.337696870884,0.330720779862,0.316652078203,0.308951497595,0.306191890258,0.298981202885,0.293937270422,0.289268478307,0.281247800158,0.282040206918,0.279909839864,0.266841682232,0.260707730689,0.260892625369,0.259618985198,0.248632867376,0.247146112188,0.245468314395,0.246197027864,0.240940413466,0.236434644968,0.233621169166,0.227845331241,0.223870800902,0.224579253206,0.221002579239,0.215782318116,0.20961280063,0.212282103731,0.210039938313,0.208395764146,0.203840649551,0.201144211117,0.207011950803,0.199465257771,0.196942680521,0.193473405956,0.195005358694,0.197842999795,0.189667471997,0.190311980407,0.186129655379,0.184709858182,0.183108241555,0.181499726472
acc:0.820362190011,0.867844832738,0.882319027231,0.88867310772,0.890936786338,0.893685974513,0.896374473414,0.899681992584,0.902334077422,0.904415691365,0.906867505332,0.908997669196,0.910727289583,0.912293052809,0.914040879665,0.915515610542,0.916359178669,0.917305919238,0.918653202079,0.919684905641,0.921529831994,0.92262829514,0.922943875443,0.924497499257,0.924843424711,0.926306015445,0.927113172313,0.92830873434,0.929036995326,0.930408555596,0.930979025588,0.931725494039,0.932332378366,0.933843520181,0.934468612573,0.935221148775,0.935300044454,0.936932563359,0.937163178557,0.938128126017,0.938559013396,0.938759285758,0.939851678094,0.940998689098,0.940567802126,0.94163591664,0.942115356698,0.943122784594,0.943049957962,0.943323058145
loss:0.573938581993,0.420886577905,0.383872319405,0.365321212236,0.354710284261,0.344468351388,0.334264912935,0.325212756339,0.315123985381,0.307642346646,0.300250572422,0.294259692734,0.287443283913,0.28257123461,0.276465435795,0.27110178363,0.267938406298,0.261890560564,0.257060382844,0.253473841287,0.248691479338,0.243474989565,0.24115381661,0.237096826186,0.234379220273,0.229570441403,0.22693000731,0.22329127229,0.220304306325,0.217648240616,0.214095200635,0.210822515334,0.207802843712,0.203843935057,0.20151313071,0.199248442287,0.197217387351,0.193905016157,0.191020135495,0.18875234984,0.186480316912,0.185510544981,0.181580016197,0.17953428712,0.178571013454,0.175855124279,0.173801497384,0.171452217868,0.169988036286,0.169306452032
val_acc:0.856001019977,0.877157527046,0.888464058147,0.89099482766,0.895328085283,0.897512925881,0.896766442398,0.901500255492,0.904413370271,0.906816690911,0.906743864592,0.912333406999,0.907636004837,0.913043478196,0.91158692171,0.910494500733,0.917303911696,0.918487361584,0.918942539098,0.919270264504,0.922110552,0.920453718906,0.923002693209,0.921273031552,0.924422838762,0.926025053877,0.926334572688,0.927991405855,0.929538997122,0.929393342935,0.930667830763,0.931359694913,0.934746195154,0.933198603059,0.934327435419,0.934199986472,0.935438061562,0.937367997642,0.93485543653,0.937932414725,0.938332968013,0.938824559094,0.938405796125,0.936494066188,0.93920690353,0.939407183675,0.940972981536,0.941373533922,0.942611609389,0.942538779472
lr:0.00220167,0.00220167,0.00220167,0.00220167,0.00220167,0.00220167,0.00220167,0.00220167,0.00220167,0.00220167,0.00220167,0.00220167,0.00220167,0.00220167,0.00220167,0.00220167,0.00220167,0.00220167,0.00220167,0.00220167,0.00220167,0.00220167,0.00220167,0.00220167,0.00220167,0.00220167,0.00220167,0.00220167,0.00220167,0.00220167,0.00220167,0.00220167,0.00220167,0.00220167,0.00220167,0.00220167,0.00220167,0.00220167,0.00220167,0.00220167,0.00220167,0.00220167,0.00220167,0.00220167,0.00220167,0.00220167,0.00220167,0.00220167,0.00220167,0.00220167
