
             precision    recall  f1-score   support

          0     0.8917    0.9977    0.9417     42924
          1     0.6460    0.1166    0.1976      1612
          2     0.5359    0.4467    0.4872      2559
          3     0.8681    0.4000    0.5477      1530
          4     0.9683    0.4667    0.6298      3994
          5     0.9676    0.9873    0.9773      1027
          6     1.0000    0.0151    0.0298       463
          7     0.9823    0.9546    0.9683       815

avg / total     0.8765    0.8818    0.8584     54924


             precision    recall  f1-score   support

          0     0.8945    0.9976    0.9432     42924
          1     0.6064    0.5372    0.5697      1612
          2     0.6869    0.3001    0.4177      2559
          3     0.8892    0.4248    0.5750      1530
          4     0.9954    0.4372    0.6075      3994
          5     0.9598    1.0000    0.9795      1027
          6     1.0000    0.3844    0.5554       463
          7     0.9987    0.9472    0.9723       815

avg / total     0.8872    0.8890    0.8709     54924


             precision    recall  f1-score   support

          0     0.9029    0.9942    0.9464     42924
          1     0.6108    0.5385    0.5724      1612
          2     0.6993    0.2763    0.3961      2559
          3     0.9314    0.3725    0.5322      1530
          4     0.9039    0.5814    0.7076      3994
          5     0.9643    1.0000    0.9818      1027
          6     1.0000    0.4428    0.6138       463
          7     1.0000    0.9534    0.9761       815

avg / total     0.8891    0.8949    0.8791     54924


             precision    recall  f1-score   support

          0     0.9102    0.9971    0.9517     42924
          1     0.6143    0.6036    0.6089      1612
          2     0.7563    0.2923    0.4216      2559
          3     0.9214    0.4523    0.6068      1530
          4     0.9846    0.6072    0.7511      3994
          5     0.9670    1.0000    0.9832      1027
          6     0.9278    0.5551    0.6946       463
          7     1.0000    0.9546    0.9768       815

avg / total     0.9026    0.9049    0.8915     54924


             precision    recall  f1-score   support

          0     0.9148    0.9974    0.9543     42924
          1     0.6959    0.3350    0.4523      1612
          2     0.6237    0.4424    0.5176      2559
          3     0.9705    0.4092    0.5756      1530
          4     0.9734    0.6788    0.7998      3994
          5     0.9652    1.0000    0.9823      1027
          6     1.0000    0.5594    0.7175       463
          7     0.9987    0.9534    0.9755       815

avg / total     0.9035    0.9083    0.8963     54924


             precision    recall  f1-score   support

          0     0.9164    0.9968    0.9549     42924
          1     0.6429    0.5471    0.5912      1612
          2     0.7213    0.3630    0.4830      2559
          3     0.9398    0.4490    0.6077      1530
          4     0.9772    0.6750    0.7985      3994
          5     0.9643    1.0000    0.9818      1027
          6     1.0000    0.5292    0.6921       463
          7     1.0000    0.9521    0.9755       815

avg / total     0.9072    0.9109    0.8998     54924


             precision    recall  f1-score   support

          0     0.9182    0.9972    0.9561     42924
          1     0.6509    0.5726    0.6092      1612
          2     0.7468    0.3677    0.4928      2559
          3     0.9115    0.4712    0.6213      1530
          4     0.9920    0.6795    0.8065      3994
          5     0.9661    1.0000    0.9828      1027
          6     1.0000    0.5659    0.7228       463
          7     1.0000    0.9558    0.9774       815

avg / total     0.9104    0.9134    0.9030     54924


             precision    recall  f1-score   support

          0     0.9230    0.9928    0.9567     42924
          1     0.7015    0.4125    0.5195      1612
          2     0.6665    0.4678    0.5497      2559
          3     0.8465    0.4902    0.6209      1530
          4     0.9504    0.7193    0.8189      3994
          5     0.9661    1.0000    0.9828      1027
          6     1.0000    0.5594    0.7175       463
          7     1.0000    0.9558    0.9774       815

avg / total     0.9070    0.9134    0.9043     54924


             precision    recall  f1-score   support

          0     0.9212    0.9967    0.9574     42924
          1     0.6881    0.4777    0.5639      1612
          2     0.6977    0.4357    0.5364      2559
          3     0.9326    0.4791    0.6330      1530
          4     0.9798    0.7058    0.8206      3994
          5     0.9715    0.9971    0.9841      1027
          6     1.0000    0.5616    0.7192       463
          7     0.9975    0.9632    0.9800       815

avg / total     0.9112    0.9156    0.9061     54924


             precision    recall  f1-score   support

          0     0.9247    0.9967    0.9593     42924
          1     0.6855    0.5571    0.6146      1612
          2     0.7531    0.4256    0.5438      2559
          3     0.9372    0.4876    0.6414      1530
          4     0.9771    0.7248    0.8323      3994
          5     0.9689    1.0000    0.9842      1027
          6     0.9934    0.6501    0.7859       463
          7     1.0000    0.9595    0.9793       815

avg / total     0.9164    0.9198    0.9111     54924


             precision    recall  f1-score   support

          0     0.9272    0.9894    0.9573     42924
          1     0.7468    0.4702    0.5771      1612
          2     0.7025    0.4928    0.5792      2559
          3     0.9598    0.4680    0.6292      1530
          4     0.8844    0.7626    0.8190      3994
          5     0.9689    1.0000    0.9842      1027
          6     1.0000    0.6134    0.7604       463
          7     1.0000    0.9583    0.9787       815

avg / total     0.9117    0.9165    0.9085     54924


             precision    recall  f1-score   support

          0     0.9286    0.9930    0.9597     42924
          1     0.6857    0.5955    0.6375      1612
          2     0.7167    0.4853    0.5788      2559
          3     0.9723    0.4588    0.6234      1530
          4     0.9677    0.7349    0.8353      3994
          5     0.9689    1.0000    0.9842      1027
          6     1.0000    0.6415    0.7816       463
          7     1.0000    0.9595    0.9793       815

avg / total     0.9181    0.9207    0.9134     54924


             precision    recall  f1-score   support

          0     0.9302    0.9835    0.9561     42924
          1     0.7030    0.5037    0.5869      1612
          2     0.6970    0.4853    0.5722      2559
          3     0.9466    0.4752    0.6327      1530
          4     0.8335    0.7709    0.8010      3994
          5     0.9698    1.0000    0.9847      1027
          6     0.9600    0.6220    0.7549       463
          7     1.0000    0.9607    0.9800       815

avg / total     0.9081    0.9135    0.9063     54924


             precision    recall  f1-score   support

          0     0.9310    0.9933    0.9611     42924
          1     0.7530    0.5409    0.6296      1612
          2     0.7417    0.5432    0.6271      2559
          3     0.9409    0.4993    0.6524      1530
          4     0.9588    0.7511    0.8423      3994
          5     0.9689    1.0000    0.9842      1027
          6     1.0000    0.6674    0.8005       463
          7     1.0000    0.9595    0.9793       815

avg / total     0.9215    0.9246    0.9180     54924


             precision    recall  f1-score   support

          0     0.9318    0.9911    0.9605     42924
          1     0.6649    0.6402    0.6523      1612
          2     0.7994    0.4174    0.5484      2559
          3     0.9179    0.4824    0.6324      1530
          4     0.9207    0.7734    0.8407      3994
          5     0.9652    0.9990    0.9818      1027
          6     0.9158    0.7516    0.8256       463
          7     1.0000    0.9534    0.9761       815

avg / total     0.9181    0.9216    0.9139     54924


             precision    recall  f1-score   support

          0     0.9316    0.9951    0.9623     42924
          1     0.6937    0.6588    0.6758      1612
          2     0.8034    0.4838    0.6039      2559
          3     0.9637    0.4856    0.6458      1530
          4     0.9705    0.7484    0.8451      3994
          5     0.9698    0.9990    0.9842      1027
          6     0.9968    0.6717    0.8026       463
          7     1.0000    0.9607    0.9800       815

avg / total     0.9246    0.9261    0.9192     54924


             precision    recall  f1-score   support

          0     0.9361    0.9928    0.9636     42924
          1     0.7065    0.6377    0.6704      1612
          2     0.7726    0.5416    0.6368      2559
          3     0.9767    0.4941    0.6562      1530
          4     0.9571    0.7661    0.8511      3994
          5     0.9913    0.9981    0.9947      1027
          6     0.9647    0.7084    0.8169       463
          7     0.9988    0.9890    0.9938       815

avg / total     0.9266    0.9286    0.9228     54924


             precision    recall  f1-score   support

          0     0.9346    0.9946    0.9637     42924
          1     0.7275    0.6476    0.6853      1612
          2     0.7805    0.5404    0.6387      2559
          3     0.9703    0.4915    0.6525      1530
          4     0.9779    0.7524    0.8504      3994
          5     0.9800    1.0000    0.9899      1027
          6     0.9914    0.7495    0.8536       463
          7     1.0000    0.9742    0.9869       815

avg / total     0.9278    0.9294    0.9234     54924


             precision    recall  f1-score   support

          0     0.9381    0.9913    0.9639     42924
          1     0.7269    0.6160    0.6669      1612
          2     0.7695    0.5596    0.6480      2559
          3     0.9306    0.5261    0.6722      1530
          4     0.9445    0.7762    0.8521      3994
          5     0.9981    1.0000    0.9990      1027
          6     0.9799    0.7365    0.8409       463
          7     1.0000    0.9975    0.9988       815

avg / total     0.9267    0.9297    0.9244     54924


             precision    recall  f1-score   support

          0     0.9377    0.9931    0.9646     42924
          1     0.7648    0.5831    0.6617      1612
          2     0.7767    0.5901    0.6707      2559
          3     0.8834    0.5399    0.6702      1530
          4     0.9679    0.7689    0.8570      3994
          5     0.9981    0.9990    0.9985      1027
          6     1.0000    0.7387    0.8497       463
          7     1.0000    0.9975    0.9988       815

avg / total     0.9284    0.9314    0.9262     54924


             precision    recall  f1-score   support

          0     0.9359    0.9953    0.9647     42924
          1     0.7598    0.6123    0.6781      1612
          2     0.7958    0.5834    0.6733      2559
          3     0.9084    0.5444    0.6808      1530
          4     0.9897    0.7439    0.8493      3994
          5     0.9971    1.0000    0.9985      1027
          6     0.9971    0.7387    0.8486       463
          7     1.0000    0.9963    0.9982       815

avg / total     0.9300    0.9319    0.9266     54924


             precision    recall  f1-score   support

          0     0.9376    0.9951    0.9655     42924
          1     0.7823    0.6241    0.6943      1612
          2     0.8016    0.6268    0.7035      2559
          3     0.9560    0.5111    0.6661      1530
          4     0.9815    0.7566    0.8545      3994
          5     0.9981    1.0000    0.9990      1027
          6     1.0000    0.7365    0.8483       463
          7     1.0000    0.9975    0.9988       815

avg / total     0.9330    0.9341    0.9290     54924


             precision    recall  f1-score   support

          0     0.9416    0.9897    0.9651     42924
          1     0.7421    0.6532    0.6948      1612
          2     0.7732    0.6088    0.6812      2559
          3     0.9435    0.5346    0.6825      1530
          4     0.9478    0.7782    0.8547      3994
          5     0.9981    1.0000    0.9990      1027
          6     0.9193    0.7624    0.8335       463
          7     1.0000    0.9975    0.9988       815

avg / total     0.9301    0.9324    0.9280     54924


             precision    recall  f1-score   support

          0     0.9420    0.9924    0.9665     42924
          1     0.8275    0.6011    0.6964      1612
          2     0.7950    0.6608    0.7217      2559
          3     0.8989    0.5693    0.6971      1530
          4     0.9583    0.7759    0.8575      3994
          5     0.9942    1.0000    0.9971      1027
          6     0.9781    0.7711    0.8623       463
          7     1.0000    0.9914    0.9957       815

avg / total     0.9339    0.9362    0.9319     54924


             precision    recall  f1-score   support

          0     0.9409    0.9933    0.9664     42924
          1     0.7590    0.6681    0.7107      1612
          2     0.8026    0.6182    0.6985      2559
          3     0.9515    0.5255    0.6771      1530
          4     0.9658    0.7699    0.8568      3994
          5     0.9932    1.0000    0.9966      1027
          6     1.0000    0.7624    0.8652       463
          7     1.0000    0.9902    0.9951       815

avg / total     0.9336    0.9351    0.9305     54924


             precision    recall  f1-score   support

          0     0.9432    0.9924    0.9672     42924
          1     0.7916    0.6576    0.7184      1612
          2     0.7948    0.6616    0.7221      2559
          3     0.9665    0.5288    0.6836      1530
          4     0.9624    0.7874    0.8662      3994
          5     0.9961    1.0000    0.9981      1027
          6     0.9942    0.7451    0.8519       463
          7     1.0000    0.9951    0.9975       815

avg / total     0.9361    0.9374    0.9333     54924


             precision    recall  f1-score   support

          0     0.9440    0.9924    0.9676     42924
          1     0.7468    0.6805    0.7121      1612
          2     0.8217    0.6139    0.7028      2559
          3     0.9465    0.5438    0.6907      1530
          4     0.9500    0.7949    0.8656      3994
          5     0.9942    1.0000    0.9971      1027
          6     0.9860    0.7624    0.8599       463
          7     1.0000    0.9926    0.9963       815

avg / total     0.9352    0.9369    0.9327     54924


             precision    recall  f1-score   support

          0     0.9380    0.9936    0.9650     42924
          1     0.7872    0.6632    0.7199      1612
          2     0.8323    0.5819    0.6849      2559
          3     0.8534    0.5477    0.6672      1530
          4     0.9812    0.7719    0.8641      3994
          5     0.9981    0.9990    0.9985      1027
          6     1.0000    0.7408    0.8511       463
          7     1.0000    0.9963    0.9982       815

avg / total     0.9320    0.9342    0.9293     54924


             precision    recall  f1-score   support

          0     0.9454    0.9919    0.9681     42924
          1     0.7718    0.6588    0.7108      1612
          2     0.7996    0.6784    0.7340      2559
          3     0.9649    0.5386    0.6913      1530
          4     0.9582    0.7914    0.8669      3994
          5     0.9971    1.0000    0.9985      1027
          6     0.9914    0.7451    0.8508       463
          7     1.0000    0.9963    0.9982       815

avg / total     0.9372    0.9385    0.9346     54924


             precision    recall  f1-score   support

          0     0.9415    0.9950    0.9675     42924
          1     0.8177    0.6290    0.7111      1612
          2     0.8059    0.6800    0.7376      2559
          3     0.9368    0.5425    0.6871      1530
          4     0.9870    0.7616    0.8598      3994
          5     0.9981    1.0000    0.9990      1027
          6     0.9914    0.7473    0.8522       463
          7     1.0000    0.9975    0.9988       815

avg / total     0.9371    0.9381    0.9337     54924


             precision    recall  f1-score   support

          0     0.9387    0.9954    0.9662     42924
          1     0.8019    0.6228    0.7011      1612
          2     0.8055    0.6151    0.6975      2559
          3     0.9303    0.5405    0.6838      1530
          4     0.9824    0.7679    0.8620      3994
          5     0.9942    1.0000    0.9971      1027
          6     0.9886    0.7473    0.8512       463
          7     1.0000    0.9926    0.9963       815

avg / total     0.9338    0.9355    0.9305     54924


             precision    recall  f1-score   support

          0     0.9516    0.9934    0.9721     42924
          1     0.8191    0.7078    0.7594      1612
          2     0.8509    0.7182    0.7790      2559
          3     0.9264    0.6170    0.7407      1530
          4     0.9685    0.8080    0.8810      3994
          5     0.9961    1.0000    0.9981      1027
          6     0.9891    0.7840    0.8747       463
          7     1.0000    0.9951    0.9975       815

avg / total     0.9454    0.9466    0.9438     54924


             precision    recall  f1-score   support

          0     0.9521    0.9943    0.9728     42924
          1     0.8369    0.7097    0.7680      1612
          2     0.8527    0.7440    0.7947      2559
          3     0.9458    0.6039    0.7371      1530
          4     0.9731    0.8067    0.8821      3994
          5     0.9981    1.0000    0.9990      1027
          6     0.9973    0.7883    0.8806       463
          7     1.0000    0.9975    0.9988       815

avg / total     0.9474    0.9482    0.9454     54924


             precision    recall  f1-score   support

          0     0.9519    0.9948    0.9729     42924
          1     0.8347    0.7140    0.7696      1612
          2     0.8530    0.7413    0.7932      2559
          3     0.9494    0.6131    0.7450      1530
          4     0.9792    0.8005    0.8808      3994
          5     0.9971    1.0000    0.9985      1027
          6     0.9946    0.7927    0.8822       463
          7     1.0000    0.9963    0.9982       815

avg / total     0.9477    0.9484    0.9456     54924


             precision    recall  f1-score   support

          0     0.9522    0.9949    0.9731     42924
          1     0.8433    0.7345    0.7851      1612
          2     0.8646    0.7358    0.7950      2559
          3     0.9360    0.6405    0.7606      1530
          4     0.9812    0.7957    0.8788      3994
          5     0.9981    1.0000    0.9990      1027
          6     0.9946    0.7905    0.8809       463
          7     1.0000    0.9975    0.9988       815

avg / total     0.9485    0.9492    0.9466     54924


             precision    recall  f1-score   support

          0     0.9550    0.9940    0.9741     42924
          1     0.8361    0.7438    0.7873      1612
          2     0.8677    0.7612    0.8110      2559
          3     0.9332    0.6484    0.7651      1530
          4     0.9758    0.8060    0.8828      3994
          5     0.9981    1.0000    0.9990      1027
          6     1.0000    0.7883    0.8816       463
          7     1.0000    0.9975    0.9988       815

avg / total     0.9502    0.9509    0.9486     54924


             precision    recall  f1-score   support

          0     0.9545    0.9946    0.9741     42924
          1     0.8551    0.7320    0.7888      1612
          2     0.8668    0.7730    0.8172      2559
          3     0.9602    0.6157    0.7503      1530
          4     0.9719    0.8152    0.8867      3994
          5     0.9971    1.0000    0.9985      1027
          6     0.9972    0.7819    0.8765       463
          7     1.0000    0.9963    0.9982       815

avg / total     0.9508    0.9513    0.9488     54924


             precision    recall  f1-score   support

          0     0.9533    0.9951    0.9738     42924
          1     0.8562    0.7314    0.7889      1612
          2     0.8590    0.7761    0.8154      2559
          3     0.9537    0.6196    0.7512      1530
          4     0.9849    0.7982    0.8818      3994
          5     0.9981    1.0000    0.9990      1027
          6     1.0000    0.7732    0.8721       463
          7     1.0000    0.9975    0.9988       815

avg / total     0.9503    0.9506    0.9481     54924


             precision    recall  f1-score   support

          0     0.9547    0.9942    0.9740     42924
          1     0.8585    0.7339    0.7913      1612
          2     0.8634    0.7753    0.8170      2559
          3     0.9511    0.6235    0.7533      1530
          4     0.9739    0.8127    0.8860      3994
          5     0.9971    1.0000    0.9985      1027
          6     0.9946    0.7948    0.8836       463
          7     1.0000    0.9963    0.9982       815

avg / total     0.9507    0.9513    0.9489     54924


             precision    recall  f1-score   support

          0     0.9551    0.9951    0.9747     42924
          1     0.8542    0.7593    0.8039      1612
          2     0.8845    0.7605    0.8178      2559
          3     0.9553    0.6288    0.7584      1530
          4     0.9723    0.8172    0.8880      3994
          5     0.9981    1.0000    0.9990      1027
          6     0.9945    0.7862    0.8782       463
          7     1.0000    0.9975    0.9988       815

avg / total     0.9519    0.9525    0.9501     54924


             precision    recall  f1-score   support

          0     0.9575    0.9940    0.9754     42924
          1     0.8507    0.7599    0.8028      1612
          2     0.8739    0.7745    0.8212      2559
          3     0.9385    0.6582    0.7737      1530
          4     0.9727    0.8207    0.8903      3994
          5     0.9971    1.0000    0.9985      1027
          6     0.9946    0.7991    0.8862       463
          7     1.0000    0.9963    0.9982       815

avg / total     0.9527    0.9534    0.9514     54924


             precision    recall  f1-score   support

          0     0.9563    0.9941    0.9748     42924
          1     0.8387    0.7711    0.8035      1612
          2     0.8730    0.7765    0.8219      2559
          3     0.9499    0.6314    0.7585      1530
          4     0.9783    0.8115    0.8871      3994
          5     0.9981    1.0000    0.9990      1027
          6     0.9919    0.7948    0.8825       463
          7     1.0000    0.9975    0.9988       815

avg / total     0.9521    0.9525    0.9503     54924


             precision    recall  f1-score   support

          0     0.9590    0.9920    0.9752     42924
          1     0.8541    0.7587    0.8035      1612
          2     0.8735    0.7823    0.8254      2559
          3     0.9392    0.6562    0.7726      1530
          4     0.9513    0.8363    0.8901      3994
          5     0.9981    1.0000    0.9990      1027
          6     0.9867    0.7991    0.8831       463
          7     1.0000    0.9975    0.9988       815

avg / total     0.9524    0.9533    0.9514     54924


             precision    recall  f1-score   support

          0     0.9579    0.9936    0.9754     42924
          1     0.8547    0.7481    0.7979      1612
          2     0.8701    0.7776    0.8213      2559
          3     0.9236    0.6719    0.7779      1530
          4     0.9716    0.8227    0.8910      3994
          5     0.9981    1.0000    0.9990      1027
          6     0.9973    0.7905    0.8819       463
          7     1.0000    0.9975    0.9988       815

avg / total     0.9526    0.9534    0.9514     54924


             precision    recall  f1-score   support

          0     0.9574    0.9933    0.9751     42924
          1     0.8483    0.7525    0.7975      1612
          2     0.8641    0.7726    0.8158      2559
          3     0.9391    0.6549    0.7717      1530
          4     0.9716    0.8237    0.8916      3994
          5     0.9981    1.0000    0.9990      1027
          6     0.9868    0.8078    0.8884       463
          7     1.0000    0.9975    0.9988       815

avg / total     0.9521    0.9528    0.9508     54924


             precision    recall  f1-score   support

          0     0.9580    0.9938    0.9756     42924
          1     0.8385    0.7699    0.8027      1612
          2     0.8782    0.7745    0.8231      2559
          3     0.9442    0.6641    0.7797      1530
          4     0.9689    0.8180    0.8870      3994
          5     0.9971    1.0000    0.9985      1027
          6     0.9893    0.7970    0.8828       463
          7     1.0000    0.9963    0.9982       815

avg / total     0.9528    0.9535    0.9515     54924


             precision    recall  f1-score   support

          0     0.9552    0.9950    0.9747     42924
          1     0.8626    0.7630    0.8097      1612
          2     0.8812    0.7765    0.8255      2559
          3     0.9469    0.6405    0.7641      1530
          4     0.9814    0.8065    0.8854      3994
          5     0.9981    1.0000    0.9990      1027
          6     0.9919    0.7970    0.8838       463
          7     1.0000    0.9975    0.9988       815

avg / total     0.9525    0.9529    0.9506     54924


             precision    recall  f1-score   support

          0     0.9578    0.9938    0.9755     42924
          1     0.8560    0.7667    0.8089      1612
          2     0.8788    0.7823    0.8278      2559
          3     0.9441    0.6510    0.7706      1530
          4     0.9699    0.8240    0.8910      3994
          5     0.9990    1.0000    0.9995      1027
          6     0.9867    0.8013    0.8844       463
          7     1.0000    0.9988    0.9994       815

avg / total     0.9533    0.9539    0.9519     54924


             precision    recall  f1-score   support

          0     0.9563    0.9939    0.9748     42924
          1     0.8783    0.7475    0.8076      1612
          2     0.8708    0.7929    0.8300      2559
          3     0.9359    0.6490    0.7665      1530
          4     0.9743    0.8147    0.8874      3994
          5     0.9981    1.0000    0.9990      1027
          6     0.9946    0.7883    0.8795       463
          7     1.0000    0.9975    0.9988       815

avg / total     0.9525    0.9531    0.9510     54924


             precision    recall  f1-score   support

          0     0.9574    0.9942    0.9755     42924
          1     0.8754    0.7624    0.8150      1612
          2     0.8791    0.7984    0.8368      2559
          3     0.9265    0.6673    0.7758      1530
          4     0.9807    0.8122    0.8885      3994
          5     0.9981    1.0000    0.9990      1027
          6     0.9973    0.7927    0.8833       463
          7     1.0000    0.9975    0.9988       815

avg / total     0.9539    0.9544    0.9524     54924

val_loss:0.382158416495,0.357474697829,0.345173145951,0.320537331566,0.297943718261,0.294266378441,0.286271246404,0.281862313873,0.274321742872,0.256952316481,0.264500491694,0.249824682476,0.262893853123,0.237016606567,0.24356123697,0.230448387164,0.225899200744,0.219520704492,0.218709458248,0.208708263759,0.210563622622,0.205533580708,0.207980274822,0.196750106784,0.198143603306,0.195860831621,0.19478771546,0.200368725765,0.195460653651,0.196190755906,0.20047535459,0.168066708559,0.163915575101,0.163291421897,0.161474124032,0.15896614051,0.15890144559,0.158498273353,0.156642863509,0.155902371271,0.153870985417,0.153650845775,0.154653003476,0.153773912637,0.152196066245,0.151819292066,0.152669062847,0.151396597173,0.151680594512,0.149786424604
acc:0.848115017066,0.885535516716,0.893376464623,0.900822937144,0.906187795838,0.909319317899,0.911934992616,0.912669322199,0.914459631279,0.915606644128,0.916802205379,0.919436083321,0.920225034311,0.922179201578,0.923314073797,0.924922319053,0.926281740962,0.927537991279,0.928187357961,0.928187357735,0.930220422406,0.931549497126,0.932605476563,0.933163811407,0.934438266792,0.934559644744,0.935900859664,0.935476040475,0.937151042027,0.938182744423,0.938601495323,0.946484925163,0.94867577877,0.949561828293,0.950253677245,0.95062387641,0.95120041567,0.951576684918,0.952456667677,0.952141087434,0.952523424645,0.953445890279,0.953482302484,0.953512647163,0.95373112661,0.953658297854,0.95444118008,0.954210563641,0.954829586136,0.95496916834
loss:0.484382541466,0.375167497,0.347295902792,0.32610212771,0.310623673406,0.299208331075,0.291476484937,0.282816603956,0.275094943821,0.269556634149,0.263365337151,0.254103932248,0.247000267731,0.241851575265,0.23615775648,0.232003471291,0.226812926667,0.221971003167,0.220065270879,0.215329905169,0.210376566967,0.207476572548,0.204043034884,0.202075598946,0.198885453647,0.196761254553,0.193595867531,0.194147138533,0.188787727138,0.186583442076,0.185429978768,0.161451805461,0.154687131507,0.152009185353,0.149724712334,0.147903256506,0.146503435214,0.145499420432,0.143157911757,0.143409650187,0.141336039878,0.140399192012,0.139310424649,0.139221167767,0.13779689976,0.137063154506,0.135618152414,0.135942948223,0.134344385778,0.133896536823
val_acc:0.881763893299,0.888992061189,0.894891122934,0.904868549972,0.908273253635,0.91085864262,0.913444032413,0.913389412315,0.915592456153,0.919798265854,0.916539218492,0.92067220391,0.913535066455,0.924586703873,0.92161896539,0.926079676079,0.928628652122,0.929356926545,0.929666448504,0.931377903744,0.931942320922,0.934145365242,0.932433910601,0.936166339627,0.935110333564,0.937404413098,0.936931034272,0.934181777064,0.938460418484,0.938078072711,0.93545626741,0.946635350679,0.94821935771,0.94838321752,0.949202534789,0.950913990719,0.951278127006,0.950622677243,0.951278131212,0.952461582241,0.953426552322,0.952534412684,0.953335517185,0.953408345883,0.952825721575,0.953499379639,0.952916757194,0.953936349403,0.953117033176,0.954427935357
lr:0.00929605,0.00929605,0.00929605,0.00929605,0.00929605,0.00929605,0.00929605,0.00929605,0.00929605,0.00929605,0.00929605,0.00929605,0.00929605,0.00929605,0.00929605,0.00929605,0.00929605,0.00929605,0.00929605,0.00929605,0.00929605,0.00929605,0.00929605,0.00929605,0.00929605,0.00929605,0.00929605,0.00929605,0.00929605,0.00929605,0.00929605,0.00185921,0.00185921,0.00185921,0.00185921,0.00185921,0.00185921,0.00185921,0.00185921,0.00185921,0.00185921,0.00185921,0.00185921,0.00185921,0.00185921,0.00185921,0.00185921,0.00185921,0.00185921,0.00185921
