
             precision    recall  f1-score   support

          0     0.8607    0.9966    0.9237     42924
          1     0.5760    0.5620    0.5689      1612
          2     0.6523    0.1356    0.2245      2559
          3     0.9032    0.2621    0.4063      1530
          4     0.9498    0.1990    0.3291      3994
          5     0.9509    1.0000    0.9748      1027
          6     0.0000    0.0000    0.0000       463
          7     1.0000    0.9239    0.9605       815

avg / total     0.8468    0.8559    0.8168     54924


             precision    recall  f1-score   support

          0     0.8867    0.9954    0.9379     42924
          1     0.5624    0.6514    0.6036      1612
          2     0.7455    0.1626    0.2669      2559
          3     0.9043    0.3954    0.5503      1530
          4     0.9152    0.4136    0.5698      3994
          5     0.9634    1.0000    0.9814      1027
          6     0.0000    0.0000    0.0000       463
          7     0.9961    0.9460    0.9704       815

avg / total     0.8688    0.8784    0.8527     54924


             precision    recall  f1-score   support

          0     0.8938    0.9944    0.9414     42924
          1     0.6028    0.4293    0.5014      1612
          2     0.6125    0.3329    0.4314      2559
          3     0.8615    0.4268    0.5708      1530
          4     0.9232    0.4697    0.6226      3994
          5     0.9634    1.0000    0.9814      1027
          6     1.0000    0.0065    0.0129       463
          7     0.9961    0.9448    0.9698       815

avg / total     0.8771    0.8841    0.8646     54924


             precision    recall  f1-score   support

          0     0.8923    0.9979    0.9421     42924
          1     0.5910    0.5298    0.5587      1612
          2     0.6693    0.2634    0.3780      2559
          3     0.9212    0.4052    0.5629      1530
          4     0.9686    0.4557    0.6198      3994
          5     0.9652    1.0000    0.9823      1027
          6     1.0000    0.1641    0.2820       463
          7     0.9987    0.9472    0.9723       815

avg / total     0.8832    0.8863    0.8662     54924


             precision    recall  f1-score   support

          0     0.9010    0.9952    0.9457     42924
          1     0.6062    0.5366    0.5693      1612
          2     0.6744    0.2857    0.4013      2559
          3     0.9060    0.4222    0.5760      1530
          4     0.9324    0.5386    0.6827      3994
          5     0.9679    0.9971    0.9823      1027
          6     1.0000    0.3045    0.4669       463
          7     0.9949    0.9534    0.9737       815

avg / total     0.8877    0.8931    0.8770     54924


             precision    recall  f1-score   support

          0     0.8964    0.9969    0.9440     42924
          1     0.6203    0.4560    0.5256      1612
          2     0.6463    0.3470    0.4516      2559
          3     0.8779    0.4229    0.5708      1530
          4     0.9821    0.4672    0.6332      3994
          5     0.9680    1.0000    0.9837      1027
          6     1.0000    0.3305    0.4968       463
          7     1.0000    0.9546    0.9768       815

avg / total     0.8861    0.8900    0.8732     54924


             precision    recall  f1-score   support

          0     0.9041    0.9939    0.9469     42924
          1     0.6852    0.2823    0.3998      1612
          2     0.5817    0.4701    0.5200      2559
          3     0.8901    0.4340    0.5835      1530
          4     0.9556    0.5280    0.6802      3994
          5     0.9680    1.0000    0.9837      1027
          6     0.9953    0.4536    0.6231       463
          7     1.0000    0.9571    0.9781       815

avg / total     0.8894    0.8942    0.8799     54924


             precision    recall  f1-score   support

          0     0.9039    0.9964    0.9479     42924
          1     0.6230    0.3567    0.4536      1612
          2     0.6084    0.4025    0.4845      2559
          3     0.9483    0.4078    0.5704      1530
          4     0.9536    0.5451    0.6936      3994
          5     0.9680    1.0000    0.9837      1027
          6     0.9953    0.4557    0.6252       463
          7     1.0000    0.9571    0.9781       815

avg / total     0.8901    0.8956    0.8812     54924


             precision    recall  f1-score   support

          0     0.9050    0.9971    0.9488     42924
          1     0.6184    0.5540    0.5844      1612
          2     0.7120    0.3150    0.4367      2559
          3     0.9185    0.4346    0.5901      1530
          4     0.9727    0.5538    0.7058      3994
          5     0.9680    1.0000    0.9837      1027
          6     1.0000    0.4708    0.6402       463
          7     1.0000    0.9571    0.9781       815

avg / total     0.8963    0.8994    0.8851     54924


             precision    recall  f1-score   support

          0     0.9085    0.9966    0.9505     42924
          1     0.5910    0.6166    0.6035      1612
          2     0.7434    0.2626    0.3881      2559
          3     0.9267    0.4464    0.6026      1530
          4     0.9701    0.5939    0.7368      3994
          5     0.9680    1.0000    0.9837      1027
          6     1.0000    0.4989    0.6657       463
          7     0.9987    0.9571    0.9774       815

avg / total     0.8997    0.9019    0.8875     54924


             precision    recall  f1-score   support

          0     0.9065    0.9984    0.9502     42924
          1     0.7014    0.2506    0.3693      1612
          2     0.5975    0.4670    0.5242      2559
          3     0.9598    0.4059    0.5705      1530
          4     0.9851    0.5799    0.7300      3994
          5     0.9696    0.9951    0.9822      1027
          6     1.0000    0.5032    0.6695       463
          7     0.9936    0.9595    0.9763       815

avg / total     0.8965    0.8999    0.8853     54924


             precision    recall  f1-score   support

          0     0.9091    0.9964    0.9508     42924
          1     0.5979    0.6383    0.6175      1612
          2     0.7609    0.2724    0.4012      2559
          3     0.8972    0.4562    0.6049      1530
          4     0.9816    0.5866    0.7344      3994
          5     0.9680    1.0000    0.9837      1027
          6     0.9957    0.4968    0.6628       463
          7     1.0000    0.9583    0.9787       815

avg / total     0.9012    0.9026    0.8886     54924


             precision    recall  f1-score   support

          0     0.9125    0.9964    0.9526     42924
          1     0.6869    0.2667    0.3843      1612
          2     0.5939    0.4881    0.5358      2559
          3     0.9292    0.4549    0.6108      1530
          4     0.9855    0.6132    0.7560      3994
          5     0.9680    1.0000    0.9837      1027
          6     0.9760    0.5270    0.6844       463
          7     1.0000    0.9558    0.9774       815

avg / total     0.8997    0.9038    0.8914     54924


             precision    recall  f1-score   support

          0     0.9164    0.9947    0.9540     42924
          1     0.6941    0.4293    0.5305      1612
          2     0.6574    0.4506    0.5347      2559
          3     0.9425    0.4503    0.6095      1530
          4     0.9551    0.6600    0.7806      3994
          5     0.9680    1.0000    0.9837      1027
          6     0.9718    0.5205    0.6779       463
          7     1.0000    0.9571    0.9781       815

avg / total     0.9040    0.9088    0.8984     54924


             precision    recall  f1-score   support

          0     0.9151    0.9965    0.9540     42924
          1     0.6521    0.4733    0.5485      1612
          2     0.6726    0.4134    0.5121      2559
          3     0.9373    0.4595    0.6167      1530
          4     0.9843    0.6440    0.7786      3994
          5     0.9680    1.0000    0.9837      1027
          6     0.9915    0.5032    0.6676       463
          7     1.0000    0.9583    0.9787       815

avg / total     0.9046    0.9087    0.8979     54924


             precision    recall  f1-score   support

          0     0.9174    0.9964    0.9552     42924
          1     0.6851    0.4926    0.5731      1612
          2     0.6933    0.4205    0.5235      2559
          3     0.9454    0.4523    0.6118      1530
          4     0.9780    0.6795    0.8019      3994
          5     0.9680    1.0000    0.9837      1027
          6     0.9918    0.5205    0.6827       463
          7     1.0000    0.9571    0.9781       815

avg / total     0.9081    0.9120    0.9018     54924


             precision    recall  f1-score   support

          0     0.9161    0.9962    0.9545     42924
          1     0.6764    0.4864    0.5659      1612
          2     0.6882    0.4072    0.5117      2559
          3     0.9355    0.4739    0.6291      1530
          4     0.9742    0.6625    0.7887      3994
          5     0.9689    1.0000    0.9842      1027
          6     0.9959    0.5227    0.6856       463
          7     1.0000    0.9595    0.9793       815

avg / total     0.9062    0.9105    0.9000     54924


             precision    recall  f1-score   support

          0     0.9154    0.9961    0.9540     42924
          1     0.6637    0.5471    0.5998      1612
          2     0.7112    0.4033    0.5147      2559
          3     0.9675    0.4471    0.6115      1530
          4     0.9777    0.6475    0.7790      3994
          5     0.9680    1.0000    0.9837      1027
          6     0.9959    0.5248    0.6874       463
          7     1.0000    0.9571    0.9781       815

avg / total     0.9074    0.9102    0.8996     54924


             precision    recall  f1-score   support

          0     0.9181    0.9962    0.9556     42924
          1     0.6221    0.6383    0.6301      1612
          2     0.7845    0.3157    0.4503      2559
          3     0.9225    0.4745    0.6267      1530
          4     0.9767    0.6835    0.8042      3994
          5     0.9680    1.0000    0.9837      1027
          6     1.0000    0.5227    0.6865       463
          7     0.9987    0.9571    0.9774       815

avg / total     0.9104    0.9122    0.9009     54924


             precision    recall  f1-score   support

          0     0.9225    0.9950    0.9574     42924
          1     0.6780    0.5682    0.6183      1612
          2     0.7291    0.4353    0.5451      2559
          3     0.9445    0.4673    0.6253      1530
          4     0.9741    0.7071    0.8194      3994
          5     0.9680    1.0000    0.9837      1027
          6     0.9839    0.5292    0.6882       463
          7     0.9987    0.9583    0.9781       815

avg / total     0.9132    0.9164    0.9075     54924


             precision    recall  f1-score   support

          0     0.9193    0.9973    0.9567     42924
          1     0.6938    0.5130    0.5899      1612
          2     0.7159    0.4334    0.5399      2559
          3     0.9592    0.4614    0.6231      1530
          4     0.9889    0.6920    0.8143      3994
          5     0.9707    1.0000    0.9851      1027
          6     1.0000    0.5205    0.6847       463
          7     1.0000    0.9620    0.9806       815

avg / total     0.9122    0.9152    0.9055     54924


             precision    recall  f1-score   support

          0     0.9235    0.9940    0.9575     42924
          1     0.6572    0.6172    0.6366      1612
          2     0.7399    0.4025    0.5214      2559
          3     0.9088    0.4882    0.6352      1530
          4     0.9745    0.7078    0.8200      3994
          5     0.9689    1.0000    0.9842      1027
          6     0.9921    0.5400    0.6993       463
          7     1.0000    0.9595    0.9793       815

avg / total     0.9130    0.9163    0.9074     54924


             precision    recall  f1-score   support

          0     0.9242    0.9954    0.9585     42924
          1     0.6493    0.6340    0.6416      1612
          2     0.7659    0.4103    0.5344      2559
          3     0.9568    0.4778    0.6373      1530
          4     0.9810    0.7093    0.8233      3994
          5     0.9698    1.0000    0.9847      1027
          6     0.9961    0.5508    0.7093       463
          7     1.0000    0.9595    0.9793       815

avg / total     0.9164    0.9181    0.9094     54924


             precision    recall  f1-score   support

          0     0.9195    0.9966    0.9565     42924
          1     0.7443    0.4460    0.5578      1612
          2     0.6903    0.5096    0.5863      2559
          3     0.9427    0.4732    0.6301      1530
          4     0.9933    0.6693    0.7997      3994
          5     0.9698    1.0000    0.9847      1027
          6     0.9839    0.5292    0.6882       463
          7     1.0000    0.9595    0.9793       815

avg / total     0.9124    0.9149    0.9057     54924


             precision    recall  f1-score   support

          0     0.9228    0.9956    0.9578     42924
          1     0.7231    0.4845    0.5802      1612
          2     0.6886    0.5107    0.5865      2559
          3     0.9485    0.4810    0.6383      1530
          4     0.9935    0.6898    0.8142      3994
          5     0.9680    1.0000    0.9837      1027
          6     0.9920    0.5335    0.6938       463
          7     1.0000    0.9571    0.9781       815

avg / total     0.9145    0.9170    0.9086     54924


             precision    recall  f1-score   support

          0     0.9232    0.9959    0.9582     42924
          1     0.7119    0.5335    0.6099      1612
          2     0.7159    0.4865    0.5793      2559
          3     0.9438    0.4719    0.6292      1530
          4     0.9932    0.6985    0.8202      3994
          5     0.9762    0.9981    0.9870      1027
          6     0.9962    0.5594    0.7165       463
          7     0.9975    0.9693    0.9832       815

avg / total     0.9157    0.9183    0.9100     54924


             precision    recall  f1-score   support

          0     0.9286    0.9940    0.9602     42924
          1     0.6968    0.6259    0.6595      1612
          2     0.7681    0.4853    0.5948      2559
          3     0.9379    0.4935    0.6467      1530
          4     0.9699    0.7341    0.8357      3994
          5     0.9735    1.0000    0.9866      1027
          6     1.0000    0.5248    0.6884       463
          7     1.0000    0.9656    0.9825       815

avg / total     0.9201    0.9224    0.9151     54924


             precision    recall  f1-score   support

          0     0.9276    0.9956    0.9604     42924
          1     0.7039    0.5986    0.6470      1612
          2     0.7616    0.4893    0.5958      2559
          3     0.9576    0.4869    0.6456      1530
          4     0.9824    0.7258    0.8348      3994
          5     0.9689    1.0000    0.9842      1027
          6     0.9963    0.5767    0.7305       463
          7     1.0000    0.9583    0.9787       815

avg / total     0.9205    0.9225    0.9151     54924


             precision    recall  f1-score   support

          0     0.9279    0.9952    0.9604     42924
          1     0.7056    0.6067    0.6524      1612
          2     0.7777    0.4717    0.5872      2559
          3     0.9281    0.4810    0.6337      1530
          4     0.9741    0.7429    0.8429      3994
          5     0.9780    0.9971    0.9875      1027
          6     1.0000    0.5745    0.7298       463
          7     0.9962    0.9718    0.9839       815

avg / total     0.9203    0.9229    0.9152     54924


             precision    recall  f1-score   support

          0     0.9274    0.9939    0.9595     42924
          1     0.7584    0.4615    0.5739      1612
          2     0.6891    0.6010    0.6420      2559
          3     0.9406    0.4967    0.6501      1530
          4     0.9871    0.6895    0.8119      3994
          5     0.9707    1.0000    0.9851      1027
          6     0.9962    0.5724    0.7270       463
          7     0.9987    0.9620    0.9800       815

avg / total     0.9185    0.9201    0.9129     54924


             precision    recall  f1-score   support

          0     0.9287    0.9954    0.9609     42924
          1     0.7519    0.5416    0.6296      1612
          2     0.7449    0.5408    0.6267      2559
          3     0.9519    0.4915    0.6483      1530
          4     0.9803    0.7344    0.8397      3994
          5     0.9753    1.0000    0.9875      1027
          6     1.0000    0.5918    0.7436       463
          7     0.9987    0.9669    0.9825       815

avg / total     0.9219    0.9242    0.9171     54924


             precision    recall  f1-score   support

          0     0.9309    0.9935    0.9612     42924
          1     0.7750    0.4572    0.5751      1612
          2     0.7079    0.5635    0.6275      2559
          3     0.9300    0.5039    0.6537      1530
          4     0.9453    0.7524    0.8379      3994
          5     0.9735    1.0000    0.9866      1027
          6     1.0000    0.5918    0.7436       463
          7     1.0000    0.9656    0.9825       815

avg / total     0.9193    0.9229    0.9157     54924


             precision    recall  f1-score   support

          0     0.9366    0.9905    0.9628     42924
          1     0.7185    0.6303    0.6715      1612
          2     0.7568    0.5838    0.6592      2559
          3     0.9449    0.5039    0.6573      1530
          4     0.9459    0.7614    0.8437      3994
          5     0.9781    1.0000    0.9889      1027
          6     1.0000    0.5788    0.7332       463
          7     0.9987    0.9718    0.9851       815

avg / total     0.9250    0.9272    0.9218     54924


             precision    recall  f1-score   support

          0     0.9267    0.9960    0.9601     42924
          1     0.7074    0.6495    0.6772      1612
          2     0.8138    0.4885    0.6105      2559
          3     0.9128    0.5203    0.6628      1530
          4     0.9935    0.6930    0.8165      3994
          5     0.9781    1.0000    0.9889      1027
          6     1.0000    0.5940    0.7453       463
          7     0.9987    0.9718    0.9851       815

avg / total     0.9222    0.9232    0.9159     54924


             precision    recall  f1-score   support

          0     0.9321    0.9945    0.9623     42924
          1     0.7620    0.5720    0.6534      1612
          2     0.7584    0.5619    0.6456      2559
          3     0.9267    0.5203    0.6664      1530
          4     0.9786    0.7439    0.8452      3994
          5     0.9689    1.0000    0.9842      1027
          6     0.9859    0.6026    0.7480       463
          7     0.9987    0.9595    0.9787       815

avg / total     0.9244    0.9268    0.9206     54924


             precision    recall  f1-score   support

          0     0.9347    0.9930    0.9630     42924
          1     0.7388    0.6315    0.6809      1612
          2     0.8033    0.5361    0.6431      2559
          3     0.9124    0.5307    0.6711      1530
          4     0.9452    0.7649    0.8456      3994
          5     0.9837    1.0000    0.9918      1027
          6     1.0000    0.5896    0.7418       463
          7     0.9987    0.9791    0.9888       815

avg / total     0.9254    0.9282    0.9222     54924


             precision    recall  f1-score   support

          0     0.9361    0.9935    0.9640     42924
          1     0.7466    0.5720    0.6477      1612
          2     0.7682    0.5776    0.6594      2559
          3     0.9099    0.5346    0.6735      1530
          4     0.9613    0.7654    0.8522      3994
          5     0.9781    1.0000    0.9889      1027
          6     1.0000    0.6134    0.7604       463
          7     0.9987    0.9718    0.9851       815

avg / total     0.9261    0.9290    0.9233     54924


             precision    recall  f1-score   support

          0     0.9325    0.9956    0.9630     42924
          1     0.7482    0.6321    0.6853      1612
          2     0.8179    0.5440    0.6534      2559
          3     0.9536    0.5105    0.6650      1530
          4     0.9716    0.7536    0.8488      3994
          5     0.9799    0.9990    0.9894      1027
          6     0.9891    0.5896    0.7388       463
          7     0.9975    0.9742    0.9857       815

avg / total     0.9275    0.9291    0.9228     54924


             precision    recall  f1-score   support

          0     0.9359    0.9954    0.9647     42924
          1     0.7553    0.6241    0.6834      1612
          2     0.7998    0.5995    0.6853      2559
          3     0.9555    0.5190    0.6726      1530
          4     0.9803    0.7486    0.8489      3994
          5     0.9847    1.0000    0.9923      1027
          6     0.9900    0.6393    0.7769       463
          7     0.9988    0.9804    0.9895       815

avg / total     0.9303    0.9317    0.9262     54924


             precision    recall  f1-score   support

          0     0.9369    0.9922    0.9638     42924
          1     0.7737    0.6172    0.6867      1612
          2     0.7696    0.6252    0.6900      2559
          3     0.9669    0.4967    0.6563      1530
          4     0.9601    0.7581    0.8472      3994
          5     0.9856    1.0000    0.9928      1027
          6     0.9780    0.6717    0.7964       463
          7     0.9988    0.9816    0.9901       815

avg / total     0.9290    0.9306    0.9254     54924


             precision    recall  f1-score   support

          0     0.9405    0.9918    0.9655     42924
          1     0.7615    0.6179    0.6822      1612
          2     0.7782    0.6417    0.7034      2559
          3     0.9236    0.5373    0.6793      1530
          4     0.9603    0.7684    0.8537      3994
          5     0.9828    1.0000    0.9913      1027
          6     0.9904    0.6695    0.7990       463
          7     0.9987    0.9779    0.9882       815

avg / total     0.9307    0.9328    0.9283     54924


             precision    recall  f1-score   support

          0     0.9362    0.9948    0.9646     42924
          1     0.7734    0.6607    0.7126      1612
          2     0.8271    0.6018    0.6967      2559
          3     0.9061    0.5425    0.6787      1530
          4     0.9845    0.7466    0.8492      3994
          5     0.9846    0.9981    0.9913      1027
          6     1.0000    0.6112    0.7587       463
          7     0.9963    0.9804    0.9882       815

avg / total     0.9313    0.9327    0.9275     54924


             precision    recall  f1-score   support

          0     0.9367    0.9946    0.9648     42924
          1     0.7978    0.5726    0.6667      1612
          2     0.7797    0.6444    0.7056      2559
          3     0.9103    0.5373    0.6757      1530
          4     0.9822    0.7471    0.8487      3994
          5     0.9856    1.0000    0.9928      1027
          6     1.0000    0.6220    0.7670       463
          7     1.0000    0.9816    0.9907       815

avg / total     0.9302    0.9320    0.9267     54924


             precision    recall  f1-score   support

          0     0.9402    0.9927    0.9657     42924
          1     0.7448    0.7078    0.7258      1612
          2     0.8338    0.6135    0.7069      2559
          3     0.9662    0.5046    0.6629      1530
          4     0.9518    0.7709    0.8518      3994
          5     0.9865    0.9990    0.9927      1027
          6     0.9871    0.6587    0.7902       463
          7     0.9988    0.9828    0.9907       815

avg / total     0.9332    0.9341    0.9293     54924


             precision    recall  f1-score   support

          0     0.9410    0.9924    0.9660     42924
          1     0.7606    0.6780    0.7170      1612
          2     0.8215    0.6260    0.7106      2559
          3     0.9062    0.5556    0.6888      1530
          4     0.9652    0.7707    0.8570      3994
          5     0.9885    1.0000    0.9942      1027
          6     0.9967    0.6436    0.7822       463
          7     0.9988    0.9840    0.9913       815

avg / total     0.9332    0.9349    0.9305     54924


             precision    recall  f1-score   support

          0     0.9388    0.9941    0.9657     42924
          1     0.7715    0.7016    0.7349      1612
          2     0.8492    0.5987    0.7023      2559
          3     0.9108    0.5542    0.6892      1530
          4     0.9766    0.7626    0.8565      3994
          5     0.9913    1.0000    0.9956      1027
          6     0.9935    0.6652    0.7969       463
          7     0.9988    0.9877    0.9932       815

avg / total     0.9340    0.9353    0.9305     54924


             precision    recall  f1-score   support

          0     0.9420    0.9923    0.9665     42924
          1     0.7984    0.6117    0.6927      1612
          2     0.7662    0.7018    0.7326      2559
          3     0.9465    0.5431    0.6902      1530
          4     0.9814    0.7641    0.8592      3994
          5     0.9923    0.9990    0.9956      1027
          6     0.9933    0.6436    0.7811       463
          7     0.9975    0.9890    0.9932       815

avg / total     0.9348    0.9356    0.9314     54924


             precision    recall  f1-score   support

          0     0.9450    0.9874    0.9658     42924
          1     0.8189    0.6340    0.7147      1612
          2     0.7748    0.7112    0.7416      2559
          3     0.8771    0.5739    0.6938      1530
          4     0.9320    0.7784    0.8483      3994
          5     0.9951    0.9981    0.9966      1027
          6     1.0000    0.6371    0.7784       463
          7     0.9963    0.9939    0.9951       815

avg / total     0.9327    0.9348    0.9313     54924


             precision    recall  f1-score   support

          0     0.9439    0.9918    0.9672     42924
          1     0.8065    0.6359    0.7111      1612
          2     0.7861    0.6964    0.7385      2559
          3     0.9446    0.5124    0.6644      1530
          4     0.9512    0.7852    0.8602      3994
          5     0.9913    1.0000    0.9956      1027
          6     0.9556    0.6501    0.7738       463
          7     0.9975    0.9877    0.9926       815

avg / total     0.9348    0.9364    0.9321     54924


             precision    recall  f1-score   support

          0     0.9406    0.9938    0.9665     42924
          1     0.8077    0.6799    0.7383      1612
          2     0.8240    0.6768    0.7432      2559
          3     0.9062    0.5497    0.6843      1530
          4     0.9823    0.7486    0.8497      3994
          5     0.9923    0.9990    0.9956      1027
          6     0.9868    0.6436    0.7791       463
          7     0.9988    0.9877    0.9932       815

avg / total     0.9356    0.9367    0.9324     54924

val_loss:0.45631108819,0.406761767616,0.381303770934,0.370339925858,0.358726348279,0.357419424754,0.346106222227,0.339215229752,0.327494694308,0.31956395838,0.320186817024,0.309848420327,0.304038485224,0.299850588715,0.292174954357,0.290943720318,0.285735407272,0.285112980922,0.282267054685,0.272658257876,0.27189268609,0.269146280968,0.267341415659,0.267531532351,0.26385350584,0.255692172912,0.250046784076,0.249080524721,0.244404393642,0.251772201954,0.237464208904,0.241044822803,0.234702486241,0.243235091016,0.229278950695,0.229435040041,0.224222582666,0.219957651334,0.216596708582,0.216483369816,0.213852422937,0.213530761793,0.212429785578,0.210365565274,0.205773993208,0.204596024914,0.20133211882,0.207260990917,0.201090681626,0.198350938755
acc:0.811271057916,0.864525175216,0.877743114775,0.884188228454,0.889310333369,0.891367672949,0.89276957595,0.894244303533,0.896556532879,0.898814144889,0.901065686523,0.903651014369,0.904804097852,0.906855367651,0.908002380078,0.909477109007,0.910781911515,0.911795407929,0.913294414042,0.913925573246,0.915157549755,0.915825122604,0.917384817165,0.91799170061,0.918920235499,0.919836629813,0.921226395,0.92168762765,0.922470508507,0.923684277967,0.924558191816,0.925474586335,0.926227123606,0.926821869974,0.92782929917,0.92866072953,0.929546781263,0.930275043177,0.930796962738,0.931373502334,0.932380931048,0.932605477227,0.933467252931,0.933928485984,0.93458998993,0.935366800801,0.936095062722,0.936307471555,0.937314898117,0.93775185541
loss:0.607666220771,0.429410668927,0.39758774597,0.377203597681,0.363644630899,0.354810729323,0.347766064794,0.341815367755,0.333737323067,0.32622706947,0.319688458347,0.312289765152,0.306687524867,0.301523504618,0.295596162334,0.292181831565,0.287583177342,0.283334552011,0.278266277137,0.276243673954,0.271779701971,0.267633329176,0.263708926936,0.260564754457,0.257096920737,0.252537043536,0.248858418151,0.24553010719,0.243274415883,0.239666292252,0.236810778616,0.233094646288,0.229937070195,0.228026884185,0.224107852545,0.221662968971,0.218620460737,0.216074331904,0.21381040614,0.211743783337,0.208528545081,0.206579029047,0.205057327858,0.202778512281,0.200603159942,0.19841560222,0.196408725264,0.195025077086,0.192023152028,0.190040987027
val_acc:0.855891777525,0.878432014844,0.88405797019,0.886279221677,0.893106838632,0.890029858574,0.894162840671,0.895637606413,0.89942465844,0.901900806957,0.899916244733,0.902629085743,0.90384895284,0.908819457238,0.908692007714,0.912042092308,0.910512707302,0.910166773456,0.912224163922,0.916411769867,0.915228315477,0.91628432115,0.918123227151,0.91490059087,0.917012601407,0.91832350411,0.922401866278,0.92254752357,0.922911662761,0.920107788164,0.924167943777,0.922875248438,0.927226715404,0.923221181073,0.926789749182,0.9281734773,0.929011000265,0.929065619126,0.93166921636,0.930595005343,0.932816256022,0.932670599135,0.931960529327,0.93412715711,0.934910057582,0.935274196773,0.935601922852,0.934819023188,0.936384821305,0.936657927313
lr:0.00160223,0.00160223,0.00160223,0.00160223,0.00160223,0.00160223,0.00160223,0.00160223,0.00160223,0.00160223,0.00160223,0.00160223,0.00160223,0.00160223,0.00160223,0.00160223,0.00160223,0.00160223,0.00160223,0.00160223,0.00160223,0.00160223,0.00160223,0.00160223,0.00160223,0.00160223,0.00160223,0.00160223,0.00160223,0.00160223,0.00160223,0.00160223,0.00160223,0.00160223,0.00160223,0.00160223,0.00160223,0.00160223,0.00160223,0.00160223,0.00160223,0.00160223,0.00160223,0.00160223,0.00160223,0.00160223,0.00160223,0.00160223,0.00160223,0.00160223
