
             precision    recall  f1-score   support

          0     0.8721    0.9990    0.9313     42924
          1     0.5749    0.6594    0.6143      1612
          2     0.7749    0.1520    0.2542      2559
          3     0.9171    0.3686    0.5259      1530
          4     0.9958    0.2376    0.3837      3994
          5     0.9660    0.9951    0.9803      1027
          6     0.0000    0.0000    0.0000       463
          7     0.9923    0.9485    0.9699       815

avg / total     0.8653    0.8674    0.8329     54924


             precision    recall  f1-score   support

          0     0.8949    0.9970    0.9432     42924
          1     0.6797    0.1514    0.2476      1612
          2     0.5433    0.4556    0.4956      2559
          3     0.8776    0.4216    0.5695      1530
          4     0.9872    0.4639    0.6312      3994
          5     0.9651    0.9951    0.9799      1027
          6     1.0000    0.3110    0.4745       463
          7     0.9923    0.9534    0.9725       815

avg / total     0.8821    0.8857    0.8660     54924


             precision    recall  f1-score   support

          0     0.8988    0.9966    0.9452     42924
          1     0.5758    0.6005    0.5879      1612
          2     0.7021    0.2532    0.3722      2559
          3     0.8853    0.4288    0.5777      1530
          4     0.9933    0.4845    0.6513      3994
          5     0.9651    0.9951    0.9799      1027
          6     1.0000    0.4147    0.5863       463
          7     0.9911    0.9534    0.9719       815

avg / total     0.8901    0.8917    0.8744     54924


             precision    recall  f1-score   support

          0     0.8987    0.9987    0.9461     42924
          1     0.6354    0.4584    0.5326      1612
          2     0.6522    0.3341    0.4419      2559
          3     0.9667    0.3797    0.5453      1530
          4     0.9858    0.5233    0.6837      3994
          5     0.9660    0.9951    0.9803      1027
          6     1.0000    0.4039    0.5754       463
          7     0.9936    0.9546    0.9737       815

avg / total     0.8913    0.8944    0.8781     54924


             precision    recall  f1-score   support

          0     0.9023    0.9965    0.9470     42924
          1     0.5873    0.6241    0.6051      1612
          2     0.7643    0.2345    0.3589      2559
          3     0.9349    0.4320    0.5910      1530
          4     0.9515    0.5408    0.6897      3994
          5     0.9678    0.9951    0.9813      1027
          6     1.0000    0.4341    0.6054       463
          7     0.9936    0.9583    0.9756       815

avg / total     0.8945    0.8959    0.8791     54924


             precision    recall  f1-score   support

          0     0.9136    0.9969    0.9534     42924
          1     0.6194    0.5533    0.5845      1612
          2     0.6953    0.3228    0.4409      2559
          3     0.9485    0.4458    0.6065      1530
          4     0.9827    0.6527    0.7844      3994
          5     0.9678    0.9961    0.9818      1027
          6     1.0000    0.5184    0.6828       463
          7     0.9936    0.9583    0.9756       815

avg / total     0.9037    0.9075    0.8953     54924


             precision    recall  f1-score   support

          0     0.9213    0.9916    0.9552     42924
          1     0.6039    0.6383    0.6206      1612
          2     0.7425    0.3075    0.4349      2559
          3     0.9383    0.4575    0.6151      1530
          4     0.9178    0.7161    0.8045      3994
          5     0.9678    0.9961    0.9818      1027
          6     0.9961    0.5572    0.7147       463
          7     0.9949    0.9583    0.9763       815

avg / total     0.9065    0.9104    0.8995     54924


             precision    recall  f1-score   support

          0     0.9204    0.9927    0.9552     42924
          1     0.6735    0.4913    0.5681      1612
          2     0.6932    0.4088    0.5143      2559
          3     0.9128    0.4654    0.6165      1530
          4     0.9288    0.7148    0.8079      3994
          5     0.9688    0.9990    0.9837      1027
          6     1.0000    0.5400    0.7013       463
          7     0.9987    0.9595    0.9787       815

avg / total     0.9057    0.9117    0.9019     54924


             precision    recall  f1-score   support

          0     0.9213    0.9945    0.9565     42924
          1     0.7161    0.4913    0.5828      1612
          2     0.6978    0.4611    0.5553      2559
          3     0.9413    0.4608    0.6187      1530
          4     0.9573    0.7066    0.8130      3994
          5     0.9697    0.9961    0.9827      1027
          6     1.0000    0.5508    0.7103       463
          7     0.9949    0.9607    0.9775       815

avg / total     0.9107    0.9149    0.9057     54924


             precision    recall  f1-score   support

          0     0.9235    0.9949    0.9578     42924
          1     0.6333    0.6278    0.6305      1612
          2     0.7605    0.3736    0.5010      2559
          3     0.9359    0.4771    0.6320      1530
          4     0.9681    0.7066    0.8169      3994
          5     0.9688    0.9990    0.9837      1027
          6     0.9863    0.6199    0.7613       463
          7     0.9987    0.9595    0.9787       815

avg / total     0.9135    0.9161    0.9068     54924


             precision    recall  f1-score   support

          0     0.9223    0.9947    0.9571     42924
          1     0.7276    0.4888    0.5848      1612
          2     0.7080    0.4822    0.5737      2559
          3     0.9563    0.4719    0.6319      1530
          4     0.9546    0.7006    0.8081      3994
          5     0.9688    0.9990    0.9837      1027
          6     0.9928    0.5961    0.7449       463
          7     0.9987    0.9595    0.9787       815

avg / total     0.9125    0.9162    0.9075     54924


             precision    recall  f1-score   support

          0     0.9272    0.9942    0.9595     42924
          1     0.6506    0.6607    0.6556      1612
          2     0.7975    0.3986    0.5315      2559
          3     0.9685    0.4627    0.6263      1530
          4     0.9514    0.7456    0.8360      3994
          5     0.9696    0.9951    0.9822      1027
          6     1.0000    0.6069    0.7554       463
          7     0.9937    0.9607    0.9769       815

avg / total     0.9184    0.9200    0.9114     54924


             precision    recall  f1-score   support

          0     0.9263    0.9950    0.9594     42924
          1     0.7242    0.4659    0.5670      1612
          2     0.6806    0.5096    0.5828      2559
          3     0.9443    0.4765    0.6334      1530
          4     0.9798    0.7291    0.8361      3994
          5     0.9679    0.9981    0.9827      1027
          6     1.0000    0.6026    0.7520       463
          7     0.9974    0.9583    0.9775       815

avg / total     0.9158    0.9193    0.9113     54924


             precision    recall  f1-score   support

          0     0.9307    0.9912    0.9600     42924
          1     0.7175    0.5546    0.6256      1612
          2     0.7127    0.5428    0.6162      2559
          3     0.9561    0.4699    0.6301      1530
          4     0.9595    0.7469    0.8399      3994
          5     0.9661    0.9981    0.9818      1027
          6     0.9968    0.6631    0.7964       463
          7     0.9974    0.9558    0.9762       815

avg / total     0.9193    0.9221    0.9155     54924


             precision    recall  f1-score   support

          0     0.9289    0.9952    0.9609     42924
          1     0.7065    0.6017    0.6499      1612
          2     0.7642    0.4939    0.6000      2559
          3     0.9385    0.4791    0.6344      1530
          4     0.9843    0.7379    0.8434      3994
          5     0.9722    0.9864    0.9792      1027
          6     1.0000    0.6328    0.7751       463
          7     0.9825    0.9644    0.9734       815

avg / total     0.9212    0.9235    0.9163     54924


             precision    recall  f1-score   support

          0     0.9291    0.9949    0.9609     42924
          1     0.7233    0.6098    0.6617      1612
          2     0.7760    0.5076    0.6137      2559
          3     0.9110    0.4882    0.6357      1530
          4     0.9845    0.7308    0.8389      3994
          5     0.9705    0.9942    0.9822      1027
          6     1.0000    0.6479    0.7864       463
          7     0.9924    0.9620    0.9769       815

avg / total     0.9218    0.9242    0.9172     54924


             precision    recall  f1-score   support

          0     0.9338    0.9920    0.9620     42924
          1     0.7231    0.6253    0.6707      1612
          2     0.7771    0.5326    0.6320      2559
          3     0.8797    0.5307    0.6620      1530
          4     0.9663    0.7539    0.8470      3994
          5     0.9670    1.0000    0.9832      1027
          6     1.0000    0.6328    0.7751       463
          7     1.0000    0.9571    0.9781       815

avg / total     0.9233    0.9263    0.9204     54924


             precision    recall  f1-score   support

          0     0.9341    0.9909    0.9616     42924
          1     0.7586    0.5887    0.6629      1612
          2     0.7318    0.6002    0.6595      2559
          3     0.9226    0.4987    0.6474      1530
          4     0.9646    0.7426    0.8392      3994
          5     0.9679    0.9990    0.9832      1027
          6     1.0000    0.6371    0.7784       463
          7     0.9987    0.9583    0.9781       815

avg / total     0.9235    0.9258    0.9202     54924


             precision    recall  f1-score   support

          0     0.9362    0.9910    0.9628     42924
          1     0.7949    0.5000    0.6139      1612
          2     0.6913    0.6862    0.6888      2559
          3     0.9270    0.4980    0.6480      1530
          4     0.9916    0.7389    0.8468      3994
          5     0.9689    1.0000    0.9842      1027
          6     1.0000    0.6371    0.7784       463
          7     1.0000    0.9595    0.9793       815

avg / total     0.9265    0.9270    0.9217     54924


             precision    recall  f1-score   support

          0     0.9346    0.9937    0.9633     42924
          1     0.7797    0.6191    0.6902      1612
          2     0.7784    0.6135    0.6862      2559
          3     0.9684    0.5013    0.6606      1530
          4     0.9746    0.7499    0.8476      3994
          5     0.9742    0.9942    0.9841      1027
          6     1.0000    0.6091    0.7570       463
          7     0.9924    0.9669    0.9795       815

avg / total     0.9288    0.9299    0.9244     54924


             precision    recall  f1-score   support

          0     0.9368    0.9861    0.9608     42924
          1     0.7740    0.5906    0.6700      1612
          2     0.7775    0.5545    0.6474      2559
          3     0.9271    0.5320    0.6761      1530
          4     0.8755    0.8015    0.8369      3994
          5     0.9688    0.9990    0.9837      1027
          6     0.9967    0.6587    0.7932       463
          7     0.9987    0.9595    0.9787       815

avg / total     0.9219    0.9254    0.9200     54924


             precision    recall  f1-score   support

          0     0.9385    0.9934    0.9652     42924
          1     0.8028    0.5428    0.6477      1612
          2     0.7631    0.6420    0.6974      2559
          3     0.9218    0.5392    0.6804      1530
          4     0.9667    0.7699    0.8571      3994
          5     0.9744    0.9990    0.9865      1027
          6     0.9877    0.6911    0.8132       463
          7     0.9975    0.9669    0.9819       815

avg / total     0.9299    0.9321    0.9270     54924


             precision    recall  f1-score   support

          0     0.9364    0.9944    0.9645     42924
          1     0.7390    0.6780    0.7072      1612
          2     0.8377    0.5467    0.6616      2559
          3     0.8946    0.5490    0.6804      1530
          4     0.9800    0.7599    0.8560      3994
          5     0.9689    1.0000    0.9842      1027
          6     1.0000    0.6717    0.8036       463
          7     1.0000    0.9595    0.9793       815

avg / total     0.9301    0.9317    0.9263     54924


             precision    recall  f1-score   support

          0     0.9411    0.9914    0.9656     42924
          1     0.7858    0.6234    0.6953      1612
          2     0.7876    0.6651    0.7212      2559
          3     0.9619    0.5118    0.6681      1530
          4     0.9447    0.7792    0.8540      3994
          5     0.9707    0.9990    0.9846      1027
          6     0.9937    0.6803    0.8077       463
          7     0.9975    0.9620    0.9794       815

avg / total     0.9321    0.9337    0.9291     54924


             precision    recall  f1-score   support

          0     0.9428    0.9919    0.9667     42924
          1     0.8158    0.6098    0.6979      1612
          2     0.7783    0.6956    0.7346      2559
          3     0.9441    0.5294    0.6784      1530
          4     0.9561    0.7794    0.8588      3994
          5     0.9760    0.9912    0.9836      1027
          6     1.0000    0.6760    0.8067       463
          7     0.9887    0.9693    0.9789       815

avg / total     0.9342    0.9356    0.9313     54924


             precision    recall  f1-score   support

          0     0.9472    0.9864    0.9664     42924
          1     0.7603    0.6867    0.7216      1612
          2     0.7555    0.7124    0.7333      2559
          3     0.9301    0.5654    0.7033      1530
          4     0.9481    0.7682    0.8487      3994
          5     0.9725    0.9990    0.9856      1027
          6     1.0000    0.7451    0.8540       463
          7     0.9987    0.9644    0.9813       815

avg / total     0.9341    0.9351    0.9321     54924


             precision    recall  f1-score   support

          0     0.9480    0.9871    0.9671     42924
          1     0.7604    0.7227    0.7411      1612
          2     0.7921    0.6952    0.7405      2559
          3     0.8675    0.5993    0.7089      1530
          4     0.9615    0.7752    0.8583      3994
          5     0.9734    0.9990    0.9861      1027
          6     0.9849    0.7063    0.8226       463
          7     0.9987    0.9656    0.9819       815

avg / total     0.9355    0.9370    0.9342     54924


             precision    recall  f1-score   support

          0     0.9371    0.9943    0.9648     42924
          1     0.8006    0.6600    0.7236      1612
          2     0.8196    0.6303    0.7126      2559
          3     0.9297    0.5444    0.6867      1530
          4     0.9840    0.7396    0.8445      3994
          5     0.9818    0.9971    0.9894      1027
          6     0.9440    0.6911    0.7980       463
          7     0.9962    0.9767    0.9864       815

avg / total     0.9326    0.9337    0.9289     54924


             precision    recall  f1-score   support

          0     0.9464    0.9888    0.9672     42924
          1     0.7649    0.7022    0.7322      1612
          2     0.7935    0.6772    0.7308      2559
          3     0.8722    0.5889    0.7031      1530
          4     0.9697    0.7774    0.8630      3994
          5     0.9762    1.0000    0.9880      1027
          6     0.9821    0.7106    0.8246       463
          7     1.0000    0.9693    0.9844       815

avg / total     0.9352    0.9370    0.9338     54924


             precision    recall  f1-score   support

          0     0.9449    0.9929    0.9683     42924
          1     0.7781    0.7264    0.7514      1612
          2     0.8539    0.6530    0.7400      2559
          3     0.9206    0.5458    0.6853      1530
          4     0.9655    0.7849    0.8659      3994
          5     0.9725    1.0000    0.9861      1027
          6     0.9753    0.7667    0.8585       463
          7     1.0000    0.9644    0.9819       815

avg / total     0.9382    0.9394    0.9356     54924


             precision    recall  f1-score   support

          0     0.9497    0.9887    0.9688     42924
          1     0.7915    0.6948    0.7400      1612
          2     0.8271    0.6956    0.7557      2559
          3     0.9042    0.6105    0.7288      1530
          4     0.9286    0.8015    0.8604      3994
          5     0.9875    0.9961    0.9918      1027
          6     1.0000    0.7538    0.8596       463
          7     0.9950    0.9840    0.9895       815

avg / total     0.9383    0.9403    0.9374     54924


             precision    recall  f1-score   support

          0     0.9494    0.9898    0.9692     42924
          1     0.8161    0.6799    0.7418      1612
          2     0.8039    0.7417    0.7715      2559
          3     0.8808    0.6085    0.7198      1530
          4     0.9666    0.7832    0.8653      3994
          5     0.9894    0.9990    0.9942      1027
          6     1.0000    0.7235    0.8396       463
          7     0.9988    0.9865    0.9926       815

avg / total     0.9400    0.9414    0.9385     54924


             precision    recall  f1-score   support

          0     0.9463    0.9930    0.9691     42924
          1     0.8123    0.6979    0.7508      1612
          2     0.8249    0.7292    0.7741      2559
          3     0.9283    0.5673    0.7043      1530
          4     0.9867    0.7619    0.8598      3994
          5     0.9856    0.9981    0.9918      1027
          6     0.9651    0.7775    0.8612       463
          7     0.9975    0.9816    0.9895       815

avg / total     0.9408    0.9415    0.9381     54924


             precision    recall  f1-score   support

          0     0.9501    0.9904    0.9698     42924
          1     0.8436    0.6892    0.7586      1612
          2     0.8385    0.7366    0.7843      2559
          3     0.8545    0.6333    0.7275      1530
          4     0.9593    0.7909    0.8670      3994
          5     0.9866    1.0000    0.9932      1027
          6     1.0000    0.7408    0.8511       463
          7     1.0000    0.9816    0.9907       815

avg / total     0.9416    0.9432    0.9405     54924


             precision    recall  f1-score   support

          0     0.9480    0.9930    0.9700     42924
          1     0.7944    0.7264    0.7589      1612
          2     0.8413    0.6921    0.7594      2559
          3     0.9094    0.6105    0.7305      1530
          4     0.9775    0.7719    0.8626      3994
          5     0.9800    1.0000    0.9899      1027
          6     0.9862    0.7711    0.8655       463
          7     1.0000    0.9742    0.9869       815

avg / total     0.9413    0.9424    0.9392     54924


             precision    recall  f1-score   support

          0     0.9511    0.9908    0.9705     42924
          1     0.8049    0.7295    0.7654      1612
          2     0.8374    0.7304    0.7802      2559
          3     0.8902    0.6464    0.7490      1530
          4     0.9697    0.7769    0.8627      3994
          5     0.9828    1.0000    0.9913      1027
          6     0.9836    0.7775    0.8685       463
          7     1.0000    0.9779    0.9888       815

avg / total     0.9428    0.9440    0.9414     54924


             precision    recall  f1-score   support

          0     0.9452    0.9941    0.9690     42924
          1     0.8357    0.7035    0.7639      1612
          2     0.8379    0.7554    0.7945      2559
          3     0.9455    0.5444    0.6910      1530
          4     0.9878    0.7526    0.8543      3994
          5     0.9904    1.0000    0.9952      1027
          6     0.9601    0.7279    0.8280       463
          7     1.0000    0.9877    0.9938       815

avg / total     0.9419    0.9421    0.9384     54924


             precision    recall  f1-score   support

          0     0.9538    0.9888    0.9710     42924
          1     0.8516    0.6799    0.7561      1612
          2     0.8082    0.7886    0.7983      2559
          3     0.8647    0.6477    0.7407      1530
          4     0.9598    0.7952    0.8698      3994
          5     0.9971    0.9990    0.9981      1027
          6     1.0000    0.7430    0.8525       463
          7     0.9988    0.9963    0.9975       815

avg / total     0.9439    0.9451    0.9428     54924


             precision    recall  f1-score   support

          0     0.9539    0.9889    0.9711     42924
          1     0.8625    0.6811    0.7612      1612
          2     0.8025    0.8097    0.8061      2559
          3     0.8612    0.6529    0.7428      1530
          4     0.9785    0.7844    0.8708      3994
          5     0.9913    1.0000    0.9956      1027
          6     0.9591    0.7603    0.8482       463
          7     1.0000    0.9890    0.9944       815

avg / total     0.9448    0.9456    0.9433     54924


             precision    recall  f1-score   support

          0     0.9521    0.9904    0.9709     42924
          1     0.8086    0.7469    0.7765      1612
          2     0.8251    0.7597    0.7910      2559
          3     0.9067    0.6098    0.7292      1530
          4     0.9788    0.7849    0.8712      3994
          5     0.9689    1.0000    0.9842      1027
          6     0.9972    0.7581    0.8613       463
          7     1.0000    0.9583    0.9787       815

avg / total     0.9440    0.9447    0.9422     54924


             precision    recall  f1-score   support

          0     0.9544    0.9872    0.9705     42924
          1     0.8189    0.7407    0.7779      1612
          2     0.8388    0.7343    0.7831      2559
          3     0.8972    0.6275    0.7385      1530
          4     0.9310    0.8240    0.8742      3994
          5     0.9952    1.0000    0.9976      1027
          6     0.9499    0.7775    0.8551       463
          7     1.0000    0.9939    0.9969       815

avg / total     0.9431    0.9449    0.9426     54924


             precision    recall  f1-score   support

          0     0.9560    0.9884    0.9719     42924
          1     0.8564    0.6731    0.7537      1612
          2     0.8094    0.7980    0.8036      2559
          3     0.9086    0.6301    0.7441      1530
          4     0.9399    0.8220    0.8770      3994
          5     0.9971    0.9981    0.9976      1027
          6     0.9751    0.7624    0.8558       463
          7     0.9975    0.9963    0.9969       815

avg / total     0.9453    0.9466    0.9443     54924


             precision    recall  f1-score   support

          0     0.9566    0.9869    0.9716     42924
          1     0.8145    0.7680    0.7905      1612
          2     0.8369    0.7800    0.8074      2559
          3     0.9337    0.6261    0.7496      1530
          4     0.9319    0.8190    0.8718      3994
          5     0.9952    0.9990    0.9971      1027
          6     0.9749    0.7559    0.8516       463
          7     0.9988    0.9926    0.9957       815

avg / total     0.9460    0.9470    0.9450     54924


             precision    recall  f1-score   support

          0     0.9557    0.9905    0.9728     42924
          1     0.8394    0.7196    0.7749      1612
          2     0.8296    0.8030    0.8161      2559
          3     0.9041    0.6529    0.7583      1530
          4     0.9757    0.7957    0.8766      3994
          5     0.9971    0.9961    0.9966      1027
          6     0.9811    0.7840    0.8715       463
          7     0.9939    0.9963    0.9951       815

avg / total     0.9480    0.9487    0.9466     54924


             precision    recall  f1-score   support

          0     0.9549    0.9895    0.9719     42924
          1     0.8582    0.6911    0.7656      1612
          2     0.8215    0.7984    0.8098      2559
          3     0.9032    0.6222    0.7368      1530
          4     0.9522    0.8077    0.8740      3994
          5     0.9894    1.0000    0.9947      1027
          6     0.9760    0.7905    0.8735       463
          7     1.0000    0.9865    0.9932       815

avg / total     0.9457    0.9468    0.9445     54924


             precision    recall  f1-score   support

          0     0.9585    0.9894    0.9737     42924
          1     0.8299    0.7599    0.7934      1612
          2     0.8427    0.8058    0.8238      2559
          3     0.8761    0.6791    0.7651      1530
          4     0.9739    0.8045    0.8811      3994
          5     0.9990    0.9990    0.9990      1027
          6     0.9973    0.7862    0.8792       463
          7     0.9988    0.9988    0.9988       815

avg / total     0.9499    0.9507    0.9490     54924


             precision    recall  f1-score   support

          0     0.9568    0.9894    0.9728     42924
          1     0.8453    0.7457    0.7924      1612
          2     0.8498    0.7894    0.8185      2559
          3     0.8714    0.6732    0.7596      1530
          4     0.9618    0.8065    0.8773      3994
          5     0.9952    0.9990    0.9971      1027
          6     0.9783    0.7775    0.8664       463
          7     0.9988    0.9939    0.9963       815

avg / total     0.9481    0.9492    0.9473     54924


             precision    recall  f1-score   support

          0     0.9542    0.9930    0.9732     42924
          1     0.8816    0.7301    0.7988      1612
          2     0.8495    0.8206    0.8348      2559
          3     0.9139    0.6451    0.7563      1530
          4     0.9870    0.7797    0.8712      3994
          5     0.9894    1.0000    0.9947      1027
          6     0.9893    0.7970    0.8828       463
          7     1.0000    0.9865    0.9932       815

avg / total     0.9501    0.9504    0.9481     54924


             precision    recall  f1-score   support

          0     0.9562    0.9895    0.9726     42924
          1     0.8239    0.7432    0.7815      1612
          2     0.8278    0.7851    0.8059      2559
          3     0.9042    0.6477    0.7548      1530
          4     0.9646    0.8050    0.8776      3994
          5     0.9971    1.0000    0.9985      1027
          6     0.9944    0.7646    0.8645       463
          7     1.0000    0.9951    0.9975       815

avg / total     0.9472    0.9482    0.9462     54924


             precision    recall  f1-score   support

          0     0.9594    0.9874    0.9732     42924
          1     0.8516    0.7295    0.7858      1612
          2     0.8409    0.7991    0.8195      2559
          3     0.8826    0.6830    0.7701      1530
          4     0.9336    0.8302    0.8789      3994
          5     0.9932    0.9990    0.9961      1027
          6     0.9889    0.7667    0.8637       463
          7     0.9988    0.9914    0.9951       815

avg / total     0.9482    0.9495    0.9479     54924

val_loss:0.416659197412,0.366203380231,0.34700073464,0.335151701701,0.326437157596,0.301834787226,0.29806402623,0.294451794743,0.278268400785,0.276233967488,0.270366871739,0.261988390658,0.25684057767,0.252279588747,0.244885325823,0.239394288846,0.236626347143,0.233727062072,0.228731345355,0.221134688726,0.228719492439,0.209252888789,0.2132041448,0.207084198907,0.204389675814,0.204741971699,0.198613383433,0.207871114887,0.198395614784,0.188229016118,0.187070760533,0.185053939318,0.186461019667,0.1790016716,0.181566174432,0.17988799366,0.187510925528,0.174487282265,0.174116158599,0.173220490669,0.17334568719,0.168651068335,0.170603747253,0.164142924647,0.165150899568,0.163214590058,0.16346835,0.16268834914,0.165454201962,0.163758234682
acc:0.829398701461,0.87621376848,0.888418215096,0.893066951938,0.898079815646,0.904986162148,0.908378647984,0.91077584109,0.913197310192,0.914301840357,0.916547313257,0.917433362566,0.919502840393,0.920601299459,0.92219133866,0.923751029499,0.925298586901,0.92705248586,0.927210273491,0.929619602001,0.930293246572,0.931749767523,0.932720783553,0.933764627279,0.934589990419,0.936246781984,0.936805115774,0.93818274583,0.938838181542,0.939966987862,0.940980484149,0.941302132553,0.942230663285,0.943632569907,0.944561102315,0.94493129996,0.946363549366,0.946290722037,0.946654851364,0.946934018745,0.948499781351,0.948669709279,0.949816720595,0.949749963717,0.950247608322,0.950945527367,0.951528134514,0.951758752305,0.951716269687,0.952135019345
loss:0.54896031061,0.393765988842,0.362736685964,0.343341160888,0.328337219505,0.311508340989,0.300504834383,0.292514268657,0.283366694209,0.277607864553,0.269556141212,0.263581687807,0.2572356862,0.252049204727,0.246682618002,0.240062009334,0.234657844902,0.229714446083,0.224844090417,0.218419626127,0.2143613353,0.210861723905,0.205696073963,0.202809265838,0.199041673934,0.195432745157,0.190854895855,0.187507435514,0.183732865357,0.182601702567,0.177874063946,0.176257910839,0.17199953692,0.168671054676,0.167704408405,0.165689404402,0.161190291392,0.161134929471,0.159920804253,0.158033584217,0.154256424023,0.152872336615,0.150917759518,0.150071411745,0.148036211943,0.146554838638,0.144713635096,0.143327436846,0.142984736949,0.142225068545
val_acc:0.867398587204,0.885714809035,0.891741314365,0.894363120351,0.895856093856,0.907490354235,0.910367053106,0.911677955522,0.914864175509,0.916138663498,0.916211490334,0.920034955525,0.919270268615,0.922074134417,0.923548899738,0.924167940929,0.92629815715,0.925788367383,0.927044643004,0.929921346559,0.925424222783,0.932087975839,0.93168742542,0.933653778632,0.935565507318,0.93514675185,0.937040276455,0.933744813147,0.936967450987,0.939443594651,0.940335734684,0.941391739314,0.941500984648,0.943248853707,0.942374919015,0.943995338263,0.942101815889,0.945069548234,0.945561137166,0.944723616506,0.94486927371,0.946562519902,0.94696308159,0.948729157825,0.946835627998,0.950659091206,0.949238946086,0.950404196051,0.948164737196,0.949548467203
lr:0.0102244,0.0102244,0.0102244,0.0102244,0.0102244,0.0102244,0.0102244,0.0102244,0.0102244,0.0102244,0.0102244,0.0102244,0.0102244,0.0102244,0.0102244,0.0102244,0.0102244,0.0102244,0.0102244,0.0102244,0.0102244,0.0102244,0.0102244,0.0102244,0.0102244,0.0102244,0.0102244,0.0102244,0.0102244,0.0102244,0.0102244,0.0102244,0.0102244,0.0102244,0.0102244,0.0102244,0.0102244,0.0102244,0.0102244,0.0102244,0.0102244,0.0102244,0.0102244,0.0102244,0.0102244,0.0102244,0.0102244,0.0102244,0.0102244,0.0102244
