
             precision    recall  f1-score   support

          0     0.8913    0.9911    0.9386     42924
          1     0.5629    0.6718    0.6126      1612
          2     0.8026    0.1716    0.2827      2559
          3     0.9028    0.3948    0.5493      1530
          4     0.8136    0.4502    0.5796      3994
          5     0.9518    1.0000    0.9753      1027
          6     0.0000    0.0000    0.0000       463
          7     0.9961    0.9313    0.9626       815

avg / total     0.8674    0.8786    0.8546     54924


             precision    recall  f1-score   support

          0     0.8963    0.9988    0.9448     42924
          1     0.6216    0.5391    0.5774      1612
          2     0.7021    0.2919    0.4124      2559
          3     0.9393    0.3941    0.5552      1530
          4     0.9878    0.4865    0.6519      3994
          5     0.9616    1.0000    0.9804      1027
          6     1.0000    0.3888    0.5599       463
          7     1.0000    0.9497    0.9742       815

avg / total     0.8907    0.8924    0.8749     54924


             precision    recall  f1-score   support

          0     0.9080    0.9982    0.9510     42924
          1     0.6550    0.2084    0.3162      1612
          2     0.5648    0.4259    0.4856      2559
          3     0.9679    0.3941    0.5601      1530
          4     0.9721    0.6357    0.7687      3994
          5     0.9634    1.0000    0.9814      1027
          6     1.0000    0.4687    0.6382       463
          7     1.0000    0.9521    0.9755       815

avg / total     0.8941    0.9000    0.8848     54924


             precision    recall  f1-score   support

          0     0.9107    0.9985    0.9526     42924
          1     0.5904    0.6439    0.6160      1612
          2     0.7977    0.2126    0.3357      2559
          3     0.9461    0.4242    0.5857      1530
          4     0.9809    0.6562    0.7864      3994
          5     0.9625    1.0000    0.9809      1027
          6     0.9955    0.4773    0.6453       463
          7     1.0000    0.9509    0.9748       815

avg / total     0.9051    0.9055    0.8899     54924


             precision    recall  f1-score   support

          0     0.9118    0.9989    0.9534     42924
          1     0.6239    0.4764    0.5403      1612
          2     0.6634    0.3165    0.4286      2559
          3     0.9589    0.4275    0.5913      1530
          4     0.9826    0.6655    0.7936      3994
          5     0.9616    1.0000    0.9804      1027
          6     1.0000    0.4730    0.6422       463
          7     1.0000    0.9497    0.9742       815

avg / total     0.9012    0.9065    0.8933     54924


             precision    recall  f1-score   support

          0     0.9138    0.9977    0.9539     42924
          1     0.5683    0.1935    0.2888      1612
          2     0.5430    0.4099    0.4672      2559
          3     0.9381    0.4359    0.5953      1530
          4     0.9773    0.6790    0.8013      3994
          5     0.9616    1.0000    0.9804      1027
          6     1.0000    0.5378    0.6994       463
          7     1.0000    0.9497    0.9742       815

avg / total     0.8946    0.9033    0.8893     54924


             precision    recall  f1-score   support

          0     0.9175    0.9963    0.9552     42924
          1     0.6224    0.2934    0.3988      1612
          2     0.5810    0.4064    0.4783      2559
          3     0.9613    0.4386    0.6023      1530
          4     0.9616    0.7138    0.8194      3994
          5     0.9616    1.0000    0.9804      1027
          6     1.0000    0.5572    0.7157       463
          7     1.0000    0.9497    0.9742       815

avg / total     0.9003    0.9078    0.8957     54924


             precision    recall  f1-score   support

          0     0.9170    0.9971    0.9553     42924
          1     0.5860    0.6594    0.6205      1612
          2     0.8017    0.2165    0.3409      2559
          3     0.9410    0.4588    0.6169      1530
          4     0.9699    0.7018    0.8144      3994
          5     0.9643    1.0000    0.9818      1027
          6     1.0000    0.5767    0.7315       463
          7     1.0000    0.9534    0.9761       815

avg / total     0.9092    0.9102    0.8961     54924


             precision    recall  f1-score   support

          0     0.9169    0.9975    0.9555     42924
          1     0.6013    0.6203    0.6107      1612
          2     0.7396    0.2642    0.3893      2559
          3     0.9253    0.4451    0.6011      1530
          4     0.9837    0.6930    0.8132      3994
          5     0.9652    1.0000    0.9823      1027
          6     1.0000    0.5486    0.7085       463
          7     0.9987    0.9546    0.9762       815

avg / total     0.9072    0.9104    0.8975     54924


             precision    recall  f1-score   support

          0     0.9171    0.9975    0.9556     42924
          1     0.5849    0.6749    0.6267      1612
          2     0.8475    0.2149    0.3429      2559
          3     0.8972    0.4451    0.5950      1530
          4     0.9812    0.7053    0.8207      3994
          5     0.9652    1.0000    0.9823      1027
          6     1.0000    0.5529    0.7121       463
          7     1.0000    0.9546    0.9768       815

avg / total     0.9111    0.9106    0.8963     54924


             precision    recall  f1-score   support

          0     0.9162    0.9981    0.9554     42924
          1     0.6500    0.3871    0.4852      1612
          2     0.6322    0.3728    0.4690      2559
          3     0.9697    0.4190    0.5851      1530
          4     0.9730    0.7126    0.8227      3994
          5     0.9643    1.0000    0.9818      1027
          6     0.9962    0.5659    0.7218       463
          7     1.0000    0.9534    0.9761       815

avg / total     0.9036    0.9099    0.8978     54924


             precision    recall  f1-score   support

          0     0.9170    0.9969    0.9553     42924
          1     0.5791    0.7084    0.6373      1612
          2     0.7910    0.1848    0.2997      2559
          3     0.9475    0.4484    0.6087      1530
          4     0.9909    0.7098    0.8271      3994
          5     0.9643    1.0000    0.9818      1027
          6     1.0000    0.5724    0.7280       463
          7     1.0000    0.9521    0.9755       815

avg / total     0.9103    0.9102    0.8953     54924


             precision    recall  f1-score   support

          0     0.9200    0.9965    0.9567     42924
          1     0.6264    0.4057    0.4925      1612
          2     0.6115    0.3974    0.4818      2559
          3     0.9580    0.4477    0.6102      1530
          4     0.9828    0.7141    0.8271      3994
          5     0.9616    1.0000    0.9804      1027
          6     1.0000    0.5724    0.7280       463
          7     1.0000    0.9497    0.9742       815

avg / total     0.9053    0.9112    0.9007     54924


             precision    recall  f1-score   support

          0     0.9207    0.9952    0.9565     42924
          1     0.6018    0.5906    0.5961      1612
          2     0.7449    0.2591    0.3845      2559
          3     0.9635    0.4484    0.6120      1530
          4     0.9480    0.7479    0.8361      3994
          5     0.9616    1.0000    0.9804      1027
          6     0.8348    0.6328    0.7199       463
          7     1.0000    0.9497    0.9742       815

avg / total     0.9075    0.9121    0.8996     54924


             precision    recall  f1-score   support

          0     0.9205    0.9969    0.9572     42924
          1     0.6319    0.5112    0.5652      1612
          2     0.6897    0.3240    0.4408      2559
          3     0.9560    0.4549    0.6165      1530
          4     0.9602    0.7439    0.8383      3994
          5     0.9652    0.9990    0.9818      1027
          6     1.0000    0.5832    0.7367       463
          7     0.9987    0.9546    0.9762       815

avg / total     0.9078    0.9137    0.9024     54924


             precision    recall  f1-score   support

          0     0.9214    0.9975    0.9579     42924
          1     0.6594    0.4132    0.5080      1612
          2     0.6484    0.4244    0.5130      2559
          3     0.9489    0.4490    0.6096      1530
          4     0.9918    0.7261    0.8384      3994
          5     0.9643    1.0000    0.9818      1027
          6     1.0000    0.6112    0.7587       463
          7     1.0000    0.9534    0.9761       815

avg / total     0.9095    0.9147    0.9046     54924


             precision    recall  f1-score   support

          0     0.9199    0.9983    0.9575     42924
          1     0.6069    0.6780    0.6405      1612
          2     0.8482    0.2423    0.3769      2559
          3     0.9554    0.4484    0.6103      1530
          4     0.9875    0.7313    0.8403      3994
          5     0.9643    1.0000    0.9818      1027
          6     0.9829    0.6199    0.7603       463
          7     1.0000    0.9534    0.9761       815

avg / total     0.9158    0.9151    0.9020     54924


             precision    recall  f1-score   support

          0     0.9201    0.9978    0.9574     42924
          1     0.6565    0.2264    0.3367      1612
          2     0.5836    0.5061    0.5421      2559
          3     0.9809    0.4033    0.5716      1530
          4     0.9962    0.7133    0.8313      3994
          5     0.9661    1.0000    0.9828      1027
          6     1.0000    0.5853    0.7384       463
          7     1.0000    0.9558    0.9774       815

avg / total     0.9067    0.9109    0.8988     54924


             precision    recall  f1-score   support

          0     0.9172    0.9990    0.9563     42924
          1     0.5998    0.5968    0.5983      1612
          2     0.7468    0.2513    0.3760      2559
          3     0.9697    0.4399    0.6052      1530
          4     0.9890    0.7198    0.8332      3994
          5     0.9625    1.0000    0.9809      1027
          6     1.0000    0.5702    0.7263       463
          7     1.0000    0.9509    0.9748       815

avg / total     0.9094    0.9121    0.8988     54924


             precision    recall  f1-score   support

          0     0.9222    0.9949    0.9571     42924
          1     0.6178    0.5726    0.5943      1612
          2     0.7033    0.3204    0.4403      2559
          3     0.9444    0.4549    0.6140      1530
          4     0.9598    0.7409    0.8362      3994
          5     0.9652    1.0000    0.9823      1027
          6     1.0000    0.6350    0.7768       463
          7     1.0000    0.9546    0.9768       815

avg / total     0.9090    0.9140    0.9033     54924


             precision    recall  f1-score   support

          0     0.9239    0.9981    0.9596     42924
          1     0.6080    0.6340    0.6207      1612
          2     0.7941    0.2970    0.4323      2559
          3     0.9686    0.4641    0.6275      1530
          4     0.9878    0.7519    0.8539      3994
          5     0.9652    1.0000    0.9823      1027
          6     1.0000    0.6436    0.7832       463
          7     1.0000    0.9546    0.9768       815

avg / total     0.9170    0.9184    0.9073     54924


             precision    recall  f1-score   support

          0     0.9236    0.9988    0.9598     42924
          1     0.6300    0.5999    0.6146      1612
          2     0.7771    0.3255    0.4588      2559
          3     0.9727    0.4654    0.6295      1530
          4     0.9927    0.7521    0.8558      3994
          5     0.9680    1.0000    0.9837      1027
          6     1.0000    0.6479    0.7864       463
          7     1.0000    0.9583    0.9787       815

avg / total     0.9172    0.9194    0.9088     54924


             precision    recall  f1-score   support

          0     0.9235    0.9986    0.9596     42924
          1     0.6239    0.5794    0.6008      1612
          2     0.7502    0.3146    0.4433      2559
          3     0.9764    0.4601    0.6255      1530
          4     0.9876    0.7606    0.8594      3994
          5     0.9652    1.0000    0.9823      1027
          6     1.0000    0.6566    0.7927       463
          7     1.0000    0.9546    0.9768       815

avg / total     0.9154    0.9186    0.9077     54924


             precision    recall  f1-score   support

          0     0.9266    0.9966    0.9603     42924
          1     0.6528    0.5167    0.5769      1612
          2     0.7100    0.3951    0.5077      2559
          3     0.9715    0.4686    0.6323      1530
          4     0.9721    0.7666    0.8572      3994
          5     0.9652    1.0000    0.9823      1027
          6     0.9628    0.6717    0.7913       463
          7     1.0000    0.9546    0.9768       815

avg / total     0.9151    0.9198    0.9106     54924


             precision    recall  f1-score   support

          0     0.9240    0.9984    0.9598     42924
          1     0.6380    0.6036    0.6203      1612
          2     0.7705    0.3345    0.4665      2559
          3     0.9766    0.4634    0.6285      1530
          4     0.9917    0.7524    0.8556      3994
          5     0.9707    0.9990    0.9846      1027
          6     0.9935    0.6609    0.7938       463
          7     0.9987    0.9620    0.9800       815

avg / total     0.9174    0.9197    0.9094     54924


             precision    recall  f1-score   support

          0     0.9245    0.9986    0.9601     42924
          1     0.6543    0.5354    0.5889      1612
          2     0.7352    0.3689    0.4913      2559
          3     0.9768    0.4680    0.6328      1530
          4     0.9886    0.7606    0.8598      3994
          5     0.9661    1.0000    0.9828      1027
          6     0.9871    0.6609    0.7917       463
          7     1.0000    0.9558    0.9774       815

avg / total     0.9163    0.9201    0.9102     54924


             precision    recall  f1-score   support

          0     0.9248    0.9986    0.9603     42924
          1     0.6194    0.6421    0.6305      1612
          2     0.8048    0.3044    0.4417      2559
          3     0.9821    0.4654    0.6315      1530
          4     0.9909    0.7594    0.8598      3994
          5     0.9716    1.0000    0.9856      1027
          6     1.0000    0.6674    0.8005       463
          7     1.0000    0.9632    0.9812       815

avg / total     0.9193    0.9202    0.9094     54924


             precision    recall  f1-score   support

          0     0.9262    0.9975    0.9605     42924
          1     0.6936    0.3679    0.4807      1612
          2     0.6422    0.4756    0.5465      2559
          3     0.9757    0.4732    0.6373      1530
          4     0.9912    0.7579    0.8590      3994
          5     0.9707    1.0000    0.9851      1027
          6     0.9968    0.6652    0.7979       463
          7     1.0000    0.9620    0.9806       815

avg / total     0.9148    0.9194    0.9102     54924


             precision    recall  f1-score   support

          0     0.9270    0.9975    0.9610     42924
          1     0.6817    0.4876    0.5685      1612
          2     0.6941    0.4416    0.5398      2559
          3     0.9755    0.4693    0.6337      1530
          4     0.9918    0.7606    0.8610      3994
          5     0.9707    1.0000    0.9851      1027
          6     0.9873    0.6717    0.7995       463
          7     1.0000    0.9620    0.9806       815

avg / total     0.9175    0.9215    0.9128     54924


             precision    recall  f1-score   support

          0     0.9256    0.9983    0.9606     42924
          1     0.6586    0.5732    0.6129      1612
          2     0.7610    0.3720    0.4997      2559
          3     0.9733    0.4758    0.6392      1530
          4     0.9902    0.7614    0.8609      3994
          5     0.9689    1.0000    0.9842      1027
          6     0.9842    0.6717    0.7985       463
          7     1.0000    0.9595    0.9793       815

avg / total     0.9185    0.9215    0.9121     54924


             precision    recall  f1-score   support

          0     0.9262    0.9978    0.9606     42924
          1     0.6236    0.6495    0.6363      1612
          2     0.8162    0.3193    0.4590      2559
          3     0.9702    0.4680    0.6314      1530
          4     0.9858    0.7664    0.8624      3994
          5     0.9735    1.0000    0.9866      1027
          6     0.9841    0.6674    0.7954       463
          7     1.0000    0.9656    0.9825       815

avg / total     0.9202    0.9212    0.9109     54924


             precision    recall  f1-score   support

          0     0.9255    0.9978    0.9603     42924
          1     0.6314    0.6259    0.6287      1612
          2     0.7785    0.3173    0.4509      2559
          3     0.9732    0.4745    0.6380      1530
          4     0.9878    0.7687    0.8645      3994
          5     0.9725    1.0000    0.9861      1027
          6     0.9904    0.6695    0.7990       463
          7     1.0000    0.9644    0.9819       815

avg / total     0.9184    0.9207    0.9103     54924


             precision    recall  f1-score   support

          0     0.9259    0.9982    0.9607     42924
          1     0.6654    0.5614    0.6090      1612
          2     0.7556    0.3841    0.5093      2559
          3     0.9718    0.4739    0.6371      1530
          4     0.9874    0.7641    0.8615      3994
          5     0.9753    0.9990    0.9870      1027
          6     0.9903    0.6609    0.7927       463
          7     0.9987    0.9681    0.9832       815

avg / total     0.9187    0.9219    0.9126     54924


             precision    recall  f1-score   support

          0     0.9254    0.9977    0.9602     42924
          1     0.6294    0.6278    0.6286      1612
          2     0.7703    0.3224    0.4545      2559
          3     0.9796    0.4706    0.6358      1530
          4     0.9886    0.7599    0.8593      3994
          5     0.9772    1.0000    0.9885      1027
          6     0.9781    0.6760    0.7995       463
          7     1.0000    0.9706    0.9851       815

avg / total     0.9181    0.9203    0.9101     54924


             precision    recall  f1-score   support

          0     0.9272    0.9980    0.9613     42924
          1     0.6593    0.5751    0.6143      1612
          2     0.7567    0.3877    0.5127      2559
          3     0.9748    0.4797    0.6430      1530
          4     0.9894    0.7682    0.8648      3994
          5     0.9680    1.0000    0.9837      1027
          6     0.9968    0.6695    0.8010       463
          7     1.0000    0.9583    0.9787       815

avg / total     0.9197    0.9227    0.9137     54924


             precision    recall  f1-score   support

          0     0.9273    0.9976    0.9612     42924
          1     0.6463    0.5850    0.6141      1612
          2     0.7483    0.3810    0.5049      2559
          3     0.9776    0.4850    0.6483      1530
          4     0.9919    0.7626    0.8623      3994
          5     0.9725    1.0000    0.9861      1027
          6     0.9936    0.6717    0.8015       463
          7     1.0000    0.9644    0.9819       815

avg / total     0.9193    0.9222    0.9133     54924


             precision    recall  f1-score   support

          0     0.9269    0.9974    0.9608     42924
          1     0.6729    0.5360    0.5967      1612
          2     0.7393    0.4056    0.5238      2559
          3     0.9697    0.4810    0.6431      1530
          4     0.9770    0.7672    0.8595      3994
          5     0.9772    1.0000    0.9885      1027
          6     0.9967    0.6587    0.7932       463
          7     1.0000    0.9706    0.9851       815

avg / total     0.9181    0.9220    0.9130     54924


             precision    recall  f1-score   support

          0     0.9260    0.9980    0.9607     42924
          1     0.6979    0.4801    0.5689      1612
          2     0.6997    0.4353    0.5367      2559
          3     0.9770    0.4719    0.6364      1530
          4     0.9915    0.7631    0.8625      3994
          5     0.9753    1.0000    0.9875      1027
          6     0.9967    0.6609    0.7948       463
          7     1.0000    0.9681    0.9838       815

avg / total     0.9176    0.9216    0.9127     54924


             precision    recall  f1-score   support

          0     0.9272    0.9980    0.9613     42924
          1     0.6821    0.5019    0.5783      1612
          2     0.7215    0.4232    0.5335      2559
          3     0.9736    0.4824    0.6451      1530
          4     0.9859    0.7694    0.8643      3994
          5     0.9790    1.0000    0.9894      1027
          6     0.9905    0.6739    0.8021       463
          7     1.0000    0.9730    0.9863       815

avg / total     0.9185    0.9226    0.9138     54924


             precision    recall  f1-score   support

          0     0.9260    0.9985    0.9609     42924
          1     0.6657    0.5533    0.6043      1612
          2     0.7510    0.3853    0.5093      2559
          3     0.9674    0.4850    0.6461      1530
          4     0.9925    0.7621    0.8622      3994
          5     0.9800    1.0000    0.9899      1027
          6     0.9936    0.6739    0.8031       463
          7     1.0000    0.9742    0.9869       815

avg / total     0.9189    0.9223    0.9130     54924


             precision    recall  f1-score   support

          0     0.9263    0.9983    0.9610     42924
          1     0.6792    0.5136    0.5850      1612
          2     0.7262    0.4271    0.5379      2559
          3     0.9746    0.4765    0.6400      1530
          4     0.9941    0.7564    0.8591      3994
          5     0.9735    1.0000    0.9866      1027
          6     0.9935    0.6631    0.7953       463
          7     1.0000    0.9656    0.9825       815

avg / total     0.9185    0.9221    0.9133     54924


             precision    recall  f1-score   support

          0     0.9284    0.9968    0.9614     42924
          1     0.6627    0.5850    0.6214      1612
          2     0.7554    0.4068    0.5288      2559
          3     0.9681    0.4758    0.6380      1530
          4     0.9846    0.7687    0.8633      3994
          5     0.9735    1.0000    0.9866      1027
          6     0.9782    0.6782    0.8010       463
          7     1.0000    0.9656    0.9825       815

avg / total     0.9200    0.9231    0.9145     54924


             precision    recall  f1-score   support

          0     0.9276    0.9972    0.9611     42924
          1     0.6541    0.6030    0.6275      1612
          2     0.7640    0.3959    0.5215      2559
          3     0.9694    0.4758    0.6383      1530
          4     0.9896    0.7591    0.8592      3994
          5     0.9753    1.0000    0.9875      1027
          6     0.9968    0.6717    0.8026       463
          7     1.0000    0.9681    0.9838       815

avg / total     0.9202    0.9226    0.9139     54924


             precision    recall  f1-score   support

          0     0.9283    0.9978    0.9618     42924
          1     0.6715    0.5757    0.6199      1612
          2     0.7556    0.4095    0.5312      2559
          3     0.9712    0.4843    0.6463      1530
          4     0.9910    0.7689    0.8659      3994
          5     0.9772    1.0000    0.9885      1027
          6     0.9937    0.6760    0.8046       463
          7     1.0000    0.9706    0.9851       815

avg / total     0.9210    0.9240    0.9155     54924


             precision    recall  f1-score   support

          0     0.9286    0.9976    0.9619     42924
          1     0.6821    0.5378    0.6015      1612
          2     0.7364    0.4322    0.5447      2559
          3     0.9676    0.4876    0.6484      1530
          4     0.9881    0.7682    0.8643      3994
          5     0.9856    1.0000    0.9928      1027
          6     0.9937    0.6760    0.8046       463
          7     1.0000    0.9816    0.9907       815

avg / total     0.9205    0.9240    0.9157     54924


             precision    recall  f1-score   support

          0     0.9283    0.9976    0.9617     42924
          1     0.6990    0.5012    0.5838      1612
          2     0.7197    0.4545    0.5571      2559
          3     0.9687    0.4856    0.6469      1530
          4     0.9874    0.7659    0.8627      3994
          5     0.9781    0.9990    0.9884      1027
          6     0.9937    0.6760    0.8046       463
          7     0.9987    0.9718    0.9851       815

avg / total     0.9198    0.9235    0.9153     54924


             precision    recall  f1-score   support

          0     0.9291    0.9974    0.9621     42924
          1     0.6878    0.5385    0.6040      1612
          2     0.7358    0.4396    0.5504      2559
          3     0.9652    0.4895    0.6496      1530
          4     0.9869    0.7707    0.8655      3994
          5     0.9781    0.9990    0.9884      1027
          6     0.9937    0.6825    0.8092       463
          7     0.9987    0.9718    0.9851       815

avg / total     0.9207    0.9243    0.9162     54924


             precision    recall  f1-score   support

          0     0.9284    0.9979    0.9619     42924
          1     0.6866    0.5354    0.6016      1612
          2     0.7401    0.4361    0.5488      2559
          3     0.9726    0.4869    0.6490      1530
          4     0.9916    0.7679    0.8655      3994
          5     0.9799    0.9990    0.9894      1027
          6     0.9937    0.6782    0.8062       463
          7     0.9987    0.9742    0.9863       815

avg / total     0.9209    0.9242    0.9159     54924


             precision    recall  f1-score   support

          0     0.9285    0.9979    0.9619     42924
          1     0.6922    0.5205    0.5942      1612
          2     0.7273    0.4439    0.5513      2559
          3     0.9714    0.4889    0.6504      1530
          4     0.9926    0.7679    0.8659      3994
          5     0.9846    0.9990    0.9918      1027
          6     0.9968    0.6803    0.8087       463
          7     0.9988    0.9804    0.9895       815

avg / total     0.9207    0.9242    0.9160     54924


             precision    recall  f1-score   support

          0     0.9289    0.9975    0.9620     42924
          1     0.6821    0.5589    0.6144      1612
          2     0.7485    0.4267    0.5436      2559
          3     0.9727    0.4895    0.6513      1530
          4     0.9866    0.7714    0.8658      3994
          5     0.9837    0.9990    0.9913      1027
          6     0.9968    0.6803    0.8087       463
          7     0.9987    0.9791    0.9888       815

avg / total     0.9213    0.9245    0.9163     54924

val_loss:0.405049666345,0.345762930838,0.322269784318,0.315211375114,0.307343614715,0.308029858574,0.298805132527,0.298132028806,0.297904476731,0.293389967849,0.293067499992,0.291015056307,0.287784016997,0.286454687507,0.281891505429,0.278695307103,0.280977555879,0.283426713622,0.284141802903,0.280478594208,0.263819744309,0.259586644546,0.259257984302,0.258636112464,0.258017707201,0.255989493777,0.254203415677,0.253406899184,0.25288797902,0.253570321795,0.250488583389,0.250538179928,0.249554788067,0.250278042604,0.247896717193,0.246758485965,0.248373535089,0.246456772379,0.243721367026,0.245183236575,0.245963556717,0.244731751976,0.244972275372,0.239570699663,0.239035864557,0.238785911341,0.238190013434,0.238593815299,0.2380226083,0.237834860646
acc:0.838781131867,0.881317667336,0.892259793702,0.898880905485,0.900373841315,0.902018499648,0.903220129536,0.904700927172,0.904870857214,0.906339514604,0.906570129641,0.907893140717,0.907310529766,0.908700294248,0.907953828822,0.908839878931,0.909513522601,0.909288971932,0.909750206423,0.909276836974,0.913719231127,0.914696315945,0.916086079743,0.916498760714,0.916128562923,0.916450209496,0.916547311684,0.917063164562,0.917815702382,0.917809633285,0.917566877504,0.918398311529,0.91791887124,0.917997766076,0.918155557179,0.918914162229,0.919108363059,0.91965456254,0.919108364241,0.920000484132,0.919976207993,0.91947856421,0.920510267913,0.921626936294,0.922191338711,0.922167063382,0.922063893092,0.922191339831,0.922106374965,0.922215614725
loss:0.500166189011,0.379033241149,0.345618714215,0.330457424632,0.325020253005,0.319302588375,0.313883744507,0.309275183834,0.310057948256,0.306286937493,0.30277899141,0.299192752604,0.299809119989,0.295346085472,0.297863986258,0.294870550579,0.293243629683,0.29274000985,0.290651901483,0.291746070371,0.277270512193,0.270873072905,0.268334985075,0.266745840785,0.267037193063,0.264861151172,0.263161343657,0.262500942873,0.261136172413,0.260450319902,0.259456366301,0.257993020273,0.258027807236,0.258321073505,0.257282610695,0.254968341432,0.254547175386,0.253621503151,0.253122473793,0.252347226525,0.251884228672,0.251951460441,0.251705160749,0.247368981902,0.244858353832,0.244682398323,0.244071186662,0.244305214703,0.244353626133,0.243585722805
val_acc:0.878559463283,0.892433179353,0.900043695173,0.905505789988,0.90645255544,0.903339157543,0.907763455898,0.910184981609,0.910367049946,0.910621952784,0.909875464078,0.910239604723,0.911222778256,0.912133132532,0.91369892571,0.914736725447,0.915100868306,0.91094967391,0.912133131013,0.914008446718,0.918378121155,0.919397715708,0.918578397037,0.919798268406,0.919743646941,0.920089577827,0.920235233742,0.919379507816,0.921473313026,0.921546132942,0.921163789396,0.920690405821,0.921892069883,0.920344476107,0.92267497101,0.922201585092,0.921983103878,0.921618964296,0.922620351065,0.922274417032,0.922074138697,0.923057318029,0.922638550667,0.923967663814,0.924004078558,0.923548904504,0.924313597261,0.924204355374,0.924222563158,0.924495666184
lr:0.0481971,0.0481971,0.0481971,0.0481971,0.0481971,0.0481971,0.0481971,0.0481971,0.0481971,0.0481971,0.0481971,0.0481971,0.0481971,0.0481971,0.0481971,0.0481971,0.0481971,0.0481971,0.0481971,0.0481971,0.00963943,0.00963943,0.00963943,0.00963943,0.00963943,0.00963943,0.00963943,0.00963943,0.00963943,0.00963943,0.00963943,0.00963943,0.00963943,0.00963943,0.00963943,0.00963943,0.00963943,0.00963943,0.00963943,0.00963943,0.00963943,0.00963943,0.00963943,0.00192789,0.00192789,0.00192789,0.00192789,0.00192789,0.00192789,0.00192789
