
             precision    recall  f1-score   support

          0     0.8910    0.9980    0.9414     42924
          1     0.6271    0.4361    0.5145      1612
          2     0.6248    0.3462    0.4456      2559
          3     0.9421    0.3725    0.5340      1530
          4     0.9717    0.4304    0.5966      3994
          5     0.9616    1.0000    0.9804      1027
          6     1.0000    0.2030    0.3375       463
          7     1.0000    0.9423    0.9703       815

avg / total     0.8820    0.8850    0.8654     54924


             precision    recall  f1-score   support

          0     0.8960    0.9987    0.9446     42924
          1     0.5740    0.6712    0.6188      1612
          2     0.8289    0.1837    0.3007      2559
          3     0.9244    0.4157    0.5735      1530
          4     0.9989    0.4737    0.6427      3994
          5     0.9616    1.0000    0.9804      1027
          6     1.0000    0.4428    0.6138       463
          7     0.9987    0.9485    0.9729       815

avg / total     0.8954    0.8913    0.8710     54924


             precision    recall  f1-score   support

          0     0.9093    0.9987    0.9519     42924
          1     0.5814    0.2128    0.3115      1612
          2     0.5549    0.4107    0.4720      2559
          3     0.9481    0.3824    0.5449      1530
          4     0.9901    0.6530    0.7870      3994
          5     0.9616    1.0000    0.9804      1027
          6     1.0000    0.4363    0.6075       463
          7     1.0000    0.9497    0.9742       815

avg / total     0.8932    0.9005    0.8854     54924


             precision    recall  f1-score   support

          0     0.9113    0.9978    0.9525     42924
          1     0.5881    0.6148    0.6012      1612
          2     0.7432    0.2364    0.3587      2559
          3     0.8917    0.4627    0.6093      1530
          4     0.9953    0.6360    0.7760      3994
          5     0.9616    1.0000    0.9804      1027
          6     1.0000    0.5162    0.6809       463
          7     1.0000    0.9485    0.9736       815

avg / total     0.9025    0.9051    0.8907     54924


             precision    recall  f1-score   support

          0     0.9136    0.9962    0.9531     42924
          1     0.6165    0.3840    0.4732      1612
          2     0.5898    0.3568    0.4446      2559
          3     0.8792    0.4660    0.6091      1530
          4     0.9918    0.6630    0.7947      3994
          5     0.9625    1.0000    0.9809      1027
          6     1.0000    0.5270    0.6902       463
          7     1.0000    0.9497    0.9742       815

avg / total     0.8975    0.9049    0.8929     54924


             precision    recall  f1-score   support

          0     0.9173    0.9929    0.9536     42924
          1     0.6037    0.5434    0.5720      1612
          2     0.6109    0.3154    0.4160      2559
          3     0.8941    0.4523    0.6007      1530
          4     0.9727    0.6875    0.8056      3994
          5     0.9625    1.0000    0.9809      1027
          6     1.0000    0.5400    0.7013       463
          7     1.0000    0.9509    0.9748       815

avg / total     0.8999    0.9066    0.8954     54924


             precision    recall  f1-score   support

          0     0.9202    0.9942    0.9558     42924
          1     0.6290    0.4659    0.5353      1612
          2     0.6101    0.3908    0.4764      2559
          3     0.9157    0.4542    0.6073      1530
          4     0.9870    0.7056    0.8229      3994
          5     0.9634    1.0000    0.9814      1027
          6     1.0000    0.5616    0.7192       463
          7     1.0000    0.9521    0.9755       815

avg / total     0.9046    0.9104    0.9005     54924


             precision    recall  f1-score   support

          0     0.9106    0.9980    0.9523     42924
          1     0.6292    0.3852    0.4779      1612
          2     0.5947    0.3572    0.4463      2559
          3     0.9563    0.4294    0.5927      1530
          4     0.9942    0.6460    0.7831      3994
          5     0.9615    0.9981    0.9795      1027
          6     1.0000    0.4968    0.6638       463
          7     0.9961    0.9497    0.9724       815

avg / total     0.8980    0.9038    0.8909     54924


             precision    recall  f1-score   support

          0     0.9103    0.9989    0.9525     42924
          1     0.6030    0.6030    0.6030      1612
          2     0.7396    0.2020    0.3174      2559
          3     0.9243    0.4471    0.6026      1530
          4     0.9948    0.6690    0.8000      3994
          5     0.9615    0.9981    0.9795      1027
          6     1.0000    0.5292    0.6921       463
          7     0.9974    0.9497    0.9730       815

avg / total     0.9029    0.9061    0.8904     54924


             precision    recall  f1-score   support

          0     0.9169    0.9983    0.9559     42924
          1     0.6615    0.2667    0.3802      1612
          2     0.5767    0.3994    0.4719      2559
          3     0.9120    0.4536    0.6058      1530
          4     0.9923    0.7126    0.8295      3994
          5     0.9615    0.9981    0.9795      1027
          6     0.9966    0.6393    0.7789       463
          7     0.9974    0.9497    0.9730       815

avg / total     0.9016    0.9092    0.8967     54924


             precision    recall  f1-score   support

          0     0.9177    0.9962    0.9553     42924
          1     0.6155    0.3108    0.4130      1612
          2     0.5726    0.3435    0.4294      2559
          3     0.9303    0.4536    0.6098      1530
          4     0.9538    0.7341    0.8297      3994
          5     0.9615    0.9981    0.9795      1027
          6     0.9968    0.6825    0.8103       463
          7     0.9974    0.9497    0.9730       815

avg / total     0.8984    0.9082    0.8956     54924


             precision    recall  f1-score   support

          0     0.9196    0.9955    0.9561     42924
          1     0.6484    0.3741    0.4744      1612
          2     0.5905    0.3759    0.4594      2559
          3     0.9540    0.4471    0.6088      1530
          4     0.9880    0.7223    0.8345      3994
          5     0.9615    0.9981    0.9795      1027
          6     0.8401    0.7603    0.7982       463
          7     0.9974    0.9497    0.9730       815

avg / total     0.9035    0.9107    0.8996     54924


             precision    recall  f1-score   support

          0     0.9190    0.9958    0.9558     42924
          1     0.7175    0.1402    0.2346      1612
          2     0.5424    0.4428    0.4875      2559
          3     0.9314    0.4438    0.6012      1530
          4     0.9563    0.7396    0.8341      3994
          5     0.9616    1.0000    0.9804      1027
          6     0.9657    0.7300    0.8315       463
          7     1.0000    0.9497    0.9742       815

avg / total     0.9010    0.9080    0.8938     54924


             precision    recall  f1-score   support

          0     0.9178    0.9985    0.9565     42924
          1     0.6098    0.6359    0.6225      1612
          2     0.8018    0.2087    0.3312      2559
          3     0.9591    0.4444    0.6074      1530
          4     0.9856    0.7359    0.8426      3994
          5     0.9616    1.0000    0.9804      1027
          6     0.9971    0.7387    0.8486       463
          7     1.0000    0.9497    0.9742       815

avg / total     0.9121    0.9137    0.8993     54924


             precision    recall  f1-score   support

          0     0.9208    0.9971    0.9574     42924
          1     0.6582    0.4324    0.5219      1612
          2     0.6532    0.3607    0.4648      2559
          3     0.9319    0.4739    0.6282      1530
          4     0.9786    0.7326    0.8379      3994
          5     0.9616    1.0000    0.9804      1027
          6     0.9835    0.7732    0.8658       463
          7     1.0000    0.9460    0.9723       815

avg / total     0.9076    0.9145    0.9037     54924


             precision    recall  f1-score   support

          0     0.9183    0.9977    0.9564     42924
          1     0.6011    0.6526    0.6258      1612
          2     0.8139    0.2102    0.3342      2559
          3     0.9577    0.4438    0.6065      1530
          4     0.9768    0.7268    0.8335      3994
          5     0.9616    1.0000    0.9804      1027
          6     0.9775    0.7495    0.8484       463
          7     1.0000    0.9497    0.9742       815

avg / total     0.9120    0.9130    0.8988     54924


             precision    recall  f1-score   support

          0     0.9244    0.9949    0.9584     42924
          1     0.6711    0.2835    0.3986      1612
          2     0.5695    0.4674    0.5134      2559
          3     0.9107    0.4732    0.6228      1530
          4     0.9912    0.7371    0.8455      3994
          5     0.9616    1.0000    0.9804      1027
          6     0.9911    0.7235    0.8365       463
          7     1.0000    0.9497    0.9742       815

avg / total     0.9073    0.9133    0.9033     54924


             precision    recall  f1-score   support

          0     0.9183    0.9956    0.9554     42924
          1     0.6048    0.6160    0.6103      1612
          2     0.6715    0.2517    0.3661      2559
          3     0.9162    0.4647    0.6167      1530
          4     0.9908    0.7023    0.8220      3994
          5     0.9615    0.9981    0.9795      1027
          6     0.9941    0.7322    0.8433       463
          7     0.9974    0.9497    0.9730       815

avg / total     0.9055    0.9108    0.8984     54924


             precision    recall  f1-score   support

          0     0.9194    0.9953    0.9558     42924
          1     0.6316    0.4957    0.5554      1612
          2     0.6183    0.3361    0.4354      2559
          3     0.9425    0.4503    0.6095      1530
          4     0.9911    0.7278    0.8393      3994
          5     0.9615    0.9981    0.9795      1027
          6     1.0000    0.6371    0.7784       463
          7     0.9974    0.9485    0.9723       815

avg / total     0.9054    0.9116    0.9009     54924


             precision    recall  f1-score   support

          0     0.9187    0.9987    0.9570     42924
          1     0.5933    0.6272    0.6098      1612
          2     0.7731    0.1930    0.3089      2559
          3     0.9360    0.4588    0.6158      1530
          4     0.9880    0.7449    0.8494      3994
          5     0.9616    1.0000    0.9804      1027
          6     1.0000    0.6803    0.8098       463
          7     1.0000    0.9497    0.9742       815

avg / total     0.9106    0.9134    0.8987     54924


             precision    recall  f1-score   support

          0     0.9196    0.9981    0.9572     42924
          1     0.6138    0.6241    0.6189      1612
          2     0.7875    0.2216    0.3458      2559
          3     0.9278    0.4621    0.6169      1530
          4     0.9798    0.7406    0.8436      3994
          5     0.9616    0.9990    0.9799      1027
          6     1.0000    0.7667    0.8680       463
          7     0.9987    0.9497    0.9736       815

avg / total     0.9117    0.9146    0.9010     54924


             precision    recall  f1-score   support

          0     0.9202    0.9983    0.9577     42924
          1     0.6733    0.3133    0.4276      1612
          2     0.6012    0.3900    0.4731      2559
          3     0.9365    0.4627    0.6194      1530
          4     0.9815    0.7441    0.8465      3994
          5     0.9615    0.9981    0.9795      1027
          6     1.0000    0.6911    0.8174       463
          7     0.9974    0.9497    0.9730       815

avg / total     0.9056    0.9132    0.9015     54924


             precision    recall  f1-score   support

          0     0.9193    0.9962    0.9562     42924
          1     0.5945    0.6439    0.6182      1612
          2     0.8050    0.1903    0.3078      2559
          3     0.8995    0.4797    0.6257      1530
          4     0.9608    0.7491    0.8419      3994
          5     0.9615    0.9981    0.9795      1027
          6     1.0000    0.6199    0.7653       463
          7     0.9974    0.9497    0.9730       815

avg / total     0.9096    0.9122    0.8977     54924


             precision    recall  f1-score   support

          0     0.9158    0.9978    0.9551     42924
          1     0.5937    0.6563    0.6235      1612
          2     0.8215    0.1907    0.3095      2559
          3     0.9417    0.4536    0.6123      1530
          4     0.9733    0.7121    0.8224      3994
          5     0.9615    0.9981    0.9795      1027
          6     1.0000    0.6091    0.7570       463
          7     0.9974    0.9497    0.9730       815

avg / total     0.9097    0.9102    0.8951     54924


             precision    recall  f1-score   support

          0     0.9178    0.9978    0.9561     42924
          1     0.6819    0.3046    0.4211      1612
          2     0.5884    0.3966    0.4739      2559
          3     0.9369    0.4752    0.6305      1530
          4     0.9833    0.7083    0.8235      3994
          5     0.9616    0.9990    0.9799      1027
          6     1.0000    0.6868    0.8143       463
          7     0.9987    0.9497    0.9736       815

avg / total     0.9035    0.9105    0.8987     54924


             precision    recall  f1-score   support

          0     0.9215    0.9976    0.9580     42924
          1     0.6732    0.4498    0.5392      1612
          2     0.6603    0.3791    0.4816      2559
          3     0.9475    0.4719    0.6300      1530
          4     0.9892    0.7341    0.8428      3994
          5     0.9615    0.9981    0.9795      1027
          6     1.0000    0.7300    0.8439       463
          7     0.9974    0.9497    0.9730       815

avg / total     0.9102    0.9160    0.9057     54924


             precision    recall  f1-score   support

          0     0.9208    0.9986    0.9581     42924
          1     0.6283    0.5893    0.6082      1612
          2     0.7619    0.2814    0.4110      2559
          3     0.9503    0.4752    0.6336      1530
          4     0.9878    0.7321    0.8410      3994
          5     0.9615    0.9981    0.9795      1027
          6     1.0000    0.7516    0.8582       463
          7     0.9974    0.9497    0.9730       815

avg / total     0.9131    0.9164    0.9046     54924


             precision    recall  f1-score   support

          0     0.9209    0.9984    0.9581     42924
          1     0.6739    0.4653    0.5505      1612
          2     0.6853    0.3548    0.4676      2559
          3     0.9242    0.4784    0.6305      1530
          4     0.9906    0.7359    0.8444      3994
          5     0.9615    0.9981    0.9795      1027
          6     1.0000    0.7559    0.8610       463
          7     0.9974    0.9497    0.9730       815

avg / total     0.9104    0.9164    0.9057     54924


             precision    recall  f1-score   support

          0     0.9206    0.9980    0.9577     42924
          1     0.6325    0.5924    0.6118      1612
          2     0.7681    0.2821    0.4127      2559
          3     0.9419    0.4660    0.6235      1530
          4     0.9820    0.7359    0.8413      3994
          5     0.9615    0.9981    0.9795      1027
          6     1.0000    0.7516    0.8582       463
          7     0.9974    0.9497    0.9730       815

avg / total     0.9127    0.9161    0.9042     54924


             precision    recall  f1-score   support

          0     0.9210    0.9981    0.9580     42924
          1     0.6387    0.5800    0.6079      1612
          2     0.7609    0.2935    0.4236      2559
          3     0.9185    0.4791    0.6297      1530
          4     0.9882    0.7351    0.8431      3994
          5     0.9615    0.9981    0.9795      1027
          6     1.0000    0.7408    0.8511       463
          7     0.9974    0.9497    0.9730       815

avg / total     0.9126    0.9165    0.9050     54924


             precision    recall  f1-score   support

          0     0.9213    0.9976    0.9579     42924
          1     0.6683    0.5161    0.5824      1612
          2     0.7042    0.3564    0.4733      2559
          3     0.9401    0.4719    0.6284      1530
          4     0.9902    0.7308    0.8410      3994
          5     0.9615    0.9981    0.9795      1027
          6     1.0000    0.7430    0.8525       463
          7     0.9974    0.9497    0.9730       815

avg / total     0.9118    0.9167    0.9064     54924


             precision    recall  f1-score   support

          0     0.9219    0.9977    0.9583     42924
          1     0.6569    0.5273    0.5850      1612
          2     0.7083    0.3435    0.4626      2559
          3     0.9528    0.4752    0.6341      1530
          4     0.9869    0.7374    0.8441      3994
          5     0.9615    0.9981    0.9795      1027
          6     1.0000    0.7559    0.8610       463
          7     0.9974    0.9497    0.9730       815

avg / total     0.9123    0.9172    0.9067     54924


             precision    recall  f1-score   support

          0     0.9209    0.9982    0.9580     42924
          1     0.6927    0.4069    0.5127      1612
          2     0.6569    0.3845    0.4851      2559
          3     0.9455    0.4758    0.6330      1530
          4     0.9823    0.7374    0.8424      3994
          5     0.9615    0.9981    0.9795      1027
          6     1.0000    0.7322    0.8454       463
          7     0.9974    0.9497    0.9730       815

avg / total     0.9096    0.9158    0.9051     54924


             precision    recall  f1-score   support

          0     0.9220    0.9966    0.9578     42924
          1     0.6648    0.5155    0.5807      1612
          2     0.7034    0.3540    0.4710      2559
          3     0.9531    0.4654    0.6254      1530
          4     0.9711    0.7399    0.8398      3994
          5     0.9615    0.9981    0.9795      1027
          6     0.9888    0.7624    0.8610       463
          7     0.9974    0.9497    0.9730       815

avg / total     0.9111    0.9164    0.9060     54924


             precision    recall  f1-score   support

          0     0.9213    0.9975    0.9579     42924
          1     0.6450    0.5782    0.6097      1612
          2     0.7405    0.3056    0.4326      2559
          3     0.9420    0.4667    0.6241      1530
          4     0.9840    0.7396    0.8445      3994
          5     0.9615    0.9981    0.9795      1027
          6     1.0000    0.7495    0.8568       463
          7     0.9974    0.9497    0.9730       815

avg / total     0.9125    0.9166    0.9054     54924


             precision    recall  f1-score   support

          0     0.9217    0.9974    0.9580     42924
          1     0.6731    0.4739    0.5562      1612
          2     0.6779    0.3685    0.4775      2559
          3     0.9591    0.4601    0.6219      1530
          4     0.9843    0.7374    0.8431      3994
          5     0.9615    0.9981    0.9795      1027
          6     0.9577    0.7819    0.8609       463
          7     0.9974    0.9497    0.9730       815

avg / total     0.9108    0.9164    0.9059     54924


             precision    recall  f1-score   support

          0     0.9219    0.9979    0.9584     42924
          1     0.6342    0.5980    0.6156      1612
          2     0.7764    0.2931    0.4255      2559
          3     0.9266    0.4784    0.6310      1530
          4     0.9860    0.7411    0.8462      3994
          5     0.9615    0.9981    0.9795      1027
          6     1.0000    0.7365    0.8483       463
          7     0.9974    0.9497    0.9730       815

avg / total     0.9140    0.9172    0.9059     54924


             precision    recall  f1-score   support

          0     0.9217    0.9984    0.9585     42924
          1     0.6434    0.5831    0.6118      1612
          2     0.7603    0.3036    0.4340      2559
          3     0.9511    0.4699    0.6290      1530
          4     0.9883    0.7411    0.8470      3994
          5     0.9652    0.9981    0.9813      1027
          6     0.9944    0.7646    0.8645       463
          7     0.9974    0.9546    0.9755       815

avg / total     0.9143    0.9178    0.9065     54924


             precision    recall  f1-score   support

          0     0.9215    0.9976    0.9581     42924
          1     0.6591    0.5074    0.5734      1612
          2     0.6924    0.3404    0.4564      2559
          3     0.9454    0.4752    0.6324      1530
          4     0.9853    0.7374    0.8435      3994
          5     0.9661    0.9981    0.9818      1027
          6     1.0000    0.7624    0.8652       463
          7     0.9974    0.9558    0.9762       815

avg / total     0.9110    0.9166    0.9059     54924


             precision    recall  f1-score   support

          0     0.9216    0.9987    0.9586     42924
          1     0.6543    0.5577    0.6021      1612
          2     0.7468    0.3157    0.4438      2559
          3     0.9630    0.4758    0.6369      1530
          4     0.9873    0.7389    0.8452      3994
          5     0.9661    0.9981    0.9818      1027
          6     0.9946    0.7883    0.8795       463
          7     0.9974    0.9558    0.9762       815

avg / total     0.9141    0.9180    0.9070     54924


             precision    recall  f1-score   support

          0     0.9205    0.9984    0.9578     42924
          1     0.6299    0.6030    0.6162      1612
          2     0.7755    0.2618    0.3915      2559
          3     0.9681    0.4569    0.6208      1530
          4     0.9796    0.7436    0.8454      3994
          5     0.9799    0.9981    0.9889      1027
          6     0.9945    0.7797    0.8741       463
          7     0.9975    0.9742    0.9857       815

avg / total     0.9137    0.9166    0.9042     54924


             precision    recall  f1-score   support

          0     0.9225    0.9968    0.9582     42924
          1     0.6702    0.5422    0.5995      1612
          2     0.7272    0.3427    0.4659      2559
          3     0.9467    0.4647    0.6234      1530
          4     0.9718    0.7496    0.8464      3994
          5     0.9706    0.9981    0.9842      1027
          6     1.0000    0.7754    0.8735       463
          7     0.9975    0.9620    0.9794       815

avg / total     0.9129    0.9178    0.9073     54924


             precision    recall  f1-score   support

          0     0.9227    0.9977    0.9587     42924
          1     0.6372    0.6036    0.6199      1612
          2     0.7606    0.3091    0.4396      2559
          3     0.9539    0.4732    0.6326      1530
          4     0.9886    0.7401    0.8465      3994
          5     0.9781    0.9981    0.9880      1027
          6     1.0000    0.7603    0.8638       463
          7     0.9975    0.9718    0.9845       815

avg / total     0.9152    0.9183    0.9075     54924


             precision    recall  f1-score   support

          0     0.9220    0.9980    0.9585     42924
          1     0.6679    0.5478    0.6019      1612
          2     0.7231    0.3357    0.4585      2559
          3     0.9596    0.4810    0.6408      1530
          4     0.9883    0.7386    0.8454      3994
          5     0.9753    0.9981    0.9865      1027
          6     1.0000    0.7754    0.8735       463
          7     0.9975    0.9681    0.9826       815

avg / total     0.9139    0.9183    0.9078     54924


             precision    recall  f1-score   support

          0     0.9227    0.9972    0.9585     42924
          1     0.6246    0.6079    0.6162      1612
          2     0.7603    0.2802    0.4095      2559
          3     0.9590    0.4739    0.6343      1530
          4     0.9749    0.7474    0.8461      3994
          5     0.9725    0.9981    0.9851      1027
          6     1.0000    0.7775    0.8748       463
          7     0.9975    0.9644    0.9807       815

avg / total     0.9138    0.9173    0.9058     54924


             precision    recall  f1-score   support

          0     0.9214    0.9985    0.9584     42924
          1     0.6323    0.6092    0.6205      1612
          2     0.7888    0.2743    0.4071      2559
          3     0.9642    0.4752    0.6366      1530
          4     0.9838    0.7441    0.8473      3994
          5     0.9781    0.9981    0.9880      1027
          6     1.0000    0.7538    0.8596       463
          7     0.9975    0.9718    0.9845       815

avg / total     0.9153    0.9178    0.9059     54924


             precision    recall  f1-score   support

          0     0.9226    0.9971    0.9584     42924
          1     0.6372    0.5819    0.6083      1612
          2     0.7365    0.2939    0.4201      2559
          3     0.9313    0.4869    0.6395      1530
          4     0.9806    0.7479    0.8486      3994
          5     0.9781    0.9981    0.9880      1027
          6     1.0000    0.7624    0.8652       463
          7     0.9975    0.9718    0.9845       815

avg / total     0.9128    0.9175    0.9063     54924


             precision    recall  f1-score   support

          0     0.9221    0.9976    0.9584     42924
          1     0.6526    0.5676    0.6072      1612
          2     0.7393    0.3181    0.4448      2559
          3     0.9264    0.4771    0.6299      1530
          4     0.9877    0.7411    0.8468      3994
          5     0.9790    0.9981    0.9884      1027
          6     0.9972    0.7667    0.8669       463
          7     0.9975    0.9730    0.9851       815

avg / total     0.9134    0.9179    0.9071     54924


             precision    recall  f1-score   support

          0     0.9232    0.9974    0.9589     42924
          1     0.6483    0.5993    0.6228      1612
          2     0.7602    0.3146    0.4450      2559
          3     0.9516    0.4758    0.6344      1530
          4     0.9855    0.7486    0.8509      3994
          5     0.9753    0.9981    0.9865      1027
          6     1.0000    0.7840    0.8789       463
          7     0.9975    0.9681    0.9826       815

avg / total     0.9156    0.9191    0.9084     54924


             precision    recall  f1-score   support

          0     0.9238    0.9975    0.9592     42924
          1     0.6645    0.5589    0.6071      1612
          2     0.7344    0.3458    0.4702      2559
          3     0.9607    0.4797    0.6399      1530
          4     0.9846    0.7504    0.8517      3994
          5     0.9790    0.9981    0.9884      1027
          6     1.0000    0.7883    0.8816       463
          7     0.9975    0.9730    0.9851       815

avg / total     0.9156    0.9197    0.9097     54924

val_loss:0.371143402872,0.348579904227,0.318227367378,0.313217979838,0.306715694866,0.308429648208,0.293844583437,0.307979707435,0.301363284028,0.289431256884,0.290455602788,0.287000526988,0.283867839085,0.279403240463,0.280729484601,0.288466279585,0.275830433846,0.28321466009,0.286825467487,0.2764501275,0.274017344184,0.275576963309,0.280389326638,0.289701087193,0.280127925024,0.2675319551,0.266270970775,0.26743927858,0.264202252791,0.264181211697,0.264562206928,0.263167262158,0.264588486197,0.265358496179,0.262893741407,0.262535983662,0.263617193487,0.260756521904,0.260580155509,0.260533914963,0.262650243495,0.260032204003,0.259227202242,0.258132619881,0.258676483904,0.26086616547,0.259902672492,0.259109573627,0.254969321382,0.254880676443
acc:0.854681508224,0.887538231954,0.896635432721,0.901617953334,0.901933532234,0.904561342332,0.905119677085,0.90539277429,0.903845219579,0.906060346855,0.907535076428,0.907462251336,0.907850656812,0.908439333256,0.909355729273,0.909877649311,0.909647034655,0.90951351963,0.908767053436,0.911291691925,0.909653103998,0.910539154473,0.910387433713,0.909410348991,0.908700295138,0.912541876081,0.913433993494,0.914137980365,0.914192599368,0.91433218331,0.914411078658,0.915193959634,0.914908722209,0.914945137516,0.914835897021,0.915278921289,0.915181820505,0.915460987466,0.915539882609,0.915776567534,0.916207455833,0.915758361433,0.916043597963,0.916601931454,0.916838615382,0.91668082587,0.916868961606,0.917129919194,0.918349758458,0.918525754155
loss:0.456528566107,0.362883892413,0.336148565166,0.321382629034,0.318195003871,0.309949080622,0.311181632781,0.3082066322,0.307043045321,0.3036421494,0.300000430174,0.29999297644,0.296908597582,0.295307567306,0.291148500866,0.29027919461,0.291072495103,0.28928698445,0.292167878985,0.286477987078,0.288793434034,0.28775879261,0.287586200333,0.290065031196,0.291131431371,0.276697557826,0.273301529596,0.272416028438,0.271114094489,0.271365338453,0.270494286279,0.268991603653,0.268687901778,0.268600764226,0.268320532486,0.267791651193,0.267411762834,0.266248223361,0.265841804979,0.264987875954,0.264848040963,0.264570583217,0.263767288908,0.264263295553,0.263763343199,0.263182207821,0.263442641205,0.263333853217,0.258702074396,0.258357672636
val_acc:0.884950113218,0.891304345443,0.900517078461,0.905087029562,0.904904958578,0.906561792353,0.910385258963,0.903812539459,0.906051996409,0.909220013265,0.908164007042,0.910658363061,0.908036561107,0.91366251512,0.91448183166,0.913007064611,0.913334789579,0.910785812399,0.911605126394,0.9133712023,0.914609276461,0.913152719732,0.912151331648,0.910239603178,0.910494497591,0.91595659247,0.916393562985,0.916411766216,0.916084042667,0.916539218301,0.916739491657,0.917158256662,0.915792731836,0.916411769059,0.916630250946,0.916357147425,0.917249288738,0.917759082512,0.916557421346,0.918032185846,0.916648454745,0.917795496935,0.918323497815,0.91832350009,0.91730390848,0.917795498641,0.917485976899,0.917886531854,0.919051778207,0.919725434222
lr:0.0527813,0.0527813,0.0527813,0.0527813,0.0527813,0.0527813,0.0527813,0.0527813,0.0527813,0.0527813,0.0527813,0.0527813,0.0527813,0.0527813,0.0527813,0.0527813,0.0527813,0.0527813,0.0527813,0.0527813,0.0527813,0.0527813,0.0527813,0.0527813,0.0527813,0.0105562,0.0105562,0.0105562,0.0105562,0.0105562,0.0105562,0.0105562,0.0105562,0.0105562,0.0105562,0.0105562,0.0105562,0.0105562,0.0105562,0.0105562,0.0105562,0.0105562,0.0105562,0.0105562,0.0105562,0.0105562,0.0105562,0.0105562,0.00211125,0.00211125
