
             precision    recall  f1-score   support

          0     0.8920    0.9939    0.9402     42924
          1     0.5830    0.6495    0.6144      1612
          2     0.6984    0.2181    0.3323      2559
          3     0.8599    0.4013    0.5472      1530
          4     0.9204    0.4487    0.6033      3994
          5     0.9642    0.9971    0.9804      1027
          6     0.0000    0.0000    0.0000       463
          7     0.9949    0.9497    0.9718       815

avg / total     0.8704    0.8825    0.8601     54924


             precision    recall  f1-score   support

          0     0.8991    0.9977    0.9459     42924
          1     0.5573    0.6731    0.6097      1612
          2     0.7630    0.1887    0.3026      2559
          3     0.9302    0.4092    0.5683      1530
          4     0.9916    0.5020    0.6666      3994
          5     0.9660    0.9951    0.9803      1027
          6     1.0000    0.3844    0.5554       463
          7     0.9936    0.9534    0.9731       815

avg / total     0.8938    0.8922    0.8730     54924


             precision    recall  f1-score   support

          0     0.9113    0.9942    0.9510     42924
          1     0.6435    0.4535    0.5320      1612
          2     0.6464    0.3873    0.4844      2559
          3     0.8769    0.4608    0.6041      1530
          4     0.9610    0.6167    0.7513      3994
          5     0.9598    1.0000    0.9795      1027
          6     1.0000    0.4773    0.6462       463
          7     0.9987    0.9448    0.9710       815

avg / total     0.8967    0.9027    0.8910     54924


             precision    recall  f1-score   support

          0     0.9106    0.9962    0.9515     42924
          1     0.6034    0.6030    0.6032      1612
          2     0.7374    0.2743    0.3999      2559
          3     0.8400    0.4699    0.6027      1530
          4     0.9915    0.6102    0.7554      3994
          5     0.9669    0.9951    0.9808      1027
          6     0.9797    0.5205    0.6798       463
          7     0.9924    0.9571    0.9744       815

avg / total     0.9003    0.9037    0.8902     54924


             precision    recall  f1-score   support

          0     0.9160    0.9974    0.9550     42924
          1     0.5878    0.6501    0.6174      1612
          2     0.7796    0.2474    0.3756      2559
          3     0.9589    0.4268    0.5907      1530
          4     0.9766    0.6883    0.8075      3994
          5     0.9670    1.0000    0.9832      1027
          6     1.0000    0.5486    0.7085       463
          7     0.9987    0.9571    0.9774       815

avg / total     0.9085    0.9095    0.8960     54924


             precision    recall  f1-score   support

          0     0.9186    0.9959    0.9557     42924
          1     0.6222    0.5986    0.6102      1612
          2     0.7242    0.3458    0.4681      2559
          3     0.9658    0.4431    0.6075      1530
          4     0.9780    0.6893    0.8086      3994
          5     0.9698    1.0000    0.9847      1027
          6     1.0000    0.5421    0.7031       463
          7     0.9975    0.9607    0.9788       815

avg / total     0.9093    0.9120    0.9012     54924


             precision    recall  f1-score   support

          0     0.9223    0.9946    0.9571     42924
          1     0.6892    0.4622    0.5533      1612
          2     0.6842    0.4412    0.5365      2559
          3     0.9577    0.4438    0.6065      1530
          4     0.9494    0.7286    0.8245      3994
          5     0.9680    1.0000    0.9837      1027
          6     1.0000    0.6177    0.7637       463
          7     1.0000    0.9583    0.9787       815

avg / total     0.9100    0.9149    0.9054     54924


             precision    recall  f1-score   support

          0     0.9245    0.9947    0.9583     42924
          1     0.6256    0.6551    0.6400      1612
          2     0.7545    0.3736    0.4997      2559
          3     0.9461    0.4699    0.6279      1530
          4     0.9807    0.7121    0.8251      3994
          5     0.9698    1.0000    0.9847      1027
          6     1.0000    0.6069    0.7554       463
          7     0.9975    0.9607    0.9788       815

avg / total     0.9151    0.9170    0.9078     54924


             precision    recall  f1-score   support

          0     0.9255    0.9950    0.9590     42924
          1     0.6970    0.4938    0.5781      1612
          2     0.6910    0.4596    0.5520      2559
          3     0.9022    0.4824    0.6286      1530
          4     0.9759    0.7288    0.8345      3994
          5     0.9697    0.9981    0.9837      1027
          6     1.0000    0.6156    0.7620       463
          7     0.9962    0.9607    0.9781       815

avg / total     0.9134    0.9181    0.9097     54924


             precision    recall  f1-score   support

          0     0.9233    0.9963    0.9584     42924
          1     0.7105    0.5329    0.6090      1612
          2     0.7243    0.4650    0.5664      2559
          3     0.9386    0.4699    0.6263      1530
          4     0.9892    0.7133    0.8289      3994
          5     0.9689    1.0000    0.9842      1027
          6     1.0000    0.5680    0.7245       463
          7     1.0000    0.9595    0.9793       815

avg / total     0.9156    0.9186    0.9100     54924


             precision    recall  f1-score   support

          0     0.9260    0.9941    0.9589     42924
          1     0.7599    0.4752    0.5847      1612
          2     0.6952    0.5018    0.5828      2559
          3     0.9409    0.4889    0.6434      1530
          4     0.9603    0.7389    0.8351      3994
          5     0.9725    0.9981    0.9851      1027
          6     1.0000    0.6004    0.7503       463
          7     0.9987    0.9644    0.9813       815

avg / total     0.9159    0.9196    0.9116     54924


             precision    recall  f1-score   support

          0     0.9309    0.9931    0.9610     42924
          1     0.7257    0.5366    0.6170      1612
          2     0.7087    0.5561    0.6232      2559
          3     0.9162    0.5000    0.6469      1530
          4     0.9859    0.7354    0.8424      3994
          5     0.9827    0.9981    0.9903      1027
          6     1.0000    0.5940    0.7453       463
          7     0.9975    0.9779    0.9876       815

avg / total     0.9207    0.9234    0.9169     54924


             precision    recall  f1-score   support

          0     0.9316    0.9916    0.9607     42924
          1     0.6857    0.5806    0.6288      1612
          2     0.7296    0.5061    0.5976      2559
          3     0.9531    0.4915    0.6486      1530
          4     0.9473    0.7566    0.8413      3994
          5     0.9744    0.9990    0.9865      1027
          6     0.9964    0.5961    0.7459       463
          7     1.0000    0.9669    0.9832       815

avg / total     0.9191    0.9223    0.9157     54924


             precision    recall  f1-score   support

          0     0.9275    0.9962    0.9606     42924
          1     0.6891    0.6160    0.6505      1612
          2     0.7700    0.4920    0.6004      2559
          3     0.9566    0.4758    0.6355      1530
          4     0.9923    0.7138    0.8303      3994
          5     0.9670    1.0000    0.9832      1027
          6     1.0000    0.5767    0.7315       463
          7     1.0000    0.9583    0.9787       815

avg / total     0.9211    0.9225    0.9150     54924


             precision    recall  f1-score   support

          0     0.9349    0.9923    0.9627     42924
          1     0.7162    0.6247    0.6673      1612
          2     0.7708    0.5033    0.6090      2559
          3     0.9129    0.5137    0.6575      1530
          4     0.9545    0.7767    0.8564      3994
          5     0.9716    0.9981    0.9846      1027
          6     0.9674    0.7041    0.8150       463
          7     0.9987    0.9632    0.9806       815

avg / total     0.9235    0.9269    0.9208     54924


             precision    recall  f1-score   support

          0     0.9367    0.9904    0.9628     42924
          1     0.7790    0.4919    0.6030      1612
          2     0.7046    0.6338    0.6674      2559
          3     0.9671    0.4810    0.6425      1530
          4     0.9608    0.7739    0.8573      3994
          5     0.9762    1.0000    0.9880      1027
          6     0.8325    0.7192    0.7717       463
          7     1.0000    0.9693    0.9844       815

avg / total     0.9247    0.9268    0.9211     54924


             precision    recall  f1-score   support

          0     0.9353    0.9937    0.9636     42924
          1     0.7640    0.5664    0.6505      1612
          2     0.7550    0.5647    0.6461      2559
          3     0.9444    0.5222    0.6726      1530
          4     0.9648    0.7692    0.8559      3994
          5     0.9837    1.0000    0.9918      1027
          6     1.0000    0.7279    0.8425       463
          7     1.0000    0.9791    0.9895       815

avg / total     0.9267    0.9294    0.9236     54924


             precision    recall  f1-score   support

          0     0.9402    0.9914    0.9651     42924
          1     0.6978    0.6588    0.6777      1612
          2     0.7775    0.5584    0.6500      2559
          3     0.8858    0.5680    0.6922      1530
          4     0.9758    0.7584    0.8535      3994
          5     0.9875    1.0000    0.9937      1027
          6     0.9656    0.7883    0.8680       463
          7     1.0000    0.9853    0.9926       815

avg / total     0.9286    0.9311    0.9264     54924


             precision    recall  f1-score   support

          0     0.9351    0.9949    0.9640     42924
          1     0.7554    0.6266    0.6850      1612
          2     0.8001    0.5397    0.6446      2559
          3     0.9197    0.5392    0.6799      1530
          4     0.9793    0.7591    0.8553      3994
          5     0.9894    1.0000    0.9947      1027
          6     0.9944    0.7646    0.8645       463
          7     0.9988    0.9865    0.9926       815

avg / total     0.9287    0.9310    0.9253     54924


             precision    recall  f1-score   support

          0     0.9416    0.9899    0.9651     42924
          1     0.7393    0.6402    0.6862      1612
          2     0.7681    0.6006    0.6741      2559
          3     0.8862    0.5549    0.6825      1530
          4     0.9631    0.7837    0.8642      3994
          5     0.9680    1.0000    0.9837      1027
          6     0.9828    0.7408    0.8448       463
          7     1.0000    0.9583    0.9787       815

avg / total     0.9293    0.9320    0.9277     54924


             precision    recall  f1-score   support

          0     0.9431    0.9905    0.9662     42924
          1     0.7536    0.6526    0.6995      1612
          2     0.7889    0.6440    0.7091      2559
          3     0.9071    0.5490    0.6840      1530
          4     0.9656    0.7809    0.8635      3994
          5     0.9990    1.0000    0.9995      1027
          6     0.9778    0.7624    0.8568       463
          7     1.0000    0.9988    0.9994       815

avg / total     0.9332    0.9353    0.9313     54924


             precision    recall  f1-score   support

          0     0.9430    0.9902    0.9660     42924
          1     0.7542    0.5900    0.6620      1612
          2     0.7360    0.6745    0.7039      2559
          3     0.9603    0.5373    0.6890      1530
          4     0.9702    0.7734    0.8607      3994
          5     1.0000    1.0000    1.0000      1027
          6     0.9890    0.7797    0.8720       463
          7     1.0000    0.9988    0.9994       815

avg / total     0.9326    0.9339    0.9298     54924


             precision    recall  f1-score   support

          0     0.9464    0.9876    0.9666     42924
          1     0.8146    0.5751    0.6742      1612
          2     0.7343    0.7225    0.7284      2559
          3     0.9194    0.5516    0.6895      1530
          4     0.9474    0.7979    0.8663      3994
          5     1.0000    1.0000    1.0000      1027
          6     0.9943    0.7538    0.8575       463
          7     1.0000    1.0000    1.0000       815

avg / total     0.9342    0.9357    0.9321     54924


             precision    recall  f1-score   support

          0     0.9455    0.9895    0.9670     42924
          1     0.7609    0.6712    0.7132      1612
          2     0.7928    0.6655    0.7236      2559
          3     0.9002    0.5660    0.6950      1530
          4     0.9596    0.7789    0.8599      3994
          5     0.9885    1.0000    0.9942      1027
          6     0.9716    0.8121    0.8847       463
          7     1.0000    0.9853    0.9926       815

avg / total     0.9346    0.9366    0.9331     54924


             precision    recall  f1-score   support

          0     0.9490    0.9861    0.9672     42924
          1     0.7366    0.7097    0.7229      1612
          2     0.7799    0.6659    0.7184      2559
          3     0.9350    0.5732    0.7107      1530
          4     0.9275    0.7972    0.8574      3994
          5     1.0000    1.0000    1.0000      1027
          6     1.0000    0.7970    0.8870       463
          7     1.0000    1.0000    1.0000       815

avg / total     0.9350    0.9367    0.9337     54924


             precision    recall  f1-score   support

          0     0.9440    0.9930    0.9679     42924
          1     0.8179    0.5825    0.6804      1612
          2     0.7573    0.7022    0.7287      2559
          3     0.9808    0.5340    0.6915      1530
          4     0.9706    0.7844    0.8676      3994
          5     0.9961    1.0000    0.9981      1027
          6     0.9943    0.7538    0.8575       463
          7     1.0000    0.9951    0.9975       815

avg / total     0.9368    0.9376    0.9334     54924


             precision    recall  f1-score   support

          0     0.9414    0.9949    0.9674     42924
          1     0.8090    0.6334    0.7105      1612
          2     0.8059    0.6800    0.7376      2559
          3     0.9685    0.5229    0.6791      1530
          4     0.9823    0.7656    0.8606      3994
          5     0.9990    1.0000    0.9995      1027
          6     0.9777    0.7559    0.8526       463
          7     1.0000    0.9988    0.9994       815

avg / total     0.9372    0.9380    0.9335     54924


             precision    recall  f1-score   support

          0     0.9466    0.9911    0.9683     42924
          1     0.7897    0.6172    0.6929      1612
          2     0.7672    0.6889    0.7260      2559
          3     0.9156    0.6026    0.7268      1530
          4     0.9735    0.7832    0.8680      3994
          5     1.0000    1.0000    1.0000      1027
          6     0.9888    0.7646    0.8624       463
          7     1.0000    1.0000    1.0000       815

avg / total     0.9368    0.9385    0.9351     54924


             precision    recall  f1-score   support

          0     0.9469    0.9853    0.9657     42924
          1     0.7654    0.6619    0.7099      1612
          2     0.8122    0.6268    0.7075      2559
          3     0.9058    0.5654    0.6962      1530
          4     0.8819    0.8190    0.8493      3994
          5     0.9952    1.0000    0.9976      1027
          6     0.9740    0.8078    0.8831       463
          7     1.0000    0.9939    0.9969       815

avg / total     0.9314    0.9342    0.9306     54924


             precision    recall  f1-score   support

          0     0.9496    0.9882    0.9685     42924
          1     0.7971    0.6458    0.7135      1612
          2     0.7752    0.6858    0.7278      2559
          3     0.8990    0.6340    0.7436      1530
          4     0.9499    0.8025    0.8700      3994
          5     0.9961    1.0000    0.9981      1027
          6     0.9873    0.8380    0.9065       463
          7     1.0000    0.9951    0.9975       815

avg / total     0.9376    0.9397    0.9368     54924


             precision    recall  f1-score   support

          0     0.9492    0.9929    0.9706     42924
          1     0.8022    0.6669    0.7283      1612
          2     0.8128    0.7159    0.7613      2559
          3     0.9623    0.5667    0.7133      1530
          4     0.9649    0.8052    0.8778      3994
          5     1.0000    1.0000    1.0000      1027
          6     1.0000    0.7646    0.8666       463
          7     1.0000    1.0000    1.0000       815

avg / total     0.9422    0.9432    0.9399     54924


             precision    recall  f1-score   support

          0     0.9488    0.9910    0.9694     42924
          1     0.8021    0.6588    0.7234      1612
          2     0.8077    0.6764    0.7363      2559
          3     0.9143    0.6209    0.7396      1530
          4     0.9571    0.8097    0.8773      3994
          5     1.0000    1.0000    1.0000      1027
          6     0.9671    0.7624    0.8527       463
          7     1.0000    1.0000    1.0000       815

avg / total     0.9394    0.9415    0.9383     54924


             precision    recall  f1-score   support

          0     0.9493    0.9930    0.9707     42924
          1     0.7724    0.7053    0.7374      1612
          2     0.8480    0.6651    0.7455      2559
          3     0.9461    0.5856    0.7235      1530
          4     0.9565    0.8100    0.8772      3994
          5     1.0000    1.0000    1.0000      1027
          6     0.9946    0.7991    0.8862       463
          7     1.0000    1.0000    1.0000       815

avg / total     0.9419    0.9432    0.9399     54924


             precision    recall  f1-score   support

          0     0.9507    0.9897    0.9698     42924
          1     0.7710    0.6706    0.7173      1612
          2     0.8068    0.7100    0.7554      2559
          3     0.8641    0.6235    0.7244      1530
          4     0.9687    0.7894    0.8699      3994
          5     0.9971    1.0000    0.9985      1027
          6     0.9948    0.8294    0.9046       463
          7     1.0000    0.9963    0.9982       815

avg / total     0.9396    0.9414    0.9387     54924


             precision    recall  f1-score   support

          0     0.9455    0.9948    0.9695     42924
          1     0.8443    0.6526    0.7362      1612
          2     0.8210    0.6846    0.7466      2559
          3     0.9216    0.6144    0.7373      1530
          4     0.9806    0.7724    0.8641      3994
          5     1.0000    1.0000    1.0000      1027
          6     1.0000    0.8099    0.8950       463
          7     1.0000    1.0000    1.0000       815

avg / total     0.9409    0.9421    0.9385     54924


             precision    recall  f1-score   support

          0     0.9523    0.9906    0.9711     42924
          1     0.8151    0.7053    0.7562      1612
          2     0.8158    0.7390    0.7755      2559
          3     0.9481    0.5967    0.7325      1530
          4     0.9526    0.8057    0.8730      3994
          5     0.9781    0.9990    0.9884      1027
          6     0.9921    0.8099    0.8918       463
          7     0.9987    0.9718    0.9851       815

avg / total     0.9433    0.9445    0.9418     54924


             precision    recall  f1-score   support

          0     0.9489    0.9908    0.9694     42924
          1     0.7949    0.6805    0.7333      1612
          2     0.8297    0.6776    0.7460      2559
          3     0.8894    0.6464    0.7487      1530
          4     0.9597    0.7934    0.8687      3994
          5     1.0000    1.0000    1.0000      1027
          6     0.9841    0.8035    0.8847       463
          7     0.9988    1.0000    0.9994       815

avg / total     0.9399    0.9419    0.9389     54924


             precision    recall  f1-score   support

          0     0.9587    0.9926    0.9754     42924
          1     0.8617    0.7190    0.7839      1612
          2     0.8473    0.7804    0.8124      2559
          3     0.9274    0.6758    0.7819      1530
          4     0.9648    0.8297    0.8922      3994
          5     1.0000    1.0000    1.0000      1027
          6     0.9897    0.8294    0.9025       463
          7     0.9988    1.0000    0.9994       815

avg / total     0.9519    0.9529    0.9509     54924


             precision    recall  f1-score   support

          0     0.9605    0.9915    0.9757     42924
          1     0.8394    0.7717    0.8041      1612
          2     0.8694    0.7749    0.8194      2559
          3     0.9100    0.6941    0.7875      1530
          4     0.9643    0.8312    0.8928      3994
          5     1.0000    0.9990    0.9995      1027
          6     0.9748    0.8359    0.9000       463
          7     0.9976    1.0000    0.9988       815

avg / total     0.9529    0.9540    0.9523     54924


             precision    recall  f1-score   support

          0     0.9593    0.9925    0.9757     42924
          1     0.8758    0.7308    0.7968      1612
          2     0.8515    0.7952    0.8224      2559
          3     0.9156    0.6948    0.7900      1530
          4     0.9725    0.8242    0.8923      3994
          5     1.0000    1.0000    1.0000      1027
          6     0.9847    0.8315    0.9016       463
          7     1.0000    1.0000    1.0000       815

avg / total     0.9532    0.9540    0.9522     54924


             precision    recall  f1-score   support

          0     0.9598    0.9925    0.9758     42924
          1     0.8543    0.7568    0.8026      1612
          2     0.8694    0.7827    0.8238      2559
          3     0.9347    0.6732    0.7827      1530
          4     0.9602    0.8327    0.8919      3994
          5     1.0000    1.0000    1.0000      1027
          6     0.9773    0.8380    0.9023       463
          7     0.9988    1.0000    0.9994       815

avg / total     0.9533    0.9542    0.9524     54924


             precision    recall  f1-score   support

          0     0.9617    0.9917    0.9765     42924
          1     0.8599    0.7537    0.8033      1612
          2     0.8600    0.7898    0.8234      2559
          3     0.9160    0.7052    0.7969      1530
          4     0.9597    0.8350    0.8930      3994
          5     1.0000    1.0000    1.0000      1027
          6     0.9801    0.8531    0.9122       463
          7     1.0000    1.0000    1.0000       815

avg / total     0.9540    0.9550    0.9534     54924


             precision    recall  f1-score   support

          0     0.9594    0.9930    0.9759     42924
          1     0.8569    0.7655    0.8087      1612
          2     0.8687    0.7862    0.8254      2559
          3     0.9484    0.6608    0.7789      1530
          4     0.9622    0.8295    0.8910      3994
          5     1.0000    1.0000    1.0000      1027
          6     0.9897    0.8315    0.9038       463
          7     1.0000    1.0000    1.0000       815

avg / total     0.9537    0.9544    0.9525     54924


             precision    recall  f1-score   support

          0     0.9602    0.9927    0.9762     42924
          1     0.8541    0.7587    0.8035      1612
          2     0.8736    0.7753    0.8215      2559
          3     0.9267    0.7026    0.7993      1530
          4     0.9610    0.8277    0.8894      3994
          5     1.0000    1.0000    1.0000      1027
          6     0.9825    0.8488    0.9108       463
          7     1.0000    1.0000    1.0000       815

avg / total     0.9537    0.9547    0.9529     54924


             precision    recall  f1-score   support

          0     0.9600    0.9938    0.9766     42924
          1     0.8663    0.7556    0.8072      1612
          2     0.8722    0.8030    0.8362      2559
          3     0.9515    0.6791    0.7925      1530
          4     0.9685    0.8242    0.8906      3994
          5     1.0000    1.0000    1.0000      1027
          6     0.9823    0.8380    0.9044       463
          7     1.0000    1.0000    1.0000       815

avg / total     0.9551    0.9557    0.9539     54924


             precision    recall  f1-score   support

          0     0.9606    0.9934    0.9767     42924
          1     0.8673    0.7463    0.8023      1612
          2     0.8606    0.7987    0.8285      2559
          3     0.9325    0.6948    0.7963      1530
          4     0.9733    0.8295    0.8956      3994
          5     1.0000    1.0000    1.0000      1027
          6     0.9871    0.8294    0.9014       463
          7     0.9988    1.0000    0.9994       815

avg / total     0.9549    0.9556    0.9539     54924


             precision    recall  f1-score   support

          0     0.9620    0.9925    0.9770     42924
          1     0.8712    0.7556    0.8093      1612
          2     0.8656    0.8101    0.8369      2559
          3     0.9142    0.7170    0.8037      1530
          4     0.9733    0.8292    0.8955      3994
          5     1.0000    1.0000    1.0000      1027
          6     0.9824    0.8445    0.9082       463
          7     0.9988    1.0000    0.9994       815

avg / total     0.9558    0.9565    0.9550     54924


             precision    recall  f1-score   support

          0     0.9601    0.9936    0.9766     42924
          1     0.8648    0.7500    0.8033      1612
          2     0.8716    0.7929    0.8304      2559
          3     0.9307    0.6850    0.7892      1530
          4     0.9736    0.8305    0.8964      3994
          5     1.0000    1.0000    1.0000      1027
          6     0.9775    0.8445    0.9061       463
          7     1.0000    1.0000    1.0000       815

avg / total     0.9548    0.9556    0.9538     54924


             precision    recall  f1-score   support

          0     0.9621    0.9921    0.9769     42924
          1     0.8755    0.7457    0.8054      1612
          2     0.8609    0.8105    0.8349      2559
          3     0.9133    0.7163    0.8029      1530
          4     0.9674    0.8325    0.8949      3994
          5     1.0000    1.0000    1.0000      1027
          6     0.9776    0.8488    0.9087       463
          7     0.9988    1.0000    0.9994       815

avg / total     0.9553    0.9561    0.9546     54924


             precision    recall  f1-score   support

          0     0.9618    0.9924    0.9769     42924
          1     0.8631    0.7624    0.8096      1612
          2     0.8693    0.8054    0.8361      2559
          3     0.9407    0.6948    0.7992      1530
          4     0.9631    0.8365    0.8954      3994
          5     1.0000    1.0000    1.0000      1027
          6     0.9799    0.8423    0.9059       463
          7     1.0000    1.0000    1.0000       815

avg / total     0.9555    0.9563    0.9547     54924

val_loss:0.388026285561,0.350295661682,0.325356242645,0.314601674901,0.298256268903,0.293350995935,0.281054541394,0.275030315072,0.26315304592,0.261431937541,0.255903018929,0.248001487111,0.245993569568,0.244267254619,0.226527629036,0.227783315296,0.217249880035,0.215272051156,0.215762144732,0.211874831487,0.202560799206,0.202927346805,0.200348480562,0.198840137477,0.19679753707,0.194107553018,0.195724110882,0.190513584856,0.197065768979,0.190262484865,0.180327214039,0.180903625773,0.17558860352,0.18509440154,0.181299905456,0.176013627618,0.179956586442,0.152495927847,0.149806491095,0.148490379054,0.14872476788,0.146080141691,0.146029899168,0.14659655214,0.144307718729,0.145154488671,0.1432364282,0.143821998008,0.143238633272,0.143103326161
acc:0.845620719048,0.885735791442,0.894990783516,0.902680009284,0.906788617328,0.909974760403,0.912408365109,0.914022678816,0.915315343572,0.917008549535,0.919078023933,0.920134003292,0.921293153504,0.922118514274,0.924740256569,0.925820511001,0.927386271842,0.929680296057,0.929832015132,0.931567705264,0.932811818135,0.933685732026,0.934329028809,0.93511190964,0.936386366944,0.937363452172,0.938243432833,0.937855026395,0.939420788339,0.9404889057,0.940968343663,0.941180754531,0.942157837418,0.94251589884,0.943183472581,0.94180584407,0.943523327011,0.952298873613,0.95515123134,0.956019076663,0.956510653075,0.956795887368,0.957105398873,0.957002226989,0.95786400251,0.958367718903,0.957997519631,0.958798605756,0.959508661171,0.959338733162
loss:0.496662910353,0.373556534147,0.342672770042,0.319288069408,0.308339903019,0.297044062266,0.287263284936,0.280011704397,0.27194730321,0.264039100119,0.258587225759,0.252829557363,0.246112825905,0.242069186474,0.23353902521,0.229141513189,0.22348852215,0.216178456831,0.214191500421,0.209836990916,0.205257900243,0.201625324069,0.199629185192,0.196133700616,0.192814573293,0.188180947009,0.185902975058,0.184970443028,0.180627994654,0.178581483497,0.177129199023,0.17523971663,0.172954204074,0.171452016176,0.168358687549,0.173331050498,0.168675974779,0.142588005925,0.135191587923,0.132108053969,0.131088390099,0.129193177403,0.128067106419,0.127303589331,0.125702207026,0.124942520619,0.124551651296,0.123347974831,0.12121700859,0.121860501517
val_acc:0.882492178349,0.892178287159,0.902738336343,0.903703306488,0.909529537112,0.912023893852,0.914918801293,0.916957985217,0.918086813922,0.918633024597,0.91963440689,0.923385045337,0.922347249697,0.922492901884,0.926935402592,0.926789746812,0.929375137816,0.931050177495,0.931031972619,0.932015150935,0.935274198127,0.933872259442,0.93565654545,0.936603307125,0.936712549859,0.937568278468,0.937950621298,0.938533247715,0.934236399193,0.939716700633,0.943230645141,0.941464566406,0.943248851215,0.941446360631,0.942138226488,0.944450511705,0.941865122798,0.952898546978,0.953972757162,0.954027378379,0.954209449004,0.955028761871,0.954427932675,0.954664623018,0.955684213483,0.955647801335,0.956539940594,0.955629592864,0.956139387497,0.95630325055
lr:0.0132361,0.0132361,0.0132361,0.0132361,0.0132361,0.0132361,0.0132361,0.0132361,0.0132361,0.0132361,0.0132361,0.0132361,0.0132361,0.0132361,0.0132361,0.0132361,0.0132361,0.0132361,0.0132361,0.0132361,0.0132361,0.0132361,0.0132361,0.0132361,0.0132361,0.0132361,0.0132361,0.0132361,0.0132361,0.0132361,0.0132361,0.0132361,0.0132361,0.0132361,0.0132361,0.0132361,0.0132361,0.00264721,0.00264721,0.00264721,0.00264721,0.00264721,0.00264721,0.00264721,0.00264721,0.00264721,0.00264721,0.00264721,0.00264721,0.00264721
