
             precision    recall  f1-score   support

          0     0.8499    0.9981    0.9181     43023
          1     0.5484    0.0110    0.0216      1543
          2     0.5656    0.0479    0.0884      2607
          3     0.5795    0.0710    0.1265      1591
          4     0.8940    0.4279    0.5787      4020
          5     0.9870    1.0000    0.9935       912
          6     0.9971    0.7618    0.8637       445
          7     0.9987    0.9732    0.9858       783

avg / total     0.8289    0.8545    0.8075     54924


             precision    recall  f1-score   support

          0     0.8506    0.9986    0.9187     43023
          1     1.0000    0.0006    0.0013      1543
          2     0.5461    0.0614    0.1103      2607
          3     0.6026    0.0886    0.1545      1591
          4     0.9183    0.4197    0.5761      4020
          5     1.0000    1.0000    1.0000       912
          6     0.9944    0.8045    0.8894       445
          7     1.0000    0.9898    0.9949       783

avg / total     0.8439    0.8557    0.8095     54924


             precision    recall  f1-score   support

          0     0.8499    0.9988    0.9184     43023
          1     0.4375    0.0091    0.0178      1543
          2     0.5560    0.0533    0.0973      2607
          3     0.6000    0.0924    0.1601      1591
          4     0.9273    0.4127    0.5712      4020
          5     0.9989    1.0000    0.9995       912
          6     0.9944    0.8045    0.8894       445
          7     1.0000    0.9898    0.9949       783

avg / total     0.8286    0.8553    0.8089     54924


             precision    recall  f1-score   support

          0     0.8510    0.9988    0.9190     43023
          1     0.5294    0.0117    0.0228      1543
          2     0.5760    0.0625    0.1128      2607
          3     0.5677    0.1106    0.1852      1591
          4     0.9540    0.4132    0.5766      4020
          5     1.0000    1.0000    1.0000       912
          6     0.9918    0.8112    0.8925       445
          7     1.0000    0.9987    0.9994       783

avg / total     0.8340    0.8566    0.8115     54924


             precision    recall  f1-score   support

          0     0.8513    0.9983    0.9189     43023
          1     0.7059    0.0078    0.0154      1543
          2     0.5076    0.0767    0.1333      2607
          3     0.6463    0.0999    0.1731      1591
          4     0.9488    0.4149    0.5774      4020
          5     0.9989    1.0000    0.9995       912
          6     0.9945    0.8180    0.8977       445
          7     1.0000    0.9974    0.9987       783

avg / total     0.8378    0.8565    0.8120     54924


             precision    recall  f1-score   support

          0     0.8521    0.9975    0.9191     43023
          1     0.5238    0.0071    0.0141      1543
          2     0.5376    0.0767    0.1343      2607
          3     0.8393    0.0591    0.1104      1591
          4     0.8878    0.4408    0.5891      4020
          5     0.9989    1.0000    0.9995       912
          6     0.9945    0.8180    0.8977       445
          7     1.0000    0.9974    0.9987       783

avg / total     0.8359    0.8566    0.8111     54924


             precision    recall  f1-score   support

          0     0.8519    0.9977    0.9190     43023
          1     1.0000    0.0045    0.0090      1543
          2     0.5144    0.0825    0.1421      2607
          3     0.6489    0.1150    0.1954      1591
          4     0.9487    0.4187    0.5809      4020
          5     0.9989    1.0000    0.9995       912
          6     0.9945    0.8157    0.8963       445
          7     0.9987    0.9974    0.9981       783

avg / total     0.8469    0.8569    0.8132     54924


             precision    recall  f1-score   support

          0     0.8519    0.9970    0.9188     43023
          1     0.5806    0.0117    0.0229      1543
          2     0.5222    0.0721    0.1267      2607
          3     0.7610    0.0981    0.1737      1591
          4     0.9050    0.4311    0.5840      4020
          5     1.0000    1.0000    1.0000       912
          6     0.9945    0.8180    0.8977       445
          7     1.0000    0.9987    0.9994       783

avg / total     0.8356    0.8566    0.8122     54924


             precision    recall  f1-score   support

          0     0.8527    0.9970    0.9192     43023
          1     0.4691    0.0246    0.0468      1543
          2     0.5035    0.0836    0.1434      2607
          3     0.6782    0.1113    0.1911      1591
          4     0.9391    0.4184    0.5789      4020
          5     1.0000    1.0000    1.0000       912
          6     0.9945    0.8135    0.8949       445
          7     1.0000    0.9987    0.9994       783

avg / total     0.8323    0.8569    0.8142     54924


             precision    recall  f1-score   support

          0     0.8533    0.9971    0.9196     43023
          1     0.4274    0.0324    0.0602      1543
          2     0.5240    0.0836    0.1442      2607
          3     0.7424    0.1069    0.1868      1591
          4     0.9398    0.4274    0.5876      4020
          5     1.0000    1.0000    1.0000       912
          6     0.9945    0.8180    0.8977       445
          7     1.0000    0.9987    0.9994       783

avg / total     0.8345    0.8578    0.8154     54924


             precision    recall  f1-score   support

          0     0.8539    0.9965    0.9197     43023
          1     0.4245    0.0292    0.0546      1543
          2     0.5059    0.0993    0.1661      2607
          3     0.6463    0.1332    0.2209      1591
          4     0.9673    0.4119    0.5778      4020
          5     1.0000    1.0000    1.0000       912
          6     0.9945    0.8135    0.8949       445
          7     1.0000    0.9987    0.9994       783

avg / total     0.8332    0.8575    0.8166     54924


             precision    recall  f1-score   support

          0     0.8535    0.9972    0.9197     43023
          1     0.5448    0.0473    0.0871      1543
          2     0.5183    0.0813    0.1406      2607
          3     0.6224    0.1326    0.2187      1591
          4     0.9672    0.4107    0.5766      4020
          5     1.0000    1.0000    1.0000       912
          6     0.9946    0.8337    0.9071       445
          7     1.0000    0.9987    0.9994       783

avg / total     0.8362    0.8578    0.8163     54924


             precision    recall  f1-score   support

          0     0.8539    0.9966    0.9197     43023
          1     0.5667    0.0331    0.0625      1543
          2     0.5350    0.1055    0.1762      2607
          3     0.8115    0.0974    0.1740      1591
          4     0.9350    0.4291    0.5882      4020
          5     0.9978    1.0000    0.9989       912
          6     0.9946    0.8315    0.9058       445
          7     1.0000    0.9974    0.9987       783

avg / total     0.8410    0.8584    0.8168     54924


             precision    recall  f1-score   support

          0     0.8531    0.9984    0.9201     43023
          1     0.5595    0.0305    0.0578      1543
          2     0.5711    0.0848    0.1476      2607
          3     0.7897    0.1062    0.1873      1591
          4     0.9474    0.4301    0.5916      4020
          5     1.0000    1.0000    1.0000       912
          6     0.9946    0.8315    0.9058       445
          7     1.0000    0.9987    0.9994       783

avg / total     0.8422    0.8591    0.8163     54924


             precision    recall  f1-score   support

          0     0.8535    0.9980    0.9201     43023
          1     0.5305    0.0564    0.1019      1543
          2     0.6006    0.0813    0.1432      2607
          3     0.7434    0.1238    0.2123      1591
          4     0.9593    0.4216    0.5858      4020
          5     1.0000    1.0000    1.0000       912
          6     0.9947    0.8382    0.9098       445
          7     1.0000    0.9987    0.9994       783

avg / total     0.8427    0.8593    0.8177     54924


             precision    recall  f1-score   support

          0     0.8554    0.9954    0.9201     43023
          1     0.5036    0.0914    0.1547      1543
          2     0.5730    0.1009    0.1716      2607
          3     0.7570    0.1194    0.2063      1591
          4     0.9496    0.4264    0.5885      4020
          5     1.0000    1.0000    1.0000       912
          6     0.9946    0.8315    0.9058       445
          7     1.0000    0.9987    0.9994       783

avg / total     0.8417    0.8593    0.8204     54924


             precision    recall  f1-score   support

          0     0.8552    0.9960    0.9202     43023
          1     0.5253    0.0538    0.0976      1543
          2     0.5464    0.1063    0.1779      2607
          3     0.8333    0.1006    0.1795      1591
          4     0.9255    0.4358    0.5926      4020
          5     1.0000    1.0000    1.0000       912
          6     0.9946    0.8315    0.9058       445
          7     1.0000    0.9987    0.9994       783

avg / total     0.8414    0.8591    0.8188     54924


             precision    recall  f1-score   support

          0     0.8552    0.9957    0.9201     43023
          1     0.5373    0.0700    0.1239      1543
          2     0.5962    0.1082    0.1831      2607
          3     0.7654    0.1169    0.2028      1591
          4     0.9308    0.4281    0.5865      4020
          5     1.0000    1.0000    1.0000       912
          6     0.9946    0.8270    0.9031       445
          7     1.0000    0.9987    0.9994       783

avg / total     0.8425    0.8594    0.8199     54924


             precision    recall  f1-score   support

          0     0.8574    0.9927    0.9201     43023
          1     0.5385    0.0862    0.1486      1543
          2     0.5139    0.1423    0.2229      2607
          3     0.7941    0.1188    0.2067      1591
          4     0.9471    0.4316    0.5930      4020
          5     1.0000    1.0000    1.0000       912
          6     0.9920    0.8382    0.9086       445
          7     1.0000    0.9987    0.9994       783

avg / total     0.8423    0.8594    0.8231     54924


             precision    recall  f1-score   support

          0     0.8550    0.9969    0.9205     43023
          1     0.5805    0.0771    0.1362      1543
          2     0.6062    0.1051    0.1791      2607
          3     0.7385    0.1314    0.2231      1591
          4     0.9657    0.4199    0.5853      4020
          5     1.0000    1.0000    1.0000       912
          6     0.9947    0.8449    0.9137       445
          7     1.0000    0.9987    0.9994       783

avg / total     0.8458    0.8603    0.8210     54924


             precision    recall  f1-score   support

          0     0.8547    0.9971    0.9204     43023
          1     0.6316    0.0389    0.0733      1543
          2     0.5669    0.1170    0.1940      2607
          3     0.8067    0.1207    0.2100      1591
          4     0.9565    0.4269    0.5903      4020
          5     1.0000    1.0000    1.0000       912
          6     0.9920    0.8382    0.9086       445
          7     1.0000    0.9987    0.9994       783

avg / total     0.8465    0.8601    0.8198     54924


             precision    recall  f1-score   support

          0     0.8546    0.9965    0.9201     43023
          1     0.5867    0.0745    0.1323      1543
          2     0.6222    0.0947    0.1644      2607
          3     0.7831    0.1226    0.2120      1591
          4     0.9511    0.4351    0.5970      4020
          5     0.9989    1.0000    0.9995       912
          6     0.9921    0.8472    0.9139       445
          7     1.0000    0.9974    0.9987       783

avg / total     0.8466    0.8603    0.8203     54924


             precision    recall  f1-score   support

          0     0.8563    0.9938    0.9199     43023
          1     0.6166    0.0771    0.1371      1543
          2     0.5144    0.1373    0.2168      2607
          3     0.7304    0.1345    0.2272      1591
          4     0.9702    0.4209    0.5871      4020
          5     0.9978    1.0000    0.9989       912
          6     0.9920    0.8315    0.9046       445
          7     1.0000    0.9962    0.9981       783

avg / total     0.8435    0.8594    0.8224     54924


             precision    recall  f1-score   support

          0     0.8563    0.9943    0.9202     43023
          1     0.5584    0.0836    0.1454      1543
          2     0.5450    0.1254    0.2039      2607
          3     0.7580    0.1339    0.2276      1591
          4     0.9586    0.4259    0.5897      4020
          5     0.9989    1.0000    0.9995       912
          6     0.9921    0.8449    0.9126       445
          7     1.0000    0.9987    0.9994       783

avg / total     0.8433    0.8599    0.8225     54924


             precision    recall  f1-score   support

          0     0.8570    0.9943    0.9205     43023
          1     0.4872    0.1238    0.1974      1543
          2     0.5957    0.1170    0.1956      2607
          3     0.7437    0.1295    0.2206      1591
          4     0.9647    0.4216    0.5868      4020
          5     0.9989    1.0000    0.9995       912
          6     0.9920    0.8382    0.9086       445
          7     1.0000    0.9987    0.9994       783

avg / total     0.8443    0.8601    0.8234     54924


             precision    recall  f1-score   support

          0     0.8563    0.9954    0.9207     43023
          1     0.5672    0.0875    0.1516      1543
          2     0.5731    0.1128    0.1885      2607
          3     0.8083    0.1219    0.2119      1591
          4     0.9417    0.4341    0.5942      4020
          5     1.0000    1.0000    1.0000       912
          6     0.9920    0.8360    0.9073       445
          7     1.0000    1.0000    1.0000       783

avg / total     0.8452    0.8605    0.8222     54924


             precision    recall  f1-score   support

          0     0.8578    0.9933    0.9206     43023
          1     0.5194    0.1128    0.1853      1543
          2     0.5662    0.1362    0.2195      2607
          3     0.7932    0.1326    0.2272      1591
          4     0.9640    0.4336    0.5981      4020
          5     0.9989    1.0000    0.9995       912
          6     0.9868    0.8382    0.9064       445
          7     1.0000    0.9974    0.9987       783

avg / total     0.8458    0.8609    0.8253     54924


             precision    recall  f1-score   support

          0     0.8565    0.9957    0.9209     43023
          1     0.5869    0.0985    0.1687      1543
          2     0.6174    0.1170    0.1967      2607
          3     0.7992    0.1301    0.2238      1591
          4     0.9546    0.4343    0.5970      4020
          5     0.9989    1.0000    0.9995       912
          6     0.9920    0.8360    0.9073       445
          7     1.0000    0.9987    0.9994       783

avg / total     0.8486    0.8614    0.8238     54924


             precision    recall  f1-score   support

          0     0.8566    0.9957    0.9209     43023
          1     0.5611    0.1102    0.1842      1543
          2     0.6323    0.1082    0.1847      2607
          3     0.7483    0.1364    0.2307      1591
          4     0.9578    0.4289    0.5924      4020
          5     0.9978    1.0000    0.9989       912
          6     0.9947    0.8449    0.9137       445
          7     1.0000    0.9962    0.9981       783

avg / total     0.8474    0.8612    0.8236     54924


             precision    recall  f1-score   support

          0     0.8579    0.9942    0.9211     43023
          1     0.5394    0.1108    0.1839      1543
          2     0.5821    0.1346    0.2187      2607
          3     0.8320    0.1276    0.2213      1591
          4     0.9567    0.4341    0.5972      4020
          5     0.9989    1.0000    0.9995       912
          6     0.9869    0.8472    0.9117       445
          7     1.0000    0.9974    0.9987       783

avg / total     0.8478    0.8615    0.8254     54924


             precision    recall  f1-score   support

          0     0.8585    0.9931    0.9209     43023
          1     0.5013    0.1218    0.1960      1543
          2     0.5712    0.1247    0.2047      2607
          3     0.7935    0.1376    0.2346      1591
          4     0.9478    0.4378    0.5989      4020
          5     0.9978    1.0000    0.9989       912
          6     0.9896    0.8517    0.9155       445
          7     1.0000    0.9962    0.9981       783

avg / total     0.8449    0.8610    0.8255     54924


             precision    recall  f1-score   support

          0     0.8572    0.9948    0.9209     43023
          1     0.5361    0.1154    0.1899      1543
          2     0.5988    0.1174    0.1963      2607
          3     0.8110    0.1295    0.2233      1591
          4     0.9583    0.4341    0.5975      4020
          5     0.9989    1.0000    0.9995       912
          6     0.9818    0.8494    0.9108       445
          7     1.0000    0.9949    0.9974       783

avg / total     0.8474    0.8613    0.8244     54924


             precision    recall  f1-score   support

          0     0.8588    0.9929    0.9210     43023
          1     0.5681    0.1270    0.2076      1543
          2     0.5583    0.1450    0.2302      2607
          3     0.8240    0.1207    0.2105      1591
          4     0.9478    0.4381    0.5992      4020
          5     0.9989    1.0000    0.9995       912
          6     0.9921    0.8449    0.9126       445
          7     1.0000    0.9962    0.9981       783

avg / total     0.8473    0.8614    0.8264     54924


             precision    recall  f1-score   support

          0     0.8587    0.9929    0.9209     43023
          1     0.5828    0.1186    0.1971      1543
          2     0.5640    0.1504    0.2374      2607
          3     0.7649    0.1370    0.2324      1591
          4     0.9574    0.4301    0.5935      4020
          5     0.9989    1.0000    0.9995       912
          6     0.9921    0.8472    0.9139       445
          7     1.0000    0.9974    0.9987       783

avg / total     0.8469    0.8614    0.8266     54924


             precision    recall  f1-score   support

          0     0.8586    0.9934    0.9211     43023
          1     0.5587    0.1017    0.1721      1543
          2     0.5780    0.1408    0.2264      2607
          3     0.7752    0.1452    0.2446      1591
          4     0.9471    0.4366    0.5977      4020
          5     1.0000    1.0000    1.0000       912
          6     0.9896    0.8539    0.9168       445
          7     1.0000    1.0000    1.0000       783

avg / total     0.8463    0.8616    0.8262     54924


             precision    recall  f1-score   support

          0     0.8579    0.9950    0.9214     43023
          1     0.5960    0.1167    0.1951      1543
          2     0.5935    0.1339    0.2185      2607
          3     0.8259    0.1402    0.2397      1591
          4     0.9699    0.4336    0.5993      4020
          5     1.0000    1.0000    1.0000       912
          6     0.9921    0.8449    0.9126       445
          7     1.0000    0.9962    0.9981       783

avg / total     0.8508    0.8625    0.8266     54924


             precision    recall  f1-score   support

          0     0.8576    0.9954    0.9214     43023
          1     0.5511    0.1257    0.2047      1543
          2     0.6278    0.1074    0.1834      2607
          3     0.7597    0.1471    0.2464      1591
          4     0.9657    0.4343    0.5992      4020
          5     0.9989    1.0000    0.9995       912
          6     0.9895    0.8472    0.9128       445
          7     1.0000    0.9974    0.9987       783

avg / total     0.8486    0.8621    0.8254     54924


             precision    recall  f1-score   support

          0     0.8602    0.9914    0.9212     43023
          1     0.5239    0.1633    0.2490      1543
          2     0.5613    0.1369    0.2202      2607
          3     0.8044    0.1370    0.2342      1591
          4     0.9493    0.4423    0.6034      4020
          5     1.0000    1.0000    1.0000       912
          6     0.9895    0.8494    0.9141       445
          7     1.0000    0.9987    0.9994       783

avg / total     0.8468    0.8618    0.8282     54924


             precision    recall  f1-score   support

          0     0.8583    0.9952    0.9217     43023
          1     0.5618    0.1238    0.2029      1543
          2     0.6422    0.1273    0.2125      2607
          3     0.8000    0.1483    0.2503      1591
          4     0.9669    0.4358    0.6008      4020
          5     1.0000    1.0000    1.0000       912
          6     0.9921    0.8449    0.9126       445
          7     1.0000    0.9987    0.9994       783

avg / total     0.8514    0.8630    0.8272     54924


             precision    recall  f1-score   support

          0     0.8596    0.9926    0.9213     43023
          1     0.5977    0.0992    0.1701      1543
          2     0.5494    0.1665    0.2555      2607
          3     0.8158    0.1364    0.2337      1591
          4     0.9515    0.4393    0.6011      4020
          5     0.9978    1.0000    0.9989       912
          6     0.9922    0.8539    0.9179       445
          7     1.0000    0.9962    0.9981       783

avg / total     0.8484    0.8620    0.8276     54924


             precision    recall  f1-score   support

          0     0.8608    0.9913    0.9215     43023
          1     0.5873    0.1199    0.1991      1543
          2     0.5417    0.1795    0.2697      2607
          3     0.7588    0.1483    0.2482      1591
          4     0.9614    0.4333    0.5974      4020
          5     0.9978    1.0000    0.9989       912
          6     0.9921    0.8472    0.9139       445
          7     1.0000    0.9974    0.9987       783

avg / total     0.8477    0.8621    0.8293     54924


             precision    recall  f1-score   support

          0     0.8600    0.9927    0.9216     43023
          1     0.5448    0.1380    0.2203      1543
          2     0.5785    0.1611    0.2520      2607
          3     0.7774    0.1427    0.2411      1591
          4     0.9737    0.4321    0.5986      4020
          5     0.9978    1.0000    0.9989       912
          6     0.9947    0.8472    0.9150       445
          7     1.0000    0.9949    0.9974       783

avg / total     0.8491    0.8625    0.8291     54924


             precision    recall  f1-score   support

          0     0.8595    0.9932    0.9215     43023
          1     0.5884    0.1380    0.2236      1543
          2     0.5795    0.1496    0.2378      2607
          3     0.8340    0.1358    0.2335      1591
          4     0.9587    0.4388    0.6020      4020
          5     1.0000    0.9989    0.9995       912
          6     0.9896    0.8517    0.9155       445
          7     0.9987    0.9974    0.9981       783

avg / total     0.8505    0.8627    0.8285     54924


             precision    recall  f1-score   support

          0     0.8617    0.9917    0.9222     43023
          1     0.5736    0.1439    0.2301      1543
          2     0.5857    0.1757    0.2703      2607
          3     0.7967    0.1527    0.2563      1591
          4     0.9555    0.4433    0.6056      4020
          5     1.0000    1.0000    1.0000       912
          6     0.9921    0.8494    0.9153       445
          7     1.0000    0.9974    0.9987       783

avg / total     0.8509    0.8638    0.8317     54924


             precision    recall  f1-score   support

          0     0.8616    0.9924    0.9224     43023
          1     0.5647    0.1471    0.2334      1543
          2     0.5989    0.1626    0.2558      2607
          3     0.7672    0.1615    0.2669      1591
          4     0.9610    0.4418    0.6053      4020
          5     1.0000    1.0000    1.0000       912
          6     0.9921    0.8494    0.9153       445
          7     1.0000    0.9974    0.9987       783

avg / total     0.8506    0.8639    0.8315     54924


             precision    recall  f1-score   support

          0     0.8619    0.9917    0.9222     43023
          1     0.5825    0.1465    0.2341      1543
          2     0.5886    0.1745    0.2692      2607
          3     0.7993    0.1527    0.2565      1591
          4     0.9496    0.4453    0.6063      4020
          5     0.9989    1.0000    0.9995       912
          6     0.9921    0.8494    0.9153       445
          7     1.0000    0.9962    0.9981       783

avg / total     0.8510    0.8639    0.8318     54924


             precision    recall  f1-score   support

          0     0.8621    0.9916    0.9223     43023
          1     0.5725    0.1510    0.2390      1543
          2     0.5936    0.1776    0.2734      2607
          3     0.7823    0.1559    0.2600      1591
          4     0.9575    0.4430    0.6058      4020
          5     0.9989    1.0000    0.9995       912
          6     0.9921    0.8494    0.9153       445
          7     1.0000    0.9962    0.9981       783

avg / total     0.8512    0.8640    0.8323     54924


             precision    recall  f1-score   support

          0     0.8619    0.9921    0.9225     43023
          1     0.5777    0.1445    0.2312      1543
          2     0.6087    0.1718    0.2680      2607
          3     0.7821    0.1647    0.2721      1591
          4     0.9546    0.4445    0.6066      4020
          5     0.9989    1.0000    0.9995       912
          6     0.9921    0.8494    0.9153       445
          7     1.0000    0.9962    0.9981       783

avg / total     0.8517    0.8644    0.8323     54924


             precision    recall  f1-score   support

          0     0.8626    0.9920    0.9228     43023
          1     0.6166    0.1542    0.2468      1543
          2     0.5927    0.1803    0.2765      2607
          3     0.7840    0.1596    0.2653      1591
          4     0.9551    0.4445    0.6067      4020
          5     0.9989    1.0000    0.9995       912
          6     0.9921    0.8494    0.9153       445
          7     1.0000    0.9962    0.9981       783

avg / total     0.8527    0.8648    0.8332     54924


             precision    recall  f1-score   support

          0     0.8617    0.9923    0.9224     43023
          1     0.5984    0.1478    0.2370      1543
          2     0.6025    0.1692    0.2642      2607
          3     0.7961    0.1546    0.2589      1591
          4     0.9527    0.4463    0.6078      4020
          5     0.9978    1.0000    0.9989       912
          6     0.9921    0.8494    0.9153       445
          7     1.0000    0.9949    0.9974       783

avg / total     0.8520    0.8643    0.8319     54924

loss:0.54926316261,0.441200111616,0.436770996683,0.431746048042,0.429243092041,0.427288018089,0.425439963699,0.42394929001,0.422591266347,0.420788956769,0.419711989396,0.418425208126,0.416631889668,0.414988205209,0.414137042245,0.412552249763,0.411189021246,0.410285098741,0.409149160049,0.407456187599,0.406049992405,0.405521901823,0.404009525531,0.402841131864,0.401141712894,0.400572658688,0.399628075145,0.397566144537,0.396280818206,0.395552220802,0.394258960148,0.393000955653,0.392154224915,0.391212958478,0.390958385789,0.389702541417,0.387643163325,0.386860167297,0.386107138299,0.384847287928,0.385000579414,0.383035096228,0.383073107238,0.374598680185,0.371946161844,0.371367286832,0.3705501981,0.369907808704,0.369425627053,0.368955847699
acc:0.834891003122,0.855537213677,0.856156235266,0.856405056992,0.857200074968,0.857454968198,0.857685585028,0.858152885777,0.858377434349,0.858747632647,0.858856873189,0.859348446801,0.859827887289,0.860137398603,0.860289119857,0.860568285415,0.860987035777,0.860689662552,0.861399716471,0.861423992984,0.861915569326,0.86221901155,0.862619556813,0.862728795619,0.863153614805,0.862922997793,0.86315361518,0.863578433676,0.864191386369,0.864045734463,0.864179249726,0.864731513343,0.864998541294,0.864597998605,0.86482254633,0.86502888694,0.865465846116,0.865933146369,0.865890660828,0.866024179264,0.866012039454,0.866133417634,0.866242655447,0.868342478552,0.868931155583,0.869289217163,0.869295284413,0.869289216681,0.869786859126,0.86961693217
val_acc:0.854453424621,0.855673292279,0.855290946315,0.856565436739,0.856529022468,0.856638266826,0.856929573755,0.856601850107,0.856893160661,0.85778530322,0.85753040816,0.857803512667,0.858404338147,0.859077994891,0.859296481431,0.859278276334,0.859132621057,0.859351101797,0.859442138883,0.860297866173,0.86006117671,0.860261450179,0.859369311969,0.859860900342,0.860097589079,0.860479935269,0.860880488731,0.861426696745,0.861190009457,0.861463109839,0.861007939635,0.861281041693,0.861390284102,0.861372076378,0.861626976013,0.862464495644,0.862100356388,0.86177263224,0.862956085128,0.862045733847,0.862118563161,0.862537326069,0.862701189118,0.863775399323,0.863939257748,0.863884641007,0.864048498481,0.864358023557,0.864813197385,0.864266987196
val_loss:0.4439357406,0.441474317393,0.439620473618,0.434351825422,0.431385380406,0.431565975461,0.429435764964,0.43044406639,0.43025869252,0.425809244549,0.427446652499,0.425979085391,0.423315608057,0.424732422416,0.419652825092,0.419607318628,0.419130349509,0.420602231107,0.420819352311,0.41568684074,0.416611150965,0.41496815471,0.416150713382,0.412528816134,0.412718195086,0.412464091971,0.411548370783,0.408784420095,0.410632668567,0.406892858473,0.409368853065,0.405945230356,0.4048911288,0.405223026228,0.406354483661,0.404174084848,0.40252309243,0.403155251692,0.399102215313,0.400977476286,0.401649312562,0.400344746199,0.401571852471,0.394416968486,0.393694666339,0.393341874077,0.392980021821,0.393032350951,0.3927797459,0.392787992544
lr:0.00703798,0.00703798,0.00703798,0.00703798,0.00703798,0.00703798,0.00703798,0.00703798,0.00703798,0.00703798,0.00703798,0.00703798,0.00703798,0.00703798,0.00703798,0.00703798,0.00703798,0.00703798,0.00703798,0.00703798,0.00703798,0.00703798,0.00703798,0.00703798,0.00703798,0.00703798,0.00703798,0.00703798,0.00703798,0.00703798,0.00703798,0.00703798,0.00703798,0.00703798,0.00703798,0.00703798,0.00703798,0.00703798,0.00703798,0.00703798,0.00703798,0.00703798,0.00703798,0.0014076,0.0014076,0.0014076,0.0014076,0.0014076,0.0014076,0.0014076
