
             precision    recall  f1-score   support

          0     0.8487    0.9983    0.9175     43023
          1     0.5714    0.0052    0.0103      1543
          2     0.5588    0.0510    0.0935      2607
          3     0.7021    0.0415    0.0783      1591
          4     0.8653    0.4361    0.5799      4020
          5     0.9723    1.0000    0.9859       912
          6     0.9961    0.5775    0.7312       445
          7     0.9960    0.9540    0.9746       783

avg / total     0.8295    0.8526    0.8043     54924


             precision    recall  f1-score   support

          0     0.8497    0.9983    0.9180     43023
          1     0.6667    0.0013    0.0026      1543
          2     0.5542    0.0529    0.0966      2607
          3     0.5703    0.0918    0.1581      1591
          4     0.9027    0.4179    0.5713      4020
          5     0.9817    1.0000    0.9908       912
          6     0.9969    0.7169    0.8340       445
          7     0.9987    0.9668    0.9825       783

avg / total     0.8318    0.8540    0.8074     54924


             precision    recall  f1-score   support

          0     0.8489    0.9990    0.9179     43023
          1     0.7500    0.0019    0.0039      1543
          2     0.5565    0.0529    0.0967      2607
          3     0.5652    0.0899    0.1551      1591
          4     0.9237    0.4067    0.5648      4020
          5     0.9859    1.0000    0.9929       912
          6     0.9940    0.7483    0.8538       445
          7     1.0000    0.9719    0.9858       783

avg / total     0.8351    0.8540    0.8070     54924


             precision    recall  f1-score   support

          0     0.8502    0.9982    0.9183     43023
          1     1.0000    0.0006    0.0013      1543
          2     0.5490    0.0537    0.0978      2607
          3     0.6000    0.0886    0.1544      1591
          4     0.9005    0.4209    0.5737      4020
          5     0.9956    1.0000    0.9978       912
          6     0.9943    0.7843    0.8769       445
          7     0.9987    0.9847    0.9916       783

avg / total     0.8422    0.8549    0.8082     54924


             precision    recall  f1-score   support

          0     0.8510    0.9977    0.9185     43023
          1     0.6667    0.0013    0.0026      1543
          2     0.5281    0.0648    0.1155      2607
          3     0.5703    0.0918    0.1581      1591
          4     0.9037    0.4177    0.5713      4020
          5     0.9967    1.0000    0.9984       912
          6     0.9944    0.7978    0.8853       445
          7     0.9987    0.9860    0.9923       783

avg / total     0.8319    0.8550    0.8094     54924


             precision    recall  f1-score   support

          0     0.8505    0.9985    0.9186     43023
          1     0.3750    0.0058    0.0115      1543
          2     0.5692    0.0568    0.1032      2607
          3     0.5392    0.1125    0.1862      1591
          4     0.9423    0.4102    0.5716      4020
          5     0.9978    1.0000    0.9989       912
          6     0.9945    0.8112    0.8936       445
          7     1.0000    0.9885    0.9942       783

avg / total     0.8273    0.8555    0.8100     54924


             precision    recall  f1-score   support

          0     0.8502    0.9990    0.9186     43023
          1     0.8000    0.0026    0.0052      1543
          2     0.5821    0.0598    0.1085      2607
          3     0.6316    0.0905    0.1583      1591
          4     0.9201    0.4184    0.5752      4020
          5     0.9967    1.0000    0.9984       912
          6     0.9944    0.8000    0.8867       445
          7     1.0000    0.9872    0.9936       783

avg / total     0.8406    0.8558    0.8095     54924


             precision    recall  f1-score   support

          0     0.8503    0.9987    0.9185     43023
          1     0.4404    0.0311    0.0581      1543
          2     0.5650    0.0384    0.0718      2607
          3     0.5703    0.0918    0.1581      1591
          4     0.9232    0.4129    0.5706      4020
          5     1.0000    1.0000    1.0000       912
          6     0.9945    0.8135    0.8949       445
          7     0.9987    0.9949    0.9968       783

avg / total     0.8283    0.8552    0.8090     54924


             precision    recall  f1-score   support

          0     0.8507    0.9983    0.9186     43023
          1     0.6667    0.0026    0.0052      1543
          2     0.5720    0.0595    0.1077      2607
          3     0.6409    0.0886    0.1557      1591
          4     0.9038    0.4229    0.5762      4020
          5     0.9989    1.0000    0.9995       912
          6     0.9945    0.8157    0.8963       445
          7     1.0000    0.9923    0.9962       783

avg / total     0.8358    0.8558    0.8096     54924


             precision    recall  f1-score   support

          0     0.8512    0.9976    0.9186     43023
          1     0.5128    0.0130    0.0253      1543
          2     0.5273    0.0629    0.1124      2607
          3     0.6496    0.1037    0.1789      1591
          4     0.9191    0.4209    0.5774      4020
          5     1.0000    1.0000    1.0000       912
          6     0.9945    0.8180    0.8977       445
          7     1.0000    0.9949    0.9974       783

avg / total     0.8312    0.8560    0.8111     54924


             precision    recall  f1-score   support

          0     0.8513    0.9980    0.9188     43023
          1     0.6000    0.0078    0.0154      1543
          2     0.5319    0.0671    0.1192      2607
          3     0.6239    0.0918    0.1600      1591
          4     0.9150    0.4206    0.5763      4020
          5     1.0000    1.0000    1.0000       912
          6     0.9946    0.8202    0.8990       445
          7     1.0000    0.9949    0.9974       783

avg / total     0.8329    0.8560    0.8107     54924


             precision    recall  f1-score   support

          0     0.8511    0.9981    0.9188     43023
          1     0.5000    0.0006    0.0013      1543
          2     0.5042    0.0694    0.1220      2607
          3     0.7202    0.0874    0.1558      1591
          4     0.9179    0.4256    0.5816      4020
          5     0.9978    1.0000    0.9989       912
          6     0.9945    0.8135    0.8949       445
          7     1.0000    0.9923    0.9962       783

avg / total     0.8316    0.8562    0.8106     54924


             precision    recall  f1-score   support

          0     0.8523    0.9957    0.9185     43023
          1     0.4062    0.0169    0.0324      1543
          2     0.4699    0.0779    0.1336      2607
          3     0.7122    0.0918    0.1626      1591
          4     0.9049    0.4284    0.5815      4020
          5     1.0000    1.0000    1.0000       912
          6     0.9945    0.8112    0.8936       445
          7     0.9987    0.9974    0.9981       783

avg / total     0.8271    0.8556    0.8120     54924


             precision    recall  f1-score   support

          0     0.8521    0.9973    0.9190     43023
          1     0.6500    0.0084    0.0166      1543
          2     0.5304    0.0836    0.1445      2607
          3     0.7129    0.0905    0.1606      1591
          4     0.9159    0.4279    0.5832      4020
          5     0.9989    1.0000    0.9995       912
          6     0.9945    0.8180    0.8977       445
          7     1.0000    0.9936    0.9968       783

avg / total     0.8375    0.8567    0.8126     54924


             precision    recall  f1-score   support

          0     0.8521    0.9966    0.9187     43023
          1     0.4865    0.0117    0.0228      1543
          2     0.4801    0.0786    0.1351      2607
          3     0.6936    0.1025    0.1785      1591
          4     0.9294    0.4256    0.5839      4020
          5     1.0000    1.0000    1.0000       912
          6     0.9946    0.8202    0.8990       445
          7     0.9987    0.9987    0.9987       783

avg / total     0.8309    0.8563    0.8127     54924


             precision    recall  f1-score   support

          0     0.8526    0.9965    0.9189     43023
          1     0.3846    0.0097    0.0190      1543
          2     0.4954    0.0829    0.1420      2607
          3     0.6715    0.1157    0.1973      1591
          4     0.9272    0.4211    0.5792      4020
          5     1.0000    1.0000    1.0000       912
          6     0.9946    0.8292    0.9044       445
          7     1.0000    0.9987    0.9994       783

avg / total     0.8284    0.8565    0.8134     54924


             precision    recall  f1-score   support

          0     0.8513    0.9986    0.9191     43023
          1     0.4898    0.0311    0.0585      1543
          2     0.5540    0.0591    0.1068      2607
          3     0.7031    0.1131    0.1949      1591
          4     0.9479    0.4162    0.5784      4020
          5     1.0000    1.0000    1.0000       912
          6     0.9945    0.8180    0.8977       445
          7     1.0000    0.9987    0.9994       783

avg / total     0.8356    0.8571    0.8128     54924


             precision    recall  f1-score   support

          0     0.8520    0.9973    0.9189     43023
          1     0.3103    0.0117    0.0225      1543
          2     0.5147    0.0740    0.1294      2607
          3     0.7231    0.1182    0.2031      1591
          4     0.9392    0.4229    0.5832      4020
          5     0.9989    1.0000    0.9995       912
          6     0.9946    0.8202    0.8990       445
          7     1.0000    0.9974    0.9987       783

avg / total     0.8291    0.8569    0.8133     54924


             precision    recall  f1-score   support

          0     0.8520    0.9975    0.9190     43023
          1     0.4000    0.0246    0.0464      1543
          2     0.5149    0.0798    0.1382      2607
          3     0.7222    0.0981    0.1727      1591
          4     0.9455    0.4187    0.5803      4020
          5     1.0000    1.0000    1.0000       912
          6     0.9945    0.8135    0.8949       445
          7     1.0000    0.9974    0.9987       783

avg / total     0.8321    0.8568    0.8133     54924


             precision    recall  f1-score   support

          0     0.8524    0.9975    0.9193     43023
          1     0.4634    0.0246    0.0468      1543
          2     0.4936    0.0744    0.1293      2607
          3     0.7231    0.1182    0.2031      1591
          4     0.9462    0.4204    0.5822      4020
          5     1.0000    1.0000    1.0000       912
          6     0.9945    0.8157    0.8963       445
          7     1.0000    0.9987    0.9994       783

avg / total     0.8333    0.8572    0.8141     54924


             precision    recall  f1-score   support

          0     0.8528    0.9973    0.9194     43023
          1     0.5600    0.0091    0.0179      1543
          2     0.5110    0.0894    0.1521      2607
          3     0.7522    0.1069    0.1871      1591
          4     0.9305    0.4266    0.5850      4020
          5     0.9989    1.0000    0.9995       912
          6     0.9946    0.8225    0.9004       445
          7     1.0000    0.9974    0.9987       783

avg / total     0.8368    0.8575    0.8143     54924


             precision    recall  f1-score   support

          0     0.8521    0.9983    0.9194     43023
          1     0.6190    0.0084    0.0166      1543
          2     0.5312    0.0817    0.1416      2607
          3     0.7419    0.1157    0.2001      1591
          4     0.9490    0.4211    0.5834      4020
          5     1.0000    1.0000    1.0000       912
          6     0.9945    0.8180    0.8977       445
          7     1.0000    0.9987    0.9994       783

avg / total     0.8399    0.8578    0.8140     54924


             precision    recall  f1-score   support

          0     0.8537    0.9965    0.9196     43023
          1     0.4390    0.0233    0.0443      1543
          2     0.4810    0.0924    0.1551      2607
          3     0.8056    0.0911    0.1637      1591
          4     0.9205    0.4294    0.5856      4020
          5     0.9989    1.0000    0.9995       912
          6     0.9919    0.8270    0.9020       445
          7     1.0000    0.9974    0.9987       783

avg / total     0.8334    0.8572    0.8147     54924


             precision    recall  f1-score   support

          0     0.8539    0.9967    0.9198     43023
          1     0.5120    0.0415    0.0767      1543
          2     0.5532    0.0898    0.1545      2607
          3     0.7288    0.1081    0.1883      1591
          4     0.9265    0.4266    0.5842      4020
          5     1.0000    1.0000    1.0000       912
          6     0.9789    0.8337    0.9005       445
          7     1.0000    0.9987    0.9994       783

avg / total     0.8373    0.8581    0.8164     54924


             precision    recall  f1-score   support

          0     0.8523    0.9982    0.9195     43023
          1     0.5581    0.0156    0.0303      1543
          2     0.5346    0.0859    0.1481      2607
          3     0.7397    0.1125    0.1953      1591
          4     0.9470    0.4177    0.5797      4020
          5     1.0000    1.0000    1.0000       912
          6     0.9918    0.8135    0.8938       445
          7     1.0000    0.9987    0.9994       783

avg / total     0.8383    0.8577    0.8143     54924


             precision    recall  f1-score   support

          0     0.8542    0.9966    0.9199     43023
          1     0.4273    0.0305    0.0569      1543
          2     0.5193    0.0982    0.1652      2607
          3     0.7409    0.1150    0.1991      1591
          4     0.9427    0.4254    0.5862      4020
          5     1.0000    1.0000    1.0000       912
          6     0.9946    0.8247    0.9017       445
          7     1.0000    0.9987    0.9994       783

avg / total     0.8351    0.8582    0.8169     54924


             precision    recall  f1-score   support

          0     0.8535    0.9972    0.9197     43023
          1     0.6000    0.0253    0.0485      1543
          2     0.5153    0.0967    0.1628      2607
          3     0.7143    0.1257    0.2138      1591
          4     0.9569    0.4201    0.5839      4020
          5     0.9989    1.0000    0.9995       912
          6     0.9945    0.8157    0.8963       445
          7     1.0000    0.9974    0.9987       783

avg / total     0.8395    0.8582    0.8166     54924


             precision    recall  f1-score   support

          0     0.8529    0.9971    0.9194     43023
          1     0.5303    0.0454    0.0836      1543
          2     0.5383    0.0756    0.1325      2607
          3     0.7668    0.1075    0.1885      1591
          4     0.9334    0.4291    0.5879      4020
          5     0.9989    1.0000    0.9995       912
          6     0.9918    0.8180    0.8966       445
          7     1.0000    0.9974    0.9987       783

avg / total     0.8380    0.8579    0.8154     54924


             precision    recall  f1-score   support

          0     0.8541    0.9968    0.9199     43023
          1     0.5542    0.0596    0.1077      1543
          2     0.5714    0.0951    0.1631      2607
          3     0.7631    0.1194    0.2065      1591
          4     0.9489    0.4249    0.5869      4020
          5     1.0000    1.0000    1.0000       912
          6     0.9946    0.8202    0.8990       445
          7     1.0000    0.9987    0.9994       783

avg / total     0.8422    0.8591    0.8184     54924


             precision    recall  f1-score   support

          0     0.8540    0.9969    0.9199     43023
          1     0.4804    0.0318    0.0596      1543
          2     0.5377    0.1013    0.1704      2607
          3     0.7794    0.0999    0.1772      1591
          4     0.9332    0.4276    0.5865      4020
          5     0.9989    1.0000    0.9995       912
          6     0.9919    0.8247    0.9006       445
          7     1.0000    0.9974    0.9987       783

avg / total     0.8377    0.8583    0.8166     54924


             precision    recall  f1-score   support

          0     0.8543    0.9964    0.9199     43023
          1     0.5232    0.0512    0.0933      1543
          2     0.5415    0.1051    0.1760      2607
          3     0.7689    0.1087    0.1905      1591
          4     0.9450    0.4231    0.5845      4020
          5     0.9989    1.0000    0.9995       912
          6     0.9838    0.8180    0.8933       445
          7     1.0000    0.9974    0.9987       783

avg / total     0.8398    0.8585    0.8179     54924


             precision    recall  f1-score   support

          0     0.8548    0.9955    0.9198     43023
          1     0.5131    0.0635    0.1130      1543
          2     0.5094    0.1043    0.1732      2607
          3     0.7854    0.1012    0.1793      1591
          4     0.9399    0.4276    0.5878      4020
          5     0.9989    1.0000    0.9995       912
          6     0.9945    0.8180    0.8977       445
          7     1.0000    0.9974    0.9987       783

avg / total     0.8386    0.8582    0.8182     54924


             precision    recall  f1-score   support

          0     0.8548    0.9960    0.9200     43023
          1     0.5828    0.0570    0.1039      1543
          2     0.5256    0.1101    0.1820      2607
          3     0.7521    0.1144    0.1986      1591
          4     0.9509    0.4236    0.5861      4020
          5     0.9989    1.0000    0.9995       912
          6     0.9919    0.8247    0.9006       445
          7     1.0000    0.9974    0.9987       783

avg / total     0.8412    0.8589    0.8190     54924


             precision    recall  f1-score   support

          0     0.8534    0.9975    0.9198     43023
          1     0.5541    0.0564    0.1024      1543
          2     0.6148    0.0894    0.1561      2607
          3     0.7531    0.1150    0.1996      1591
          4     0.9499    0.4241    0.5864      4020
          5     0.9989    1.0000    0.9995       912
          6     0.9919    0.8225    0.8993       445
          7     0.9987    0.9974    0.9981       783

avg / total     0.8434    0.8590    0.8176     54924


             precision    recall  f1-score   support

          0     0.8542    0.9967    0.9199     43023
          1     0.5247    0.0551    0.0997      1543
          2     0.5742    0.1009    0.1716      2607
          3     0.7395    0.1213    0.2084      1591
          4     0.9578    0.4239    0.5877      4020
          5     0.9989    1.0000    0.9995       912
          6     0.9919    0.8225    0.8993       445
          7     0.9987    0.9974    0.9981       783

avg / total     0.8415    0.8591    0.8187     54924


             precision    recall  f1-score   support

          0     0.8553    0.9955    0.9201     43023
          1     0.4942    0.0551    0.0991      1543
          2     0.5236    0.1147    0.1882      2607
          3     0.7808    0.1075    0.1890      1591
          4     0.9462    0.4286    0.5900      4020
          5     0.9978    1.0000    0.9989       912
          6     0.9919    0.8270    0.9020       445
          7     0.9987    0.9962    0.9974       783

avg / total     0.8394    0.8588    0.8192     54924


             precision    recall  f1-score   support

          0     0.8547    0.9964    0.9202     43023
          1     0.5381    0.0732    0.1289      1543
          2     0.5785    0.0990    0.1690      2607
          3     0.7773    0.1075    0.1888      1591
          4     0.9421    0.4289    0.5894      4020
          5     0.9989    1.0000    0.9995       912
          6     0.9919    0.8247    0.9006       445
          7     0.9987    0.9974    0.9981       783

avg / total     0.8424    0.8593    0.8191     54924


             precision    recall  f1-score   support

          0     0.8548    0.9968    0.9204     43023
          1     0.5769    0.0486    0.0897      1543
          2     0.5709    0.1112    0.1862      2607
          3     0.7725    0.1131    0.1974      1591
          4     0.9466    0.4274    0.5889      4020
          5     0.9989    1.0000    0.9995       912
          6     0.9919    0.8270    0.9020       445
          7     0.9987    0.9974    0.9981       783

avg / total     0.8434    0.8596    0.8193     54924


             precision    recall  f1-score   support

          0     0.8561    0.9941    0.9200     43023
          1     0.5336    0.0875    0.1503      1543
          2     0.5382    0.1189    0.1948      2607
          3     0.7585    0.1125    0.1959      1591
          4     0.9330    0.4259    0.5848      4020
          5     0.9989    1.0000    0.9995       912
          6     0.9919    0.8270    0.9020       445
          7     0.9987    0.9974    0.9981       783

avg / total     0.8403    0.8588    0.8207     54924


             precision    recall  f1-score   support

          0     0.8559    0.9961    0.9207     43023
          1     0.5374    0.0979    0.1656      1543
          2     0.5930    0.1040    0.1769      2607
          3     0.7734    0.1245    0.2144      1591
          4     0.9560    0.4266    0.5900      4020
          5     1.0000    1.0000    1.0000       912
          6     0.9920    0.8315    0.9046       445
          7     0.9987    0.9987    0.9987       783

avg / total     0.8450    0.8603    0.8218     54924


             precision    recall  f1-score   support

          0     0.8553    0.9963    0.9204     43023
          1     0.5941    0.0655    0.1179      1543
          2     0.5671    0.1151    0.1913      2607
          3     0.7823    0.1219    0.2110      1591
          4     0.9555    0.4269    0.5901      4020
          5     0.9989    1.0000    0.9995       912
          6     0.9920    0.8315    0.9046       445
          7     0.9987    0.9974    0.9981       783

avg / total     0.8450    0.8600    0.8208     54924


             precision    recall  f1-score   support

          0     0.8565    0.9945    0.9204     43023
          1     0.5164    0.0920    0.1562      1543
          2     0.5321    0.1143    0.1882      2607
          3     0.7744    0.1295    0.2219      1591
          4     0.9570    0.4261    0.5897      4020
          5     0.9989    1.0000    0.9995       912
          6     0.9921    0.8472    0.9139       445
          7     0.9987    0.9974    0.9981       783

avg / total     0.8420    0.8597    0.8221     54924


             precision    recall  f1-score   support

          0     0.8562    0.9952    0.9205     43023
          1     0.5206    0.0901    0.1536      1543
          2     0.5551    0.1043    0.1757      2607
          3     0.7484    0.1439    0.2414      1591
          4     0.9630    0.4271    0.5918      4020
          5     1.0000    1.0000    1.0000       912
          6     0.9920    0.8315    0.9046       445
          7     0.9987    0.9987    0.9987       783

avg / total     0.8427    0.8601    0.8222     54924


             precision    recall  f1-score   support

          0     0.8562    0.9955    0.9207     43023
          1     0.5382    0.0959    0.1628      1543
          2     0.5853    0.1158    0.1934      2607
          3     0.7518    0.1295    0.2209      1591
          4     0.9621    0.4234    0.5880      4020
          5     0.9989    1.0000    0.9995       912
          6     0.9920    0.8315    0.9046       445
          7     0.9987    0.9974    0.9981       783

avg / total     0.8447    0.8603    0.8225     54924


             precision    recall  f1-score   support

          0     0.8556    0.9964    0.9207     43023
          1     0.5538    0.0700    0.1243      1543
          2     0.5924    0.1132    0.1900      2607
          3     0.8500    0.1069    0.1898      1591
          4     0.9407    0.4343    0.5943      4020
          5     0.9989    1.0000    0.9995       912
          6     0.9920    0.8337    0.9060       445
          7     0.9987    0.9974    0.9981       783

avg / total     0.8462    0.8603    0.8208     54924


             precision    recall  f1-score   support

          0     0.8552    0.9968    0.9206     43023
          1     0.6160    0.0499    0.0923      1543
          2     0.5862    0.1174    0.1956      2607
          3     0.7615    0.1245    0.2139      1591
          4     0.9538    0.4266    0.5895      4020
          5     1.0000    1.0000    1.0000       912
          6     0.9920    0.8360    0.9073       445
          7     0.9987    0.9987    0.9987       783

avg / total     0.8458    0.8603    0.8205     54924


             precision    recall  f1-score   support

          0     0.8557    0.9964    0.9207     43023
          1     0.5771    0.0849    0.1480      1543
          2     0.6004    0.1158    0.1942      2607
          3     0.8170    0.1150    0.2017      1591
          4     0.9507    0.4274    0.5897      4020
          5     1.0000    1.0000    1.0000       912
          6     0.9920    0.8337    0.9060       445
          7     0.9987    0.9987    0.9987       783

avg / total     0.8471    0.8606    0.8218     54924


             precision    recall  f1-score   support

          0     0.8564    0.9952    0.9206     43023
          1     0.5420    0.0920    0.1573      1543
          2     0.5745    0.1139    0.1901      2607
          3     0.7968    0.1257    0.2172      1591
          4     0.9459    0.4308    0.5920      4020
          5     1.0000    1.0000    1.0000       912
          6     0.9920    0.8337    0.9060       445
          7     0.9987    0.9987    0.9987       783

avg / total     0.8446    0.8603    0.8224     54924


             precision    recall  f1-score   support

          0     0.8562    0.9957    0.9207     43023
          1     0.5496    0.0933    0.1596      1543
          2     0.5714    0.1105    0.1851      2607
          3     0.7750    0.1364    0.2320      1591
          4     0.9640    0.4266    0.5915      4020
          5     1.0000    1.0000    1.0000       912
          6     0.9920    0.8360    0.9073       445
          7     0.9987    0.9987    0.9987       783

avg / total     0.8451    0.8606    0.8227     54924


             precision    recall  f1-score   support

          0     0.8578    0.9934    0.9206     43023
          1     0.5430    0.1024    0.1723      1543
          2     0.5487    0.1166    0.1923      2607
          3     0.6154    0.1609    0.2551      1591
          4     0.9671    0.4236    0.5892      4020
          5     1.0000    1.0000    1.0000       912
          6     0.9921    0.8494    0.9153       445
          7     0.9987    0.9987    0.9987       783

avg / total     0.8407    0.8600    0.8239     54924

loss:0.640482586134,0.453695375555,0.443817103839,0.440354874153,0.436589895609,0.434797394944,0.433696269083,0.432263291706,0.431388103274,0.430328693426,0.42910693742,0.427992256687,0.426598880781,0.426260450686,0.425223331324,0.424654573689,0.423185946487,0.422599464261,0.421555614042,0.421515963757,0.420517274739,0.419800482435,0.419141662857,0.418647326976,0.418035415667,0.417374083983,0.416001338436,0.415498016706,0.415000952786,0.414282535292,0.414022763155,0.412606982099,0.41206519448,0.412132665079,0.410059931397,0.410129344778,0.409564955625,0.408213131226,0.407515037856,0.406982550359,0.406843971886,0.405907951188,0.404972874642,0.404491533102,0.403339160442,0.402979623799,0.402493834486,0.401485980123,0.401329659421,0.400672712423
acc:0.816690538389,0.85369228694,0.85479074657,0.855519009511,0.855804243814,0.856247272338,0.855968100786,0.856229062528,0.856496094522,0.856678157219,0.856842015353,0.85710904531,0.857285042923,0.857333592618,0.857649171265,0.857491382716,0.858019371652,0.858286400906,0.858517016542,0.858359227201,0.858759771322,0.859014662638,0.858972181456,0.859081419304,0.859148175214,0.859579065697,0.859560859311,0.859785405938,0.859882506211,0.860034228631,0.860161675094,0.860459047728,0.860604701441,0.860604701606,0.861035586874,0.861120551215,0.861217653482,0.861515027618,0.861508957366,0.861763849059,0.86187308754,0.86186702033,0.862231150726,0.862152255809,0.862637763937,0.862583144775,0.862637761632,0.862753070001,0.862783415147,0.862953342461
val_acc:0.852559901327,0.853980045518,0.853980045518,0.854853978161,0.855017845971,0.85554584423,0.855818947048,0.855218120577,0.855782537648,0.856001021835,0.856001019582,0.856164881432,0.85556405346,0.856747506933,0.856346957322,0.856492609942,0.85711164299,0.856856748652,0.856765713511,0.857220889965,0.85753040629,0.857785302881,0.857202681135,0.85811303104,0.857657855336,0.858185856599,0.858222271655,0.857858131444,0.859059790744,0.85827689289,0.858458962021,0.858185861504,0.858859516889,0.859023376087,0.859059790744,0.858768481748,0.859260069105,0.859569589184,0.858768478345,0.860334280461,0.860024760382,0.8596788271,0.860061178043,0.86031607163,0.860334282314,0.860261452249,0.860552763897,0.860334278959,0.860570967072,0.859970139499
val_loss:0.45923128955,0.448320405506,0.444552754075,0.438124507188,0.442202177242,0.43621736437,0.435653951714,0.434547911934,0.433052999032,0.433111905099,0.432635795364,0.435139769746,0.432540964671,0.431117934535,0.429068795514,0.428804753815,0.427264998387,0.427028055412,0.427409157983,0.425935150315,0.424394127319,0.424945118858,0.424113623305,0.424146031302,0.427206319179,0.423494766596,0.4224549507,0.422321165277,0.421288456428,0.421640878876,0.42086906955,0.420452553208,0.419179549684,0.418955991136,0.419591574003,0.417105097762,0.417305268485,0.416205068416,0.417997540953,0.415578911151,0.415173293102,0.416639023247,0.415872254674,0.413365717468,0.414194943917,0.41356507854,0.412320555871,0.411591123742,0.411081194591,0.412650774263
lr:0.00293713,0.00293713,0.00293713,0.00293713,0.00293713,0.00293713,0.00293713,0.00293713,0.00293713,0.00293713,0.00293713,0.00293713,0.00293713,0.00293713,0.00293713,0.00293713,0.00293713,0.00293713,0.00293713,0.00293713,0.00293713,0.00293713,0.00293713,0.00293713,0.00293713,0.00293713,0.00293713,0.00293713,0.00293713,0.00293713,0.00293713,0.00293713,0.00293713,0.00293713,0.00293713,0.00293713,0.00293713,0.00293713,0.00293713,0.00293713,0.00293713,0.00293713,0.00293713,0.00293713,0.00293713,0.00293713,0.00293713,0.00293713,0.00293713,0.00293713
