
             precision    recall  f1-score   support

          0     0.8474    0.9988    0.9169     43023
          1     0.0000    0.0000    0.0000      1543
          2     0.5520    0.0529    0.0966      2607
          3     0.0000    0.0000    0.0000      1591
          4     0.8561    0.4336    0.5756      4020
          5     0.9641    1.0000    0.9817       912
          6     0.9959    0.5416    0.7016       445
          7     1.0000    0.9425    0.9704       783

avg / total     0.7910    0.8511    0.8008     54924


             precision    recall  f1-score   support

          0     0.8484    0.9987    0.9175     43023
          1     0.7500    0.0019    0.0039      1543
          2     0.5516    0.0533    0.0972      2607
          3     0.6289    0.0629    0.1143      1591
          4     0.8906    0.4211    0.5719      4020
          5     0.9723    1.0000    0.9859       912
          6     0.9964    0.6202    0.7645       445
          7     0.9947    0.9527    0.9733       783

avg / total     0.8337    0.8528    0.8050     54924


             precision    recall  f1-score   support

          0     0.8497    0.9982    0.9180     43023
          1     0.7500    0.0019    0.0039      1543
          2     0.5521    0.0549    0.0998      2607
          3     0.6157    0.0886    0.1549      1591
          4     0.8994    0.4224    0.5748      4020
          5     0.9764    0.9978    0.9870       912
          6     0.9968    0.7056    0.8263       445
          7     0.9973    0.9604    0.9785       783

avg / total     0.8350    0.8541    0.8075     54924


             precision    recall  f1-score   support

          0     0.8500    0.9982    0.9182     43023
          1     0.7500    0.0019    0.0039      1543
          2     0.5539    0.0572    0.1036      2607
          3     0.6937    0.0698    0.1268      1591
          4     0.8861    0.4313    0.5802      4020
          5     0.9817    0.9978    0.9897       912
          6     0.9969    0.7326    0.8446       445
          7     0.9960    0.9655    0.9805       783

avg / total     0.8367    0.8545    0.8076     54924


             precision    recall  f1-score   support

          0     0.8502    0.9983    0.9183     43023
          1     0.8000    0.0026    0.0052      1543
          2     0.5642    0.0556    0.1013      2607
          3     0.6667    0.0893    0.1574      1591
          4     0.8991    0.4256    0.5777      4020
          5     0.9848    0.9978    0.9913       912
          6     0.9941    0.7618    0.8626       445
          7     0.9961    0.9719    0.9838       783

avg / total     0.8389    0.8550    0.8086     54924


             precision    recall  f1-score   support

          0     0.8499    0.9987    0.9183     43023
          1     0.5217    0.0078    0.0153      1543
          2     0.5609    0.0495    0.0909      2607
          3     0.6881    0.0874    0.1550      1591
          4     0.9129    0.4249    0.5799      4020
          5     0.9934    0.9978    0.9956       912
          6     0.9943    0.7798    0.8741       445
          7     0.9948    0.9847    0.9897       783

avg / total     0.8325    0.8555    0.8087     54924


             precision    recall  f1-score   support

          0     0.8505    0.9982    0.9185     43023
          1     0.4091    0.0058    0.0115      1543
          2     0.5720    0.0549    0.1001      2607
          3     0.5703    0.0918    0.1581      1591
          4     0.9046    0.4177    0.5715      4020
          5     0.9945    0.9978    0.9962       912
          6     0.9944    0.7933    0.8825       445
          7     0.9961    0.9885    0.9923       783

avg / total     0.8264    0.8550    0.8088     54924


             precision    recall  f1-score   support

          0     0.8503    0.9985    0.9185     43023
          1     0.7500    0.0058    0.0116      1543
          2     0.5794    0.0560    0.1021      2607
          3     0.6985    0.0874    0.1553      1591
          4     0.9089    0.4271    0.5811      4020
          5     1.0000    0.9978    0.9989       912
          6     0.9944    0.7978    0.8853       445
          7     0.9962    0.9949    0.9955       783

avg / total     0.8403    0.8560    0.8096     54924


             precision    recall  f1-score   support

          0     0.8512    0.9978    0.9187     43023
          1     0.3182    0.0045    0.0089      1543
          2     0.5470    0.0625    0.1122      2607
          3     0.6971    0.0911    0.1612      1591
          4     0.9023    0.4274    0.5800      4020
          5     0.9967    0.9978    0.9973       912
          6     0.9945    0.8112    0.8936       445
          7     0.9949    0.9923    0.9936       783

avg / total     0.8267    0.8559    0.8103     54924


             precision    recall  f1-score   support

          0     0.8500    0.9988    0.9184     43023
          1     0.5000    0.0065    0.0128      1543
          2     0.5642    0.0556    0.1013      2607
          3     0.6074    0.0924    0.1604      1591
          4     0.9277    0.4152    0.5736      4020
          5     1.0000    0.9978    0.9989       912
          6     0.9944    0.8045    0.8894       445
          7     0.9962    0.9949    0.9955       783

avg / total     0.8310    0.8555    0.8092     54924


             precision    recall  f1-score   support

          0     0.8519    0.9973    0.9189     43023
          1     0.3774    0.0130    0.0251      1543
          2     0.5298    0.0683    0.1210      2607
          3     0.6881    0.0874    0.1550      1591
          4     0.8985    0.4274    0.5792      4020
          5     0.9967    0.9978    0.9973       912
          6     0.9945    0.8090    0.8922       445
          7     0.9962    0.9949    0.9955       783

avg / total     0.8276    0.8559    0.8111     54924


             precision    recall  f1-score   support

          0     0.8520    0.9969    0.9188     43023
          1     0.3953    0.0110    0.0214      1543
          2     0.5079    0.0740    0.1292      2607
          3     0.6857    0.0905    0.1599      1591
          4     0.9041    0.4266    0.5797      4020
          5     1.0000    0.9978    0.9989       912
          6     0.9945    0.8112    0.8936       445
          7     0.9962    0.9987    0.9974       783

avg / total     0.8275    0.8559    0.8115     54924


             precision    recall  f1-score   support

          0     0.8512    0.9979    0.9187     43023
          1     0.4545    0.0065    0.0128      1543
          2     0.5346    0.0652    0.1162      2607
          3     0.7000    0.0968    0.1701      1591
          4     0.9138    0.4246    0.5798      4020
          5     1.0000    0.9978    0.9989       912
          6     0.9945    0.8112    0.8936       445
          7     0.9962    0.9987    0.9974       783

avg / total     0.8309    0.8562    0.8110     54924


             precision    recall  f1-score   support

          0     0.8511    0.9980    0.9187     43023
          1     0.4762    0.0065    0.0128      1543
          2     0.5495    0.0618    0.1110      2607
          3     0.6888    0.0849    0.1511      1591
          4     0.9005    0.4279    0.5801      4020
          5     1.0000    0.9978    0.9989       912
          6     0.9945    0.8112    0.8936       445
          7     0.9962    0.9987    0.9974       783

avg / total     0.8309    0.8560    0.8102     54924


             precision    recall  f1-score   support

          0     0.8516    0.9976    0.9188     43023
          1     0.6250    0.0065    0.0128      1543
          2     0.5358    0.0717    0.1265      2607
          3     0.7103    0.0955    0.1684      1591
          4     0.9103    0.4266    0.5810      4020
          5     1.0000    0.9978    0.9989       912
          6     0.9945    0.8135    0.8949       445
          7     0.9962    0.9987    0.9974       783

avg / total     0.8361    0.8564    0.8116     54924


             precision    recall  f1-score   support

          0     0.8509    0.9985    0.9188     43023
          1     0.5000    0.0065    0.0128      1543
          2     0.5433    0.0602    0.1084      2607
          3     0.6933    0.1037    0.1804      1591
          4     0.9292    0.4244    0.5827      4020
          5     1.0000    0.9978    0.9989       912
          6     0.9945    0.8135    0.8949       445
          7     0.9962    0.9987    0.9974       783

avg / total     0.8333    0.8566    0.8112     54924


             precision    recall  f1-score   support

          0     0.8514    0.9976    0.9187     43023
          1     0.6364    0.0045    0.0090      1543
          2     0.5310    0.0690    0.1222      2607
          3     0.7403    0.0717    0.1307      1591
          4     0.8919    0.4331    0.5831      4020
          5     1.0000    0.9978    0.9989       912
          6     0.9945    0.8112    0.8936       445
          7     0.9962    0.9987    0.9974       783

avg / total     0.8356    0.8560    0.8102     54924


             precision    recall  f1-score   support

          0     0.8516    0.9975    0.9188     43023
          1     0.5263    0.0065    0.0128      1543
          2     0.5140    0.0702    0.1235      2607
          3     0.6318    0.1175    0.1982      1591
          4     0.9422    0.4214    0.5823      4020
          5     1.0000    0.9978    0.9989       912
          6     0.9945    0.8157    0.8963       445
          7     0.9962    0.9987    0.9974       783

avg / total     0.8323    0.8565    0.8123     54924


             precision    recall  f1-score   support

          0     0.8515    0.9980    0.9190     43023
          1     0.5500    0.0071    0.0141      1543
          2     0.5408    0.0687    0.1219      2607
          3     0.7143    0.1006    0.1763      1591
          4     0.9217    0.4276    0.5842      4020
          5     1.0000    0.9978    0.9989       912
          6     0.9945    0.8157    0.8963       445
          7     0.9962    0.9987    0.9974       783

avg / total     0.8352    0.8569    0.8120     54924


             precision    recall  f1-score   support

          0     0.8515    0.9979    0.9189     43023
          1     0.4545    0.0130    0.0252      1543
          2     0.5289    0.0667    0.1185      2607
          3     0.6643    0.1157    0.1970      1591
          4     0.9459    0.4216    0.5833      4020
          5     1.0000    0.9978    0.9989       912
          6     0.9945    0.8180    0.8977       445
          7     0.9962    0.9987    0.9974       783

avg / total     0.8322    0.8569    0.8126     54924


             precision    recall  f1-score   support

          0     0.8516    0.9982    0.9191     43023
          1     0.5238    0.0071    0.0141      1543
          2     0.5532    0.0698    0.1240      2607
          3     0.6549    0.1169    0.1984      1591
          4     0.9450    0.4231    0.5845      4020
          5     1.0000    0.9978    0.9989       912
          6     0.9945    0.8180    0.8977       445
          7     0.9962    0.9987    0.9974       783

avg / total     0.8350    0.8572    0.8128     54924


             precision    recall  f1-score   support

          0     0.8523    0.9978    0.9194     43023
          1     0.4500    0.0058    0.0115      1543
          2     0.5251    0.0802    0.1391      2607
          3     0.7421    0.1031    0.1810      1591
          4     0.9298    0.4284    0.5865      4020
          5     1.0000    0.9978    0.9989       912
          6     0.9946    0.8315    0.9058       445
          7     0.9962    0.9987    0.9974       783

avg / total     0.8336    0.8575    0.8134     54924


             precision    recall  f1-score   support

          0     0.8511    0.9986    0.9190     43023
          1     0.5217    0.0078    0.0153      1543
          2     0.5377    0.0656    0.1169      2607
          3     0.7195    0.1113    0.1927      1591
          4     0.9420    0.4204    0.5814      4020
          5     0.9989    0.9978    0.9984       912
          6     0.9946    0.8202    0.8990       445
          7     0.9962    0.9974    0.9968       783

avg / total     0.8355    0.8570    0.8120     54924


             precision    recall  f1-score   support

          0     0.8511    0.9986    0.9190     43023
          1     0.4286    0.0136    0.0264      1543
          2     0.5370    0.0641    0.1145      2607
          3     0.7186    0.1188    0.2039      1591
          4     0.9534    0.4169    0.5801      4020
          5     1.0000    0.9978    0.9989       912
          6     0.9946    0.8202    0.8990       445
          7     0.9962    0.9987    0.9974       783

avg / total     0.8337    0.8571    0.8125     54924


             precision    recall  f1-score   support

          0     0.8538    0.9956    0.9193     43023
          1     0.4200    0.0136    0.0264      1543
          2     0.4844    0.1013    0.1675      2607
          3     0.6679    0.1163    0.1981      1591
          4     0.9380    0.4251    0.5851      4020
          5     1.0000    0.9989    0.9995       912
          6     0.9946    0.8202    0.8990       445
          7     0.9974    0.9987    0.9981       783

avg / total     0.8305    0.8570    0.8154     54924


             precision    recall  f1-score   support

          0     0.8526    0.9975    0.9194     43023
          1     0.4182    0.0149    0.0288      1543
          2     0.5035    0.0832    0.1429      2607
          3     0.7714    0.1018    0.1799      1591
          4     0.9355    0.4256    0.5851      4020
          5     1.0000    0.9989    0.9995       912
          6     0.9946    0.8202    0.8990       445
          7     0.9974    0.9987    0.9981       783

avg / total     0.8332    0.8573    0.8139     54924


             precision    recall  f1-score   support

          0     0.8534    0.9964    0.9194     43023
          1     0.3750    0.0136    0.0263      1543
          2     0.4764    0.0890    0.1500      2607
          3     0.7546    0.1025    0.1804      1591
          4     0.9261    0.4301    0.5874      4020
          5     1.0000    0.9978    0.9989       912
          6     0.9946    0.8292    0.9044       445
          7     0.9962    0.9987    0.9974       783

avg / total     0.8302    0.8571    0.8144     54924


             precision    recall  f1-score   support

          0     0.8520    0.9981    0.9193     43023
          1     0.5082    0.0201    0.0387      1543
          2     0.5318    0.0706    0.1246      2607
          3     0.7602    0.1056    0.1854      1591
          4     0.9367    0.4269    0.5865      4020
          5     0.9989    0.9989    0.9989       912
          6     0.9946    0.8202    0.8990       445
          7     0.9974    0.9974    0.9974       783

avg / total     0.8364    0.8575    0.8135     54924


             precision    recall  f1-score   support

          0     0.8531    0.9972    0.9195     43023
          1     0.5200    0.0169    0.0326      1543
          2     0.5043    0.0909    0.1540      2607
          3     0.7783    0.0993    0.1761      1591
          4     0.9350    0.4291    0.5882      4020
          5     1.0000    0.9989    0.9995       912
          6     0.9946    0.8202    0.8990       445
          7     0.9974    0.9987    0.9981       783

avg / total     0.8366    0.8577    0.8148     54924


             precision    recall  f1-score   support

          0     0.8525    0.9973    0.9192     43023
          1     0.4571    0.0207    0.0397      1543
          2     0.4927    0.0779    0.1345      2607
          3     0.7303    0.1226    0.2099      1591
          4     0.9502    0.4221    0.5846      4020
          5     1.0000    0.9989    0.9995       912
          6     0.9946    0.8202    0.8990       445
          7     0.9974    0.9987    0.9981       783

avg / total     0.8336    0.8574    0.8145     54924


             precision    recall  f1-score   support

          0     0.8530    0.9972    0.9195     43023
          1     0.4427    0.0376    0.0693      1543
          2     0.5319    0.0767    0.1341      2607
          3     0.7435    0.1075    0.1878      1591
          4     0.9366    0.4264    0.5860      4020
          5     1.0000    0.9989    0.9995       912
          6     0.9946    0.8202    0.8990       445
          7     0.9974    0.9987    0.9981       783

avg / total     0.8348    0.8576    0.8150     54924


             precision    recall  f1-score   support

          0     0.8531    0.9971    0.9195     43023
          1     0.4898    0.0156    0.0302      1543
          2     0.5074    0.0917    0.1553      2607
          3     0.7451    0.1194    0.2059      1591
          4     0.9482    0.4231    0.5851      4020
          5     1.0000    0.9989    0.9995       912
          6     0.9946    0.8315    0.9058       445
          7     0.9974    0.9987    0.9981       783

avg / total     0.8359    0.8578    0.8154     54924


             precision    recall  f1-score   support

          0     0.8542    0.9961    0.9197     43023
          1     0.4444    0.0363    0.0671      1543
          2     0.5119    0.0990    0.1659      2607
          3     0.7623    0.1069    0.1874      1591
          4     0.9384    0.4281    0.5880      4020
          5     1.0000    1.0000    1.0000       912
          6     0.9946    0.8202    0.8990       445
          7     0.9987    0.9987    0.9987       783

avg / total     0.8355    0.8579    0.8168     54924


             precision    recall  f1-score   support

          0     0.8530    0.9972    0.9194     43023
          1     0.4700    0.0305    0.0572      1543
          2     0.5099    0.0790    0.1368      2607
          3     0.7892    0.1012    0.1794      1591
          4     0.9337    0.4308    0.5896      4020
          5     1.0000    0.9989    0.9995       912
          6     0.9946    0.8247    0.9017       445
          7     0.9974    0.9987    0.9981       783

avg / total     0.8356    0.8577    0.8148     54924


             precision    recall  f1-score   support

          0     0.8522    0.9982    0.9194     43023
          1     0.5763    0.0220    0.0424      1543
          2     0.5294    0.0759    0.1328      2607
          3     0.7117    0.1257    0.2137      1591
          4     0.9584    0.4182    0.5823      4020
          5     1.0000    1.0000    1.0000       912
          6     0.9945    0.8180    0.8977       445
          7     0.9987    0.9987    0.9987       783

avg / total     0.8385    0.8579    0.8146     54924


             precision    recall  f1-score   support

          0     0.8530    0.9974    0.9196     43023
          1     0.5294    0.0175    0.0339      1543
          2     0.5282    0.0898    0.1534      2607
          3     0.7577    0.1081    0.1892      1591
          4     0.9378    0.4279    0.5876      4020
          5     1.0000    0.9989    0.9995       912
          6     0.9946    0.8270    0.9031       445
          7     0.9974    0.9987    0.9981       783

avg / total     0.8376    0.8580    0.8152     54924


             precision    recall  f1-score   support

          0     0.8540    0.9964    0.9197     43023
          1     0.4727    0.0337    0.0629      1543
          2     0.4896    0.0990    0.1646      2607
          3     0.7548    0.0987    0.1745      1591
          4     0.9368    0.4241    0.5839      4020
          5     1.0000    0.9989    0.9995       912
          6     0.9946    0.8202    0.8990       445
          7     0.9974    0.9987    0.9981       783

avg / total     0.8348    0.8575    0.8159     54924


             precision    recall  f1-score   support

          0     0.8539    0.9957    0.9194     43023
          1     0.5000    0.0194    0.0374      1543
          2     0.4816    0.1055    0.1731      2607
          3     0.7529    0.1207    0.2080      1591
          4     0.9490    0.4259    0.5879      4020
          5     1.0000    1.0000    1.0000       912
          6     0.9946    0.8337    0.9071       445
          7     0.9987    0.9987    0.9987       783

avg / total     0.8360    0.8578    0.8167     54924


             precision    recall  f1-score   support

          0     0.8537    0.9973    0.9199     43023
          1     0.4667    0.0318    0.0595      1543
          2     0.5231    0.0867    0.1487      2607
          3     0.7407    0.1131    0.1963      1591
          4     0.9455    0.4269    0.5882      4020
          5     1.0000    1.0000    1.0000       912
          6     0.9920    0.8315    0.9046       445
          7     0.9987    0.9987    0.9987       783

avg / total     0.8362    0.8583    0.8162     54924


             precision    recall  f1-score   support

          0     0.8539    0.9966    0.9198     43023
          1     0.5172    0.0194    0.0375      1543
          2     0.4964    0.1043    0.1724      2607
          3     0.7725    0.1025    0.1809      1591
          4     0.9399    0.4276    0.5878      4020
          5     1.0000    0.9989    0.9995       912
          6     0.9946    0.8225    0.9004       445
          7     0.9974    0.9987    0.9981       783

avg / total     0.8370    0.8579    0.8161     54924


             precision    recall  f1-score   support

          0     0.8544    0.9962    0.9199     43023
          1     0.4955    0.0356    0.0665      1543
          2     0.5108    0.0993    0.1663      2607
          3     0.7617    0.1125    0.1961      1591
          4     0.9370    0.4291    0.5886      4020
          5     1.0000    1.0000    1.0000       912
          6     0.9946    0.8292    0.9044       445
          7     0.9987    0.9987    0.9987       783

avg / total     0.8370    0.8583    0.8173     54924


             precision    recall  f1-score   support

          0     0.8543    0.9966    0.9200     43023
          1     0.4880    0.0525    0.0948      1543
          2     0.5209    0.0909    0.1548      2607
          3     0.7471    0.1226    0.2106      1591
          4     0.9557    0.4239    0.5873      4020
          5     1.0000    1.0000    1.0000       912
          6     0.9947    0.8360    0.9084       445
          7     0.9987    0.9987    0.9987       783

avg / total     0.8381    0.8586    0.8179     54924


             precision    recall  f1-score   support

          0     0.8547    0.9954    0.9197     43023
          1     0.5455    0.0428    0.0793      1543
          2     0.4991    0.1097    0.1799      2607
          3     0.7721    0.1043    0.1838      1591
          4     0.9365    0.4294    0.5888      4020
          5     1.0000    1.0000    1.0000       912
          6     0.9947    0.8360    0.9084       445
          7     0.9987    0.9987    0.9987       783

avg / total     0.8383    0.8582    0.8178     54924


             precision    recall  f1-score   support

          0     0.8537    0.9971    0.9198     43023
          1     0.5000    0.0272    0.0516      1543
          2     0.5326    0.0970    0.1642      2607
          3     0.7919    0.0981    0.1745      1591
          4     0.9363    0.4316    0.5908      4020
          5     0.9989    1.0000    0.9995       912
          6     0.9946    0.8225    0.9004       445
          7     0.9987    0.9974    0.9981       783

avg / total     0.8384    0.8583    0.8162     54924


             precision    recall  f1-score   support

          0     0.8545    0.9958    0.9197     43023
          1     0.5781    0.0480    0.0886      1543
          2     0.5037    0.1055    0.1744      2607
          3     0.7685    0.1043    0.1837      1591
          4     0.9425    0.4281    0.5888      4020
          5     1.0000    1.0000    1.0000       912
          6     0.9919    0.8292    0.9033       445
          7     0.9987    0.9987    0.9987       783

avg / total     0.8396    0.8583    0.8178     54924


             precision    recall  f1-score   support

          0     0.8546    0.9966    0.9201     43023
          1     0.5072    0.0454    0.0833      1543
          2     0.5354    0.1043    0.1746      2607
          3     0.7388    0.1245    0.2130      1591
          4     0.9571    0.4219    0.5856      4020
          5     0.9989    1.0000    0.9995       912
          6     0.9946    0.8292    0.9044       445
          7     0.9987    0.9974    0.9981       783

avg / total     0.8394    0.8589    0.8186     54924


             precision    recall  f1-score   support

          0     0.8566    0.9934    0.9200     43023
          1     0.5112    0.0590    0.1058      1543
          2     0.4821    0.1346    0.2105      2607
          3     0.7711    0.1207    0.2087      1591
          4     0.9498    0.4281    0.5902      4020
          5     1.0000    1.0000    1.0000       912
          6     0.9945    0.8180    0.8977       445
          7     0.9987    0.9987    0.9987       783

avg / total     0.8390    0.8585    0.8209     54924


             precision    recall  f1-score   support

          0     0.8538    0.9972    0.9200     43023
          1     0.5818    0.0415    0.0774      1543
          2     0.5422    0.0986    0.1668      2607
          3     0.7059    0.1282    0.2170      1591
          4     0.9639    0.4182    0.5833      4020
          5     1.0000    1.0000    1.0000       912
          6     0.9945    0.8180    0.8977       445
          7     0.9987    0.9987    0.9987       783

avg / total     0.8408    0.8588    0.8178     54924


             precision    recall  f1-score   support

          0     0.8550    0.9956    0.9200     43023
          1     0.5349    0.0447    0.0825      1543
          2     0.5026    0.1116    0.1827      2607
          3     0.7797    0.1113    0.1947      1591
          4     0.9468    0.4296    0.5910      4020
          5     0.9989    1.0000    0.9995       912
          6     0.9920    0.8404    0.9100       445
          7     0.9987    0.9974    0.9981       783

avg / total     0.8394    0.8587    0.8187     54924


             precision    recall  f1-score   support

          0     0.8544    0.9968    0.9201     43023
          1     0.6000    0.0447    0.0832      1543
          2     0.5356    0.1040    0.1741      2607
          3     0.7178    0.1295    0.2194      1591
          4     0.9625    0.4216    0.5864      4020
          5     0.9989    1.0000    0.9995       912
          6     0.9918    0.8202    0.8979       445
          7     0.9987    0.9974    0.9981       783

avg / total     0.8417    0.8591    0.8187     54924

loss:0.680115122665,0.457288056137,0.445977532859,0.440489899234,0.437285668466,0.435899248528,0.434356889119,0.432814914956,0.432340054008,0.430469324893,0.43011544339,0.42972436192,0.427971835859,0.427386617175,0.426504365991,0.426460177914,0.425797646302,0.424651437476,0.424183313611,0.423629998857,0.423716312198,0.422786378051,0.422420707583,0.422429358994,0.421148698099,0.42029202726,0.420078143756,0.419806587273,0.419257993843,0.418663694477,0.418158990722,0.417112928793,0.417128106847,0.416991459791,0.416411023482,0.41576393388,0.415458400529,0.414707852298,0.414236646534,0.41407938261,0.413471131928,0.412687482993,0.41220283515,0.411781523329,0.411410223709,0.411011974088,0.410300548354,0.410006648976,0.409350550715,0.408714202008
acc:0.805074770099,0.852484585404,0.853813663681,0.854924261367,0.855403702376,0.855743555645,0.856150167905,0.856210856503,0.856568919472,0.856641744836,0.857018012267,0.857072632964,0.856951257422,0.857175802931,0.857163663682,0.857558141092,0.857527796974,0.857637034362,0.857879789275,0.858013305805,0.858043648511,0.858189300195,0.858401709538,0.858456329117,0.858553432729,0.858747632955,0.858711219723,0.858729429043,0.859117833892,0.859032869557,0.859105695244,0.859263485804,0.859396998144,0.859797544279,0.859724719631,0.859712581053,0.859785405346,0.859900715438,0.860040297935,0.860192019093,0.860076711352,0.860258775684,0.860216293476,0.860574354511,0.860701803242,0.860750353052,0.860804972928,0.860883867824,0.861053796762,0.860811040521
val_acc:0.85106693163,0.852760179345,0.85405287488,0.854508046294,0.854999636073,0.855454809393,0.854981430012,0.856001017472,0.855928192599,0.855509431991,0.855909983187,0.855909984133,0.856219503921,0.856001018892,0.856437988951,0.856620057995,0.855982814211,0.85651081619,0.856856747705,0.856874956171,0.85718447454,0.857457577397,0.856984196557,0.857075232735,0.857002406442,0.857311924338,0.857111647774,0.857530406975,0.857694272785,0.857366545477,0.857621441734,0.857839928682,0.857930962022,0.857676063846,0.857858133363,0.858003790207,0.857512200901,0.857785306098,0.858313308103,0.857930962968,0.858313306184,0.858641032571,0.858167652652,0.858349721722,0.858313306184,0.858877723202,0.858531790267,0.858750273851,0.858695655104,0.859078001658
val_loss:0.471506353082,0.449686481347,0.443396688582,0.440866241036,0.438199897874,0.436118266119,0.434640143192,0.438223506924,0.438380415316,0.437479844247,0.433829476822,0.433408323019,0.431998250357,0.430951535248,0.430655073016,0.429680878877,0.431425682625,0.430295199032,0.428390241954,0.428379251955,0.428253092476,0.4277849777,0.42933688952,0.429692285998,0.427424548335,0.426691504267,0.426039722697,0.425064759664,0.425615441831,0.424668572087,0.424019992308,0.424643653155,0.424176222439,0.423544038988,0.42417905417,0.422433074779,0.424017732048,0.423430531032,0.421356423616,0.421115625984,0.421302154724,0.420399945932,0.419966128788,0.420112914958,0.41938982096,0.418938621109,0.421014504436,0.420319799318,0.417569073106,0.418656119734
lr:0.00130604,0.00130604,0.00130604,0.00130604,0.00130604,0.00130604,0.00130604,0.00130604,0.00130604,0.00130604,0.00130604,0.00130604,0.00130604,0.00130604,0.00130604,0.00130604,0.00130604,0.00130604,0.00130604,0.00130604,0.00130604,0.00130604,0.00130604,0.00130604,0.00130604,0.00130604,0.00130604,0.00130604,0.00130604,0.00130604,0.00130604,0.00130604,0.00130604,0.00130604,0.00130604,0.00130604,0.00130604,0.00130604,0.00130604,0.00130604,0.00130604,0.00130604,0.00130604,0.00130604,0.00130604,0.00130604,0.00130604,0.00130604,0.00130604,0.00130604
