
             precision    recall  f1-score   support

          0     0.8487    0.9983    0.9174     43023
          1     0.0000    0.0000    0.0000      1543
          2     0.5516    0.0533    0.0972      2607
          3     0.6148    0.0471    0.0876      1591
          4     0.8742    0.4321    0.5783      4020
          5     0.9754    1.0000    0.9875       912
          6     0.9963    0.6045    0.7524       445
          7     1.0000    0.9566    0.9778       783

avg / total     0.8113    0.8527    0.8046     54924


             precision    recall  f1-score   support

          0     0.8497    0.9983    0.9180     43023
          1     0.6667    0.0013    0.0026      1543
          2     0.5595    0.0541    0.0986      2607
          3     0.5014    0.1094    0.1796      1591
          4     0.9237    0.4065    0.5645      4020
          5     0.9849    1.0000    0.9924       912
          6     0.9938    0.7213    0.8359       445
          7     0.9974    0.9681    0.9825       783

avg / total     0.8316    0.8537    0.8076     54924


             precision    recall  f1-score   support

          0     0.8502    0.9983    0.9183     43023
          1     0.6667    0.0013    0.0026      1543
          2     0.5556    0.0537    0.0979      2607
          3     0.5681    0.0918    0.1580      1591
          4     0.9037    0.4177    0.5713      4020
          5     0.9935    1.0000    0.9967       912
          6     0.9943    0.7820    0.8755       445
          7     1.0000    0.9808    0.9903       783

avg / total     0.8325    0.8547    0.8082     54924


             precision    recall  f1-score   support

          0     0.8502    0.9983    0.9183     43023
          1     0.4722    0.0110    0.0215      1543
          2     0.5520    0.0468    0.0863      2607
          3     0.5753    0.0937    0.1611      1591
          4     0.9105    0.4177    0.5726      4020
          5     0.9967    1.0000    0.9984       912
          6     0.9944    0.7978    0.8853       445
          7     1.0000    0.9847    0.9923       783

avg / total     0.8276    0.8549    0.8085     54924


             precision    recall  f1-score   support

          0     0.8503    0.9986    0.9185     43023
          1     0.3333    0.0019    0.0039      1543
          2     0.5618    0.0541    0.0987      2607
          3     0.5802    0.0955    0.1641      1591
          4     0.9178    0.4167    0.5731      4020
          5     0.9967    1.0000    0.9984       912
          6     0.9945    0.8090    0.8922       445
          7     0.9987    0.9872    0.9929       783

avg / total     0.8249    0.8553    0.8089     54924


             precision    recall  f1-score   support

          0     0.8508    0.9980    0.9185     43023
          1     0.3636    0.0078    0.0152      1543
          2     0.5731    0.0572    0.1039      2607
          3     0.6800    0.0855    0.1519      1591
          4     0.8990    0.4271    0.5791      4020
          5     0.9967    1.0000    0.9984       912
          6     0.9944    0.8022    0.8881       445
          7     0.9987    0.9898    0.9942       783

avg / total     0.8282    0.8557    0.8096     54924


             precision    recall  f1-score   support

          0     0.8504    0.9987    0.9186     43023
          1     0.4667    0.0045    0.0090      1543
          2     0.5748    0.0560    0.1021      2607
          3     0.6144    0.0911    0.1587      1591
          4     0.9166    0.4209    0.5769      4020
          5     1.0000    1.0000    1.0000       912
          6     0.9944    0.8045    0.8894       445
          7     1.0000    0.9949    0.9974       783

avg / total     0.8304    0.8558    0.8095     54924


             precision    recall  f1-score   support

          0     0.8501    0.9988    0.9185     43023
          1     0.5882    0.0065    0.0128      1543
          2     0.5777    0.0556    0.1015      2607
          3     0.7011    0.0811    0.1454      1591
          4     0.9159    0.4254    0.5809      4020
          5     0.9989    1.0000    0.9995       912
          6     0.9945    0.8157    0.8963       445
          7     1.0000    0.9911    0.9955       783

avg / total     0.8361    0.8561    0.8094     54924


             precision    recall  f1-score   support

          0     0.8515    0.9974    0.9187     43023
          1     0.4333    0.0084    0.0165      1543
          2     0.5076    0.0767    0.1333      2607
          3     0.6116    0.0930    0.1615      1591
          4     0.9260    0.4169    0.5750      4020
          5     0.9967    1.0000    0.9984       912
          6     0.9945    0.8090    0.8922       445
          7     0.9987    0.9923    0.9955       783

avg / total     0.8276    0.8557    0.8112     54924


             precision    recall  f1-score   support

          0     0.8509    0.9983    0.9187     43023
          1     0.4828    0.0091    0.0178      1543
          2     0.5487    0.0648    0.1160      2607
          3     0.6842    0.0899    0.1589      1591
          4     0.9213    0.4224    0.5792      4020
          5     1.0000    1.0000    1.0000       912
          6     0.9945    0.8157    0.8963       445
          7     1.0000    0.9962    0.9981       783

avg / total     0.8323    0.8563    0.8107     54924


             precision    recall  f1-score   support

          0     0.8515    0.9979    0.9189     43023
          1     0.3750    0.0175    0.0334      1543
          2     0.5608    0.0637    0.1144      2607
          3     0.7037    0.0955    0.1682      1591
          4     0.9208    0.4251    0.5817      4020
          5     0.9989    1.0000    0.9995       912
          6     0.9946    0.8225    0.9004       445
          7     1.0000    0.9974    0.9987       783

avg / total     0.8308    0.8566    0.8117     54924


             precision    recall  f1-score   support

          0     0.8513    0.9979    0.9188     43023
          1     0.4706    0.0052    0.0103      1543
          2     0.5441    0.0710    0.1256      2607
          3     0.6893    0.0893    0.1580      1591
          4     0.9172    0.4269    0.5826      4020
          5     1.0000    1.0000    1.0000       912
          6     0.9945    0.8180    0.8977       445
          7     1.0000    0.9987    0.9994       783

avg / total     0.8319    0.8565    0.8113     54924


             precision    recall  f1-score   support

          0     0.8514    0.9979    0.9188     43023
          1     0.4364    0.0156    0.0300      1543
          2     0.5174    0.0740    0.1295      2607
          3     0.6738    0.0987    0.1721      1591
          4     0.9432    0.4169    0.5782      4020
          5     1.0000    1.0000    1.0000       912
          6     0.9946    0.8202    0.8990       445
          7     1.0000    0.9987    0.9994       783

avg / total     0.8312    0.8565    0.8122     54924


             precision    recall  f1-score   support

          0     0.8520    0.9971    0.9189     43023
          1     0.3864    0.0220    0.0417      1543
          2     0.5124    0.0713    0.1253      2607
          3     0.7489    0.1031    0.1812      1591
          4     0.9259    0.4256    0.5832      4020
          5     1.0000    1.0000    1.0000       912
          6     0.9945    0.8135    0.8949       445
          7     1.0000    0.9987    0.9994       783

avg / total     0.8310    0.8566    0.8129     54924


             precision    recall  f1-score   support

          0     0.8516    0.9975    0.9188     43023
          1     0.4878    0.0130    0.0253      1543
          2     0.5455    0.0736    0.1298      2607
          3     0.7051    0.1037    0.1808      1591
          4     0.9273    0.4249    0.5827      4020
          5     1.0000    1.0000    1.0000       912
          6     0.9946    0.8202    0.8990       445
          7     1.0000    0.9987    0.9994       783

avg / total     0.8339    0.8568    0.8126     54924


             precision    recall  f1-score   support

          0     0.8521    0.9973    0.9190     43023
          1     0.3957    0.0356    0.0654      1543
          2     0.5350    0.0675    0.1199      2607
          3     0.6618    0.1131    0.1932      1591
          4     0.9479    0.4167    0.5789      4020
          5     1.0000    1.0000    1.0000       912
          6     0.9946    0.8225    0.9004       445
          7     1.0000    0.9987    0.9994       783

avg / total     0.8314    0.8567    0.8135     54924


             precision    recall  f1-score   support

          0     0.8518    0.9981    0.9192     43023
          1     0.5055    0.0298    0.0563      1543
          2     0.5415    0.0675    0.1201      2607
          3     0.6761    0.1050    0.1817      1591
          4     0.9441    0.4201    0.5815      4020
          5     1.0000    1.0000    1.0000       912
          6     0.9945    0.8180    0.8977       445
          7     1.0000    0.9987    0.9994       783

avg / total     0.8348    0.8571    0.8132     54924


             precision    recall  f1-score   support

          0     0.8536    0.9956    0.9192     43023
          1     0.4651    0.0130    0.0252      1543
          2     0.4729    0.1070    0.1745      2607
          3     0.7399    0.1037    0.1819      1591
          4     0.9323    0.4246    0.5835      4020
          5     1.0000    1.0000    1.0000       912
          6     0.9945    0.8135    0.8949       445
          7     1.0000    0.9987    0.9994       783

avg / total     0.8328    0.8568    0.8151     54924


             precision    recall  f1-score   support

          0     0.8529    0.9965    0.9192     43023
          1     0.5000    0.0104    0.0203      1543
          2     0.5159    0.0932    0.1579      2607
          3     0.7570    0.1018    0.1795      1591
          4     0.9159    0.4281    0.5835      4020
          5     1.0000    1.0000    1.0000       912
          6     0.9946    0.8225    0.9004       445
          7     1.0000    0.9987    0.9994       783

avg / total     0.8345    0.8571    0.8141     54924


             precision    recall  f1-score   support

          0     0.8537    0.9953    0.9191     43023
          1     0.4444    0.0181    0.0349      1543
          2     0.4818    0.0967    0.1610      2607
          3     0.6906    0.1207    0.2055      1591
          4     0.9238    0.4224    0.5797      4020
          5     0.9989    1.0000    0.9995       912
          6     0.9945    0.8180    0.8977       445
          7     1.0000    0.9974    0.9987       783

avg / total     0.8306    0.8566    0.8150     54924


             precision    recall  f1-score   support

          0     0.8515    0.9990    0.9193     43023
          1     0.5625    0.0117    0.0229      1543
          2     0.5586    0.0694    0.1235      2607
          3     0.7696    0.0987    0.1749      1591
          4     0.9415    0.4281    0.5886      4020
          5     1.0000    1.0000    1.0000       912
          6     0.9945    0.8135    0.8949       445
          7     1.0000    0.9987    0.9994       783

avg / total     0.8394    0.8578    0.8129     54924


             precision    recall  f1-score   support

          0     0.8524    0.9978    0.9194     43023
          1     0.5263    0.0389    0.0724      1543
          2     0.5697    0.0736    0.1304      2607
          3     0.7816    0.1012    0.1792      1591
          4     0.9333    0.4284    0.5872      4020
          5     1.0000    1.0000    1.0000       912
          6     0.9945    0.8112    0.8936       445
          7     1.0000    0.9987    0.9994       783

avg / total     0.8394    0.8579    0.8147     54924


             precision    recall  f1-score   support

          0     0.8530    0.9977    0.9197     43023
          1     0.5692    0.0240    0.0460      1543
          2     0.5414    0.0878    0.1512      2607
          3     0.7273    0.1106    0.1920      1591
          4     0.9456    0.4241    0.5856      4020
          5     1.0000    1.0000    1.0000       912
          6     0.9892    0.8247    0.8995       445
          7     1.0000    0.9987    0.9994       783

avg / total     0.8390    0.8582    0.8154     54924


             precision    recall  f1-score   support

          0     0.8530    0.9974    0.9196     43023
          1     0.5455    0.0194    0.0375      1543
          2     0.5033    0.0875    0.1490      2607
          3     0.7843    0.1006    0.1783      1591
          4     0.9334    0.4289    0.5877      4020
          5     1.0000    1.0000    1.0000       912
          6     0.9945    0.8135    0.8949       445
          7     1.0000    0.9987    0.9994       783

avg / total     0.8373    0.8577    0.8147     54924


             precision    recall  f1-score   support

          0     0.8533    0.9972    0.9197     43023
          1     0.5143    0.0117    0.0228      1543
          2     0.5010    0.0951    0.1599      2607
          3     0.7468    0.1113    0.1937      1591
          4     0.9401    0.4259    0.5862      4020
          5     1.0000    1.0000    1.0000       912
          6     0.9946    0.8202    0.8990       445
          7     1.0000    0.9987    0.9994       783

avg / total     0.8360    0.8578    0.8153     54924


             precision    recall  f1-score   support

          0     0.8533    0.9974    0.9197     43023
          1     0.4474    0.0331    0.0616      1543
          2     0.5250    0.0886    0.1516      2607
          3     0.7218    0.1207    0.2068      1591
          4     0.9568    0.4184    0.5822      4020
          5     1.0000    1.0000    1.0000       912
          6     0.9945    0.8180    0.8977       445
          7     1.0000    0.9987    0.9994       783

avg / total     0.8358    0.8580    0.8161     54924


             precision    recall  f1-score   support

          0     0.8531    0.9975    0.9197     43023
          1     0.4615    0.0272    0.0514      1543
          2     0.5481    0.0852    0.1474      2607
          3     0.7480    0.1157    0.2003      1591
          4     0.9455    0.4271    0.5884      4020
          5     1.0000    1.0000    1.0000       912
          6     0.9945    0.8157    0.8963       445
          7     1.0000    0.9987    0.9994       783

avg / total     0.8370    0.8582    0.8158     54924


             precision    recall  f1-score   support

          0     0.8537    0.9969    0.9197     43023
          1     0.5474    0.0486    0.0893      1543
          2     0.5278    0.0875    0.1500      2607
          3     0.7707    0.0993    0.1759      1591
          4     0.9346    0.4301    0.5891      4020
          5     1.0000    1.0000    1.0000       912
          6     0.9945    0.8180    0.8977       445
          7     1.0000    0.9987    0.9994       783

avg / total     0.8388    0.8582    0.8164     54924


             precision    recall  f1-score   support

          0     0.8533    0.9974    0.9197     43023
          1     0.5780    0.0408    0.0763      1543
          2     0.5278    0.0836    0.1444      2607
          3     0.7628    0.1031    0.1816      1591
          4     0.9400    0.4286    0.5888      4020
          5     1.0000    1.0000    1.0000       912
          6     0.9919    0.8225    0.8993       445
          7     1.0000    0.9987    0.9994       783

avg / total     0.8395    0.8583    0.8159     54924


             precision    recall  f1-score   support

          0     0.8546    0.9967    0.9202     43023
          1     0.5528    0.0441    0.0816      1543
          2     0.5386    0.1043    0.1748      2607
          3     0.7839    0.0981    0.1743      1591
          4     0.9328    0.4313    0.5899      4020
          5     1.0000    1.0000    1.0000       912
          6     0.9918    0.8202    0.8979       445
          7     1.0000    0.9987    0.9994       783

avg / total     0.8404    0.8588    0.8178     54924


             precision    recall  f1-score   support

          0     0.8546    0.9967    0.9202     43023
          1     0.5168    0.0499    0.0910      1543
          2     0.5397    0.0990    0.1673      2607
          3     0.7799    0.1025    0.1811      1591
          4     0.9362    0.4308    0.5901      4020
          5     1.0000    1.0000    1.0000       912
          6     0.9919    0.8225    0.8993       445
          7     1.0000    0.9987    0.9994       783

avg / total     0.8396    0.8588    0.8179     54924


             precision    recall  f1-score   support

          0     0.8536    0.9968    0.9196     43023
          1     0.5526    0.0544    0.0991      1543
          2     0.5385    0.0913    0.1561      2607
          3     0.7850    0.1056    0.1861      1591
          4     0.9441    0.4244    0.5856      4020
          5     1.0000    1.0000    1.0000       912
          6     0.9919    0.8270    0.9020       445
          7     1.0000    0.9987    0.9994       783

avg / total     0.8404    0.8583    0.8170     54924


             precision    recall  f1-score   support

          0     0.8544    0.9966    0.9200     43023
          1     0.5000    0.0551    0.0992      1543
          2     0.5765    0.0997    0.1700      2607
          3     0.7442    0.1207    0.2077      1591
          4     0.9499    0.4249    0.5871      4020
          5     1.0000    1.0000    1.0000       912
          6     0.9919    0.8247    0.9006       445
          7     1.0000    0.9987    0.9994       783

avg / total     0.8407    0.8591    0.8187     54924


             precision    recall  f1-score   support

          0     0.8551    0.9965    0.9204     43023
          1     0.5028    0.0583    0.1045      1543
          2     0.5558    0.1032    0.1741      2607
          3     0.7462    0.1219    0.2096      1591
          4     0.9532    0.4259    0.5887      4020
          5     1.0000    1.0000    1.0000       912
          6     0.9919    0.8292    0.9033       445
          7     1.0000    0.9987    0.9994       783

avg / total     0.8406    0.8594    0.8195     54924


             precision    recall  f1-score   support

          0     0.8545    0.9965    0.9201     43023
          1     0.5245    0.0486    0.0890      1543
          2     0.5519    0.1040    0.1750      2607
          3     0.8040    0.1006    0.1788      1591
          4     0.9337    0.4308    0.5896      4020
          5     1.0000    1.0000    1.0000       912
          6     0.9919    0.8270    0.9020       445
          7     1.0000    0.9987    0.9994       783

avg / total     0.8408    0.8589    0.8180     54924


             precision    recall  f1-score   support

          0     0.8552    0.9954    0.9200     43023
          1     0.5238    0.0499    0.0911      1543
          2     0.5208    0.1151    0.1885      2607
          3     0.7905    0.1043    0.1843      1591
          4     0.9363    0.4313    0.5906      4020
          5     1.0000    1.0000    1.0000       912
          6     0.9919    0.8270    0.9020       445
          7     1.0000    0.9987    0.9994       783

avg / total     0.8397    0.8587    0.8189     54924


             precision    recall  f1-score   support

          0     0.8543    0.9969    0.9201     43023
          1     0.4937    0.0506    0.0917      1543
          2     0.5692    0.0963    0.1647      2607
          3     0.7708    0.1163    0.2021      1591
          4     0.9488    0.4284    0.5902      4020
          5     1.0000    1.0000    1.0000       912
          6     0.9919    0.8270    0.9020       445
          7     1.0000    0.9987    0.9994       783

avg / total     0.8407    0.8591    0.8183     54924


             precision    recall  f1-score   support

          0     0.8540    0.9970    0.9200     43023
          1     0.5294    0.0408    0.0758      1543
          2     0.5468    0.1009    0.1703      2607
          3     0.7917    0.1194    0.2075      1591
          4     0.9560    0.4274    0.5907      4020
          5     1.0000    1.0000    1.0000       912
          6     0.9918    0.8202    0.8979       445
          7     1.0000    0.9987    0.9994       783

avg / total     0.8416    0.8591    0.8182     54924


             precision    recall  f1-score   support

          0     0.8541    0.9972    0.9201     43023
          1     0.6148    0.0486    0.0901      1543
          2     0.5754    0.1024    0.1739      2607
          3     0.8071    0.0999    0.1779      1591
          4     0.9341    0.4303    0.5892      4020
          5     1.0000    1.0000    1.0000       912
          6     0.9918    0.8202    0.8979       445
          7     1.0000    0.9987    0.9994       783

avg / total     0.8443    0.8592    0.8179     54924


             precision    recall  f1-score   support

          0     0.8553    0.9957    0.9202     43023
          1     0.5414    0.0467    0.0859      1543
          2     0.5307    0.1193    0.1948      2607
          3     0.7955    0.1100    0.1933      1591
          4     0.9471    0.4321    0.5934      4020
          5     1.0000    1.0000    1.0000       912
          6     0.9919    0.8292    0.9033       445
          7     1.0000    0.9987    0.9994       783

avg / total     0.8417    0.8593    0.8197     54924


             precision    recall  f1-score   support

          0     0.8546    0.9969    0.9203     43023
          1     0.6566    0.0421    0.0792      1543
          2     0.5608    0.1132    0.1883      2607
          3     0.7755    0.1194    0.2070      1591
          4     0.9551    0.4286    0.5917      4020
          5     1.0000    1.0000    1.0000       912
          6     0.9919    0.8247    0.9006       445
          7     1.0000    0.9987    0.9994       783

avg / total     0.8458    0.8598    0.8195     54924


             precision    recall  f1-score   support

          0     0.8549    0.9961    0.9201     43023
          1     0.5425    0.0538    0.0979      1543
          2     0.5498    0.1059    0.1775      2607
          3     0.7510    0.1194    0.2061      1591
          4     0.9469    0.4301    0.5915      4020
          5     1.0000    1.0000    1.0000       912
          6     0.9919    0.8247    0.9006       445
          7     1.0000    0.9987    0.9994       783

avg / total     0.8410    0.8593    0.8194     54924


             precision    recall  f1-score   support

          0     0.8558    0.9957    0.9204     43023
          1     0.4922    0.0616    0.1094      1543
          2     0.5376    0.1070    0.1785      2607
          3     0.7188    0.1414    0.2363      1591
          4     0.9612    0.4254    0.5898      4020
          5     1.0000    1.0000    1.0000       912
          6     0.9919    0.8247    0.9006       445
          7     1.0000    0.9987    0.9994       783

avg / total     0.8398    0.8595    0.8207     54924


             precision    recall  f1-score   support

          0     0.8547    0.9972    0.9205     43023
          1     0.5576    0.0596    0.1077      1543
          2     0.5756    0.0993    0.1694      2607
          3     0.7739    0.1270    0.2181      1591
          4     0.9602    0.4266    0.5908      4020
          5     1.0000    1.0000    1.0000       912
          6     0.9920    0.8315    0.9046       445
          7     1.0000    0.9987    0.9994       783

avg / total     0.8441    0.8600    0.8198     54924


             precision    recall  f1-score   support

          0     0.8560    0.9955    0.9205     43023
          1     0.5390    0.0538    0.0978      1543
          2     0.5342    0.1258    0.2037      2607
          3     0.7869    0.1207    0.2093      1591
          4     0.9536    0.4296    0.5924      4020
          5     1.0000    1.0000    1.0000       912
          6     0.9920    0.8337    0.9060       445
          7     1.0000    0.9987    0.9994       783

avg / total     0.8425    0.8598    0.8211     54924


             precision    recall  f1-score   support

          0     0.8544    0.9975    0.9204     43023
          1     0.5724    0.0564    0.1027      1543
          2     0.5945    0.0990    0.1697      2607
          3     0.7710    0.1270    0.2180      1591
          4     0.9617    0.4244    0.5889      4020
          5     0.9978    1.0000    0.9989       912
          6     0.9920    0.8360    0.9073       445
          7     1.0000    0.9962    0.9981       783

avg / total     0.8451    0.8600    0.8195     54924


             precision    recall  f1-score   support

          0     0.8547    0.9966    0.9202     43023
          1     0.5191    0.0616    0.1101      1543
          2     0.5658    0.1040    0.1756      2607
          3     0.7773    0.1251    0.2155      1591
          4     0.9611    0.4239    0.5883      4020
          5     1.0000    1.0000    1.0000       912
          6     0.9919    0.8292    0.9033       445
          7     1.0000    0.9987    0.9994       783

avg / total     0.8427    0.8595    0.8197     54924


             precision    recall  f1-score   support

          0     0.8554    0.9962    0.9204     43023
          1     0.5491    0.0797    0.1392      1543
          2     0.5639    0.0982    0.1673      2607
          3     0.7179    0.1439    0.2398      1591
          4     0.9653    0.4226    0.5879      4020
          5     1.0000    1.0000    1.0000       912
          6     0.9919    0.8270    0.9020       445
          7     1.0000    0.9987    0.9994       783

avg / total     0.8426    0.8599    0.8210     54924


             precision    recall  f1-score   support

          0     0.8553    0.9964    0.9205     43023
          1     0.5269    0.0570    0.1029      1543
          2     0.5577    0.1132    0.1881      2607
          3     0.8107    0.1238    0.2148      1591
          4     0.9588    0.4284    0.5922      4020
          5     1.0000    1.0000    1.0000       912
          6     0.9920    0.8315    0.9046       445
          7     1.0000    0.9987    0.9994       783

avg / total     0.8438    0.8600    0.8206     54924


             precision    recall  f1-score   support

          0     0.8565    0.9948    0.9205     43023
          1     0.5440    0.0881    0.1517      1543
          2     0.5473    0.1155    0.1907      2607
          3     0.8069    0.1182    0.2061      1591
          4     0.9438    0.4348    0.5954      4020
          5     1.0000    1.0000    1.0000       912
          6     0.9920    0.8382    0.9086       445
          7     1.0000    0.9987    0.9994       783

avg / total     0.8435    0.8601    0.8221     54924

loss:0.593895722218,0.450778198044,0.442209193135,0.438545101094,0.435832660194,0.434064657918,0.432537650988,0.431422675807,0.430126669892,0.429455012999,0.428554329987,0.427662947269,0.426276607912,0.425972100219,0.424951760939,0.42411761588,0.42321155078,0.422609791576,0.422088299037,0.421003731464,0.420650073416,0.420136739351,0.419415638092,0.418766287086,0.418001351565,0.416844587971,0.416655274433,0.416399150735,0.415708998263,0.414433174221,0.414184970843,0.413446805648,0.412998317571,0.412468458911,0.411546672384,0.411278047569,0.410585223469,0.409904426826,0.409088268043,0.408911369395,0.407973246542,0.407135186289,0.406714684967,0.405743025673,0.405460803143,0.404849592412,0.404298028289,0.403744128667,0.402724748318,0.402645140826
acc:0.825229402306,0.85385007335,0.85493032902,0.855476525213,0.855798173331,0.856107683944,0.85622906263,0.85645967794,0.856939116531,0.856951254137,0.857121181869,0.857236489993,0.857527794022,0.857825167927,0.857752340829,0.857964749897,0.858110403586,0.858535222589,0.858328881189,0.858935767466,0.858826527446,0.859063212406,0.859142106468,0.859305966457,0.859293829109,0.859548718835,0.859688302281,0.859846092126,0.859894644568,0.86014346788,0.860331601412,0.860325531548,0.860471184774,0.860283049781,0.860525803566,0.861108412003,0.86119944633,0.86079890227,0.861175170048,0.861144826141,0.861417924914,0.861709230197,0.861933776092,0.861642470165,0.861976257828,0.86217046052,0.862176530473,0.862261494531,0.862103703616,0.862625624625
val_acc:0.852669142803,0.853725147021,0.854708323488,0.854926806134,0.855327360286,0.855673293168,0.855818948064,0.856055640231,0.855655085471,0.856255916699,0.856583641884,0.856456194686,0.856474399041,0.856620056975,0.856820331924,0.856692884119,0.857148056805,0.856838536583,0.857111643233,0.856601846239,0.857785302516,0.857912749106,0.858167647755,0.857712473246,0.857821714569,0.857985578985,0.858240475203,0.858222269025,0.858276890294,0.858823098733,0.858804891644,0.858349717742,0.859059790597,0.859387514566,0.858859513521,0.858713857106,0.85913261926,0.859114410954,0.859205444884,0.859332896032,0.859788069934,0.859260066153,0.859478550623,0.859988344882,0.859788069934,0.859988346402,0.859533169461,0.859860898597,0.860024758454,0.860097587421
val_loss:0.456258083324,0.443243877179,0.441624387844,0.437019616661,0.436792714251,0.434483564779,0.434707830413,0.433005404259,0.435454613671,0.432132589933,0.431160023288,0.432351783225,0.431512264618,0.430283879819,0.429657226863,0.427495453966,0.427556610851,0.427759505045,0.425900332369,0.427956313286,0.430447839808,0.429918910966,0.425039981144,0.425128703157,0.424907816621,0.424603290874,0.423452684142,0.423490963292,0.421709245115,0.422472112575,0.421303774997,0.421486880444,0.420873133918,0.41940297583,0.420382266286,0.420636325528,0.418910297091,0.419151817404,0.420096460265,0.417330144195,0.418025349014,0.419162778297,0.417003069439,0.415839218545,0.415560916082,0.414672776157,0.414883506119,0.414502647526,0.414639706306,0.41389279454
lr:0.00143745,0.00143745,0.00143745,0.00143745,0.00143745,0.00143745,0.00143745,0.00143745,0.00143745,0.00143745,0.00143745,0.00143745,0.00143745,0.00143745,0.00143745,0.00143745,0.00143745,0.00143745,0.00143745,0.00143745,0.00143745,0.00143745,0.00143745,0.00143745,0.00143745,0.00143745,0.00143745,0.00143745,0.00143745,0.00143745,0.00143745,0.00143745,0.00143745,0.00143745,0.00143745,0.00143745,0.00143745,0.00143745,0.00143745,0.00143745,0.00143745,0.00143745,0.00143745,0.00143745,0.00143745,0.00143745,0.00143745,0.00143745,0.00143745,0.00143745
