
             precision    recall  f1-score   support

          0     0.8493    0.9981    0.9177     43023
          1     0.7143    0.0032    0.0065      1543
          2     0.5592    0.0526    0.0961      2607
          3     0.4857    0.0427    0.0786      1591
          4     0.8624    0.4271    0.5713      4020
          5     0.9733    1.0000    0.9865       912
          6     0.9966    0.6607    0.7946       445
          7     0.9947    0.9540    0.9739       783

avg / total     0.8275    0.8525    0.8044     54924


             precision    recall  f1-score   support

          0     0.8500    0.9982    0.9182     43023
          1     1.0000    0.0006    0.0013      1543
          2     0.5569    0.0545    0.0992      2607
          3     0.5682    0.0943    0.1617      1591
          4     0.9050    0.4169    0.5708      4020
          5     0.9870    1.0000    0.9935       912
          6     0.9941    0.7573    0.8597       445
          7     0.9974    0.9732    0.9851       783

avg / total     0.8417    0.8544    0.8079     54924


             precision    recall  f1-score   support

          0     0.8511    0.9967    0.9182     43023
          1     0.2667    0.0052    0.0102      1543
          2     0.4709    0.0683    0.1193      2607
          3     0.8068    0.0446    0.0846      1591
          4     0.8737    0.4388    0.5842      4020
          5     0.9956    1.0000    0.9978       912
          6     0.9941    0.7596    0.8611       445
          7     0.9987    0.9834    0.9910       783

avg / total     0.8227    0.8543    0.8081     54924


             precision    recall  f1-score   support

          0     0.8496    0.9988    0.9182     43023
          1     0.3000    0.0039    0.0077      1543
          2     0.5591    0.0545    0.0993      2607
          3     0.5836    0.0987    0.1688      1591
          4     0.9309    0.4087    0.5680      4020
          5     0.9956    1.0000    0.9978       912
          6     0.9943    0.7843    0.8769       445
          7     0.9987    0.9834    0.9910       783

avg / total     0.8243    0.8548    0.8084     54924


             precision    recall  f1-score   support

          0     0.8506    0.9980    0.9184     43023
          1     0.3636    0.0052    0.0102      1543
          2     0.5586    0.0549    0.0999      2607
          3     0.6812    0.0886    0.1568      1591
          4     0.8993    0.4266    0.5787      4020
          5     0.9967    1.0000    0.9984       912
          6     0.9945    0.8090    0.8922       445
          7     0.9974    0.9885    0.9929       783

avg / total     0.8274    0.8556    0.8093     54924


             precision    recall  f1-score   support

          0     0.8500    0.9990    0.9185     43023
          1     1.0000    0.0006    0.0013      1543
          2     0.5455    0.0575    0.1041      2607
          3     0.6667    0.0855    0.1515      1591
          4     0.9235    0.4201    0.5775      4020
          5     0.9967    1.0000    0.9984       912
          6     0.9944    0.8045    0.8894       445
          7     1.0000    0.9885    0.9942       783

avg / total     0.8455    0.8557    0.8090     54924


             precision    recall  f1-score   support

          0     0.8505    0.9986    0.9186     43023
          1     1.0000    0.0013    0.0026      1543
          2     0.5585    0.0568    0.1031      2607
          3     0.7301    0.0748    0.1357      1591
          4     0.9012    0.4311    0.5832      4020
          5     0.9967    1.0000    0.9984       912
          6     0.9945    0.8112    0.8936       445
          7     1.0000    0.9885    0.9942       783

avg / total     0.8467    0.8560    0.8091     54924


             precision    recall  f1-score   support

          0     0.8506    0.9986    0.9187     43023
          1     1.0000    0.0013    0.0026      1543
          2     0.5446    0.0633    0.1134      2607
          3     0.6954    0.0761    0.1371      1591
          4     0.9100    0.4251    0.5795      4020
          5     0.9967    1.0000    0.9984       912
          6     0.9945    0.8157    0.8963       445
          7     1.0000    0.9885    0.9942       783

avg / total     0.8458    0.8559    0.8095     54924


             precision    recall  f1-score   support

          0     0.8515    0.9977    0.9189     43023
          1     0.0000    0.0000    0.0000      1543
          2     0.5073    0.0802    0.1385      2607
          3     0.6712    0.0937    0.1644      1591
          4     0.9278    0.4219    0.5800      4020
          5     0.9967    1.0000    0.9984       912
          6     0.9945    0.8135    0.8949       445
          7     1.0000    0.9885    0.9942       783

avg / total     0.8173    0.8562    0.8115     54924


             precision    recall  f1-score   support

          0     0.8524    0.9961    0.9186     43023
          1     0.4167    0.0032    0.0064      1543
          2     0.4748    0.0905    0.1521      2607
          3     0.6434    0.0987    0.1711      1591
          4     0.9233    0.4221    0.5794      4020
          5     1.0000    1.0000    1.0000       912
          6     0.9945    0.8180    0.8977       445
          7     1.0000    0.9962    0.9981       783

avg / total     0.8271    0.8558    0.8125     54924


             precision    recall  f1-score   support

          0     0.8513    0.9982    0.9189     43023
          1     0.3947    0.0097    0.0190      1543
          2     0.5165    0.0783    0.1359      2607
          3     0.6431    0.1031    0.1777      1591
          4     0.9522    0.4112    0.5744      4020
          5     0.9989    1.0000    0.9995       912
          6     0.9945    0.8135    0.8949       445
          7     1.0000    0.9936    0.9968       783

avg / total     0.8297    0.8563    0.8120     54924


             precision    recall  f1-score   support

          0     0.8526    0.9966    0.9190     43023
          1     0.4696    0.0350    0.0651      1543
          2     0.5203    0.0736    0.1290      2607
          3     0.6776    0.1043    0.1808      1591
          4     0.9242    0.4244    0.5817      4020
          5     1.0000    1.0000    1.0000       912
          6     0.9945    0.8180    0.8977       445
          7     1.0000    0.9987    0.9994       783

avg / total     0.8320    0.8567    0.8138     54924


             precision    recall  f1-score   support

          0     0.8511    0.9985    0.9189     43023
          1     0.4000    0.0052    0.0102      1543
          2     0.5198    0.0756    0.1319      2607
          3     0.6710    0.0974    0.1701      1591
          4     0.9471    0.4144    0.5766      4020
          5     1.0000    1.0000    1.0000       912
          6     0.9945    0.8157    0.8963       445
          7     1.0000    0.9987    0.9994       783

avg / total     0.8303    0.8565    0.8116     54924


             precision    recall  f1-score   support

          0     0.8530    0.9957    0.9188     43023
          1     0.5333    0.0311    0.0588      1543
          2     0.4777    0.0863    0.1462      2607
          3     0.7352    0.1012    0.1779      1591
          4     0.9227    0.4276    0.5844      4020
          5     1.0000    1.0000    1.0000       912
          6     0.9946    0.8202    0.8990       445
          7     1.0000    0.9987    0.9994       783

avg / total     0.8336    0.8566    0.8144     54924


             precision    recall  f1-score   support

          0     0.8523    0.9975    0.9192     43023
          1     0.4750    0.0246    0.0468      1543
          2     0.5184    0.0702    0.1236      2607
          3     0.6880    0.1150    0.1971      1591
          4     0.9412    0.4221    0.5829      4020
          5     1.0000    1.0000    1.0000       912
          6     0.9947    0.8382    0.9098       445
          7     1.0000    0.9987    0.9994       783

avg / total     0.8333    0.8572    0.8138     54924


             precision    recall  f1-score   support

          0     0.8529    0.9971    0.9194     43023
          1     0.5385    0.0136    0.0265      1543
          2     0.4901    0.0947    0.1588      2607
          3     0.7154    0.1138    0.1963      1591
          4     0.9513    0.4182    0.5810      4020
          5     1.0000    1.0000    1.0000       912
          6     0.9946    0.8270    0.9031       445
          7     1.0000    0.9987    0.9994       783

avg / total     0.8358    0.8574    0.8149     54924


             precision    recall  f1-score   support

          0     0.8526    0.9977    0.9195     43023
          1     0.5789    0.0071    0.0141      1543
          2     0.5208    0.0913    0.1554      2607
          3     0.7479    0.1100    0.1918      1591
          4     0.9381    0.4224    0.5825      4020
          5     1.0000    1.0000    1.0000       912
          6     0.9946    0.8225    0.9004       445
          7     1.0000    0.9987    0.9994       783

avg / total     0.8381    0.8576    0.8143     54924


             precision    recall  f1-score   support

          0     0.8527    0.9980    0.9197     43023
          1     0.4894    0.0149    0.0289      1543
          2     0.5365    0.0875    0.1504      2607
          3     0.7391    0.1069    0.1867      1591
          4     0.9445    0.4231    0.5844      4020
          5     1.0000    1.0000    1.0000       912
          6     0.9919    0.8247    0.9006       445
          7     1.0000    0.9987    0.9994       783

avg / total     0.8366    0.8579    0.8147     54924


             precision    recall  f1-score   support

          0     0.8530    0.9974    0.9196     43023
          1     0.4976    0.0661    0.1167      1543
          2     0.5305    0.0568    0.1026      2607
          3     0.7295    0.1119    0.1940      1591
          4     0.9392    0.4269    0.5870      4020
          5     1.0000    1.0000    1.0000       912
          6     0.9946    0.8270    0.9031       445
          7     1.0000    0.9987    0.9994       783

avg / total     0.8361    0.8578    0.8152     54924


             precision    recall  f1-score   support

          0     0.8525    0.9981    0.9195     43023
          1     0.5248    0.0343    0.0645      1543
          2     0.5572    0.0729    0.1289      2607
          3     0.7396    0.1232    0.2112      1591
          4     0.9505    0.4206    0.5832      4020
          5     1.0000    1.0000    1.0000       912
          6     0.9946    0.8292    0.9044       445
          7     1.0000    0.9987    0.9994       783

avg / total     0.8389    0.8582    0.8152     54924


             precision    recall  f1-score   support

          0     0.8531    0.9968    0.9194     43023
          1     0.4483    0.0169    0.0325      1543
          2     0.5091    0.0963    0.1619      2607
          3     0.7289    0.1251    0.2135      1591
          4     0.9524    0.4182    0.5812      4020
          5     1.0000    1.0000    1.0000       912
          6     0.9946    0.8337    0.9071       445
          7     1.0000    0.9987    0.9994       783

avg / total     0.8348    0.8577    0.8157     54924


             precision    recall  f1-score   support

          0     0.8534    0.9971    0.9197     43023
          1     0.4848    0.0311    0.0585      1543
          2     0.5229    0.0921    0.1566      2607
          3     0.8000    0.0955    0.1707      1591
          4     0.9344    0.4286    0.5877      4020
          5     0.9989    1.0000    0.9995       912
          6     0.9946    0.8270    0.9031       445
          7     1.0000    0.9974    0.9987       783

avg / total     0.8374    0.8580    0.8156     54924


             precision    recall  f1-score   support

          0     0.8540    0.9956    0.9194     43023
          1     0.4276    0.0421    0.0767      1543
          2     0.5029    0.0997    0.1665      2607
          3     0.7057    0.1251    0.2125      1591
          4     0.9594    0.4177    0.5820      4020
          5     0.9989    1.0000    0.9995       912
          6     0.9946    0.8337    0.9071       445
          7     1.0000    0.9974    0.9987       783

avg / total     0.8344    0.8576    0.8172     54924


             precision    recall  f1-score   support

          0     0.8540    0.9966    0.9198     43023
          1     0.4643    0.0421    0.0772      1543
          2     0.5396    0.0967    0.1640      2607
          3     0.7692    0.1069    0.1876      1591
          4     0.9423    0.4264    0.5871      4020
          5     1.0000    1.0000    1.0000       912
          6     0.9946    0.8315    0.9058       445
          7     1.0000    0.9987    0.9994       783

avg / total     0.8377    0.8583    0.8170     54924


             precision    recall  f1-score   support

          0     0.8543    0.9967    0.9200     43023
          1     0.4916    0.0570    0.1022      1543
          2     0.5599    0.0932    0.1598      2607
          3     0.7814    0.1056    0.1860      1591
          4     0.9395    0.4289    0.5889      4020
          5     0.9989    1.0000    0.9995       912
          6     0.9919    0.8247    0.9006       445
          7     1.0000    0.9974    0.9987       783

avg / total     0.8399    0.8588    0.8178     54924


             precision    recall  f1-score   support

          0     0.8536    0.9960    0.9193     43023
          1     0.4969    0.0525    0.0950      1543
          2     0.5021    0.0901    0.1528      2607
          3     0.7435    0.1075    0.1878      1591
          4     0.9458    0.4211    0.5828      4020
          5     1.0000    1.0000    1.0000       912
          6     0.9920    0.8360    0.9073       445
          7     1.0000    0.9987    0.9994       783

avg / total     0.8361    0.8575    0.8163     54924


             precision    recall  f1-score   support

          0     0.8543    0.9970    0.9202     43023
          1     0.5541    0.0564    0.1024      1543
          2     0.5780    0.1009    0.1718      2607
          3     0.7341    0.1232    0.2110      1591
          4     0.9598    0.4216    0.5859      4020
          5     0.9989    1.0000    0.9995       912
          6     0.9947    0.8404    0.9111       445
          7     0.9987    0.9974    0.9981       783

avg / total     0.8426    0.8594    0.8190     54924


             precision    recall  f1-score   support

          0     0.8542    0.9970    0.9201     43023
          1     0.5488    0.0875    0.1509      1543
          2     0.6122    0.0848    0.1489      2607
          3     0.7321    0.1219    0.2091      1591
          4     0.9539    0.4219    0.5850      4020
          5     0.9989    1.0000    0.9995       912
          6     0.9946    0.8247    0.9017       445
          7     1.0000    0.9974    0.9987       783

avg / total     0.8435    0.8593    0.8190     54924


             precision    recall  f1-score   support

          0     0.8537    0.9974    0.9199     43023
          1     0.6087    0.0363    0.0685      1543
          2     0.5751    0.1028    0.1744      2607
          3     0.7773    0.1075    0.1888      1591
          4     0.9454    0.4266    0.5879      4020
          5     0.9989    1.0000    0.9995       912
          6     0.9920    0.8337    0.9060       445
          7     1.0000    0.9974    0.9987       783

avg / total     0.8437    0.8591    0.8175     54924


             precision    recall  f1-score   support

          0     0.8550    0.9957    0.9200     43023
          1     0.5739    0.0428    0.0796      1543
          2     0.5451    0.1112    0.1848      2607
          3     0.7920    0.1125    0.1970      1591
          4     0.9307    0.4341    0.5920      4020
          5     1.0000    1.0000    1.0000       912
          6     0.9921    0.8427    0.9113       445
          7     0.9987    0.9987    0.9987       783

avg / total     0.8416    0.8591    0.8189     54924


             precision    recall  f1-score   support

          0     0.8541    0.9964    0.9198     43023
          1     0.5509    0.0596    0.1076      1543
          2     0.5579    0.1016    0.1720      2607
          3     0.7835    0.1138    0.1987      1591
          4     0.9510    0.4246    0.5871      4020
          5     1.0000    1.0000    1.0000       912
          6     0.9947    0.8360    0.9084       445
          7     0.9987    0.9987    0.9987       783

avg / total     0.8422    0.8590    0.8186     54924


             precision    recall  f1-score   support

          0     0.8545    0.9965    0.9201     43023
          1     0.5440    0.0642    0.1148      1543
          2     0.5886    0.1032    0.1756      2607
          3     0.7246    0.1257    0.2142      1591
          4     0.9581    0.4211    0.5851      4020
          5     1.0000    1.0000    1.0000       912
          6     0.9920    0.8382    0.9086       445
          7     0.9987    0.9987    0.9987       783

avg / total     0.8426    0.8594    0.8195     54924


             precision    recall  f1-score   support

          0     0.8548    0.9963    0.9202     43023
          1     0.5828    0.0570    0.1039      1543
          2     0.5692    0.1120    0.1872      2607
          3     0.7749    0.1125    0.1965      1591
          4     0.9466    0.4274    0.5889      4020
          5     1.0000    1.0000    1.0000       912
          6     0.9920    0.8382    0.9086       445
          7     0.9987    0.9987    0.9987       783

avg / total     0.8436    0.8595    0.8196     54924


             precision    recall  f1-score   support

          0     0.8550    0.9955    0.9199     43023
          1     0.5414    0.0635    0.1137      1543
          2     0.5825    0.1097    0.1846      2607
          3     0.7677    0.1226    0.2114      1591
          4     0.9362    0.4274    0.5868      4020
          5     0.9989    1.0000    0.9995       912
          6     0.9920    0.8360    0.9073       445
          7     0.9987    0.9974    0.9981       783

avg / total     0.8422    0.8592    0.8198     54924


             precision    recall  f1-score   support

          0     0.8547    0.9964    0.9201     43023
          1     0.5949    0.0609    0.1105      1543
          2     0.5743    0.1097    0.1842      2607
          3     0.7464    0.1295    0.2207      1591
          4     0.9621    0.4229    0.5875      4020
          5     1.0000    1.0000    1.0000       912
          6     0.9921    0.8427    0.9113       445
          7     0.9987    0.9987    0.9987       783

avg / total     0.8444    0.8598    0.8202     54924


             precision    recall  f1-score   support

          0     0.8553    0.9961    0.9203     43023
          1     0.5838    0.0745    0.1322      1543
          2     0.5866    0.1105    0.1859      2607
          3     0.7245    0.1339    0.2260      1591
          4     0.9598    0.4219    0.5861      4020
          5     1.0000    1.0000    1.0000       912
          6     0.9920    0.8360    0.9073       445
          7     0.9987    0.9987    0.9987       783

avg / total     0.8443    0.8600    0.8211     54924


             precision    recall  f1-score   support

          0     0.8547    0.9957    0.9198     43023
          1     0.5603    0.0512    0.0938      1543
          2     0.5684    0.1147    0.1909      2607
          3     0.7617    0.1226    0.2112      1591
          4     0.9498    0.4284    0.5904      4020
          5     0.9967    1.0000    0.9984       912
          6     0.9920    0.8337    0.9060       445
          7     0.9987    0.9936    0.9962       783

avg / total     0.8426    0.8592    0.8196     54924


             precision    recall  f1-score   support

          0     0.8559    0.9956    0.9205     43023
          1     0.5756    0.0765    0.1350      1543
          2     0.5783    0.1204    0.1994      2607
          3     0.7458    0.1383    0.2333      1591
          4     0.9655    0.4244    0.5896      4020
          5     1.0000    1.0000    1.0000       912
          6     0.9920    0.8382    0.9086       445
          7     0.9987    0.9987    0.9987       783

avg / total     0.8452    0.8604    0.8224     54924


             precision    recall  f1-score   support

          0     0.8565    0.9938    0.9200     43023
          1     0.5544    0.0693    0.1233      1543
          2     0.5409    0.1293    0.2087      2607
          3     0.7689    0.1276    0.2189      1591
          4     0.9396    0.4331    0.5929      4020
          5     1.0000    1.0000    1.0000       912
          6     0.9920    0.8360    0.9073       445
          7     0.9987    0.9987    0.9987       783

avg / total     0.8420    0.8595    0.8220     54924


             precision    recall  f1-score   support

          0     0.8565    0.9944    0.9203     43023
          1     0.5733    0.0862    0.1499      1543
          2     0.5624    0.1262    0.2061      2607
          3     0.8153    0.1138    0.1997      1591
          4     0.9390    0.4368    0.5963      4020
          5     1.0000    1.0000    1.0000       912
          6     0.9920    0.8337    0.9060       445
          7     0.9987    0.9987    0.9987       783

avg / total     0.8450    0.8602    0.8225     54924


             precision    recall  f1-score   support

          0     0.8553    0.9962    0.9204     43023
          1     0.6122    0.0583    0.1065      1543
          2     0.5911    0.1170    0.1953      2607
          3     0.7279    0.1395    0.2342      1591
          4     0.9600    0.4239    0.5881      4020
          5     1.0000    1.0000    1.0000       912
          6     0.9920    0.8404    0.9100       445
          7     0.9987    0.9974    0.9981       783

avg / total     0.8455    0.8602    0.8213     54924


             precision    recall  f1-score   support

          0     0.8554    0.9960    0.9204     43023
          1     0.6667    0.0609    0.1116      1543
          2     0.5976    0.1139    0.1914      2607
          3     0.7590    0.1326    0.2258      1591
          4     0.9462    0.4331    0.5942      4020
          5     0.9989    1.0000    0.9995       912
          6     0.9920    0.8382    0.9086       445
          7     0.9987    0.9974    0.9981       783

avg / total     0.8472    0.8605    0.8214     54924


             precision    recall  f1-score   support

          0     0.8561    0.9947    0.9202     43023
          1     0.6209    0.0732    0.1310      1543
          2     0.5812    0.1208    0.2001      2607
          3     0.7305    0.1295    0.2200      1591
          4     0.9370    0.4328    0.5921      4020
          5     1.0000    1.0000    1.0000       912
          6     0.9920    0.8382    0.9086       445
          7     0.9987    0.9974    0.9981       783

avg / total     0.8442    0.8600    0.8219     54924


             precision    recall  f1-score   support

          0     0.8563    0.9945    0.9202     43023
          1     0.6154    0.0778    0.1381      1543
          2     0.5424    0.1227    0.2002      2607
          3     0.7715    0.1295    0.2217      1591
          4     0.9455    0.4316    0.5927      4020
          5     1.0000    1.0000    1.0000       912
          6     0.9920    0.8360    0.9073       445
          7     0.9987    0.9987    0.9987       783

avg / total     0.8442    0.8600    0.8222     54924


             precision    recall  f1-score   support

          0     0.8557    0.9960    0.9205     43023
          1     0.5556    0.0907    0.1560      1543
          2     0.6046    0.1109    0.1874      2607
          3     0.7610    0.1301    0.2222      1591
          4     0.9601    0.4254    0.5896      4020
          5     1.0000    1.0000    1.0000       912
          6     0.9920    0.8337    0.9060       445
          7     0.9987    0.9962    0.9974       783

avg / total     0.8458    0.8604    0.8221     54924


             precision    recall  f1-score   support

          0     0.8558    0.9964    0.9208     43023
          1     0.5701    0.0817    0.1429      1543
          2     0.6266    0.1101    0.1873      2607
          3     0.7247    0.1439    0.2402      1591
          4     0.9622    0.4246    0.5892      4020
          5     1.0000    1.0000    1.0000       912
          6     0.9920    0.8315    0.9046       445
          7     0.9987    0.9987    0.9987       783

avg / total     0.8464    0.8608    0.8224     54924


             precision    recall  f1-score   support

          0     0.8563    0.9956    0.9207     43023
          1     0.5849    0.0804    0.1413      1543
          2     0.6015    0.1204    0.2007      2607
          3     0.7307    0.1483    0.2466      1591
          4     0.9628    0.4244    0.5891      4020
          5     1.0000    1.0000    1.0000       912
          6     0.9920    0.8404    0.9100       445
          7     0.9987    0.9987    0.9987       783

avg / total     0.8462    0.8609    0.8232     54924


             precision    recall  f1-score   support

          0     0.8563    0.9949    0.9204     43023
          1     0.6022    0.0706    0.1265      1543
          2     0.5809    0.1281    0.2099      2607
          3     0.7863    0.1295    0.2223      1591
          4     0.9417    0.4341    0.5942      4020
          5     1.0000    1.0000    1.0000       912
          6     0.9920    0.8360    0.9073       445
          7     1.0000    0.9962    0.9981       783

avg / total     0.8459    0.8605    0.8226     54924


             precision    recall  f1-score   support

          0     0.8570    0.9959    0.9213     43023
          1     0.6376    0.0901    0.1579      1543
          2     0.6216    0.1235    0.2061      2607
          3     0.7681    0.1332    0.2271      1591
          4     0.9486    0.4358    0.5972      4020
          5     1.0000    1.0000    1.0000       912
          6     0.9921    0.8427    0.9113       445
          7     0.9987    0.9936    0.9962       783

avg / total     0.8493    0.8619    0.8243     54924


             precision    recall  f1-score   support

          0     0.8586    0.9932    0.9210     43023
          1     0.5430    0.1024    0.1723      1543
          2     0.5572    0.1327    0.2144      2607
          3     0.7222    0.1389    0.2330      1591
          4     0.9438    0.4386    0.5988      4020
          5     1.0000    1.0000    1.0000       912
          6     0.9921    0.8449    0.9126       445
          7     0.9987    0.9974    0.9981       783

avg / total     0.8431    0.8609    0.8253     54924

loss:0.606552030787,0.450451221063,0.441911724868,0.438068383297,0.435099372054,0.432856061356,0.431269026004,0.430314091385,0.42893829906,0.428355963159,0.426346257702,0.425850550521,0.425080019912,0.423553955332,0.422582221588,0.42256487286,0.421122137799,0.420472902151,0.419654267809,0.418072582671,0.417783925934,0.416594222185,0.415796925357,0.415040910245,0.414353161499,0.413860823768,0.412315459912,0.411609697158,0.410819721295,0.41017138123,0.409156766333,0.408175514642,0.407693460531,0.406697500815,0.405329122737,0.405475646498,0.404471069549,0.403874789544,0.402559354617,0.401828863379,0.400791587971,0.400482157086,0.399385250877,0.398952423462,0.397860709669,0.397004290248,0.39650041536,0.395643473942,0.395241412396,0.394319385029
acc:0.823093169709,0.854177792353,0.855075980696,0.855567557178,0.85584065546,0.856016649306,0.856490022661,0.856599263312,0.856738844577,0.857078697792,0.857394279557,0.857394279734,0.857624896456,0.857746272178,0.857885859043,0.858389570693,0.858468463472,0.858595911887,0.858735495155,0.859142106967,0.859117830903,0.859500168371,0.859979608076,0.859621545146,0.86016774215,0.860003884096,0.860052434703,0.860392287688,0.860683593172,0.860707869797,0.861247998662,0.860974898226,0.861563575135,0.861502888604,0.862024807753,0.861879154909,0.861854879663,0.862237217415,0.862552798555,0.862219008536,0.862734863631,0.862649897372,0.863050442241,0.862892652987,0.863032237751,0.863347816295,0.863196096889,0.863572365774,0.863596640808,0.863681601662
val_acc:0.852468863139,0.854398800852,0.854307766692,0.85481756393,0.855564049714,0.855709706797,0.85596460186,0.85590998356,0.856219501755,0.855818948228,0.856328741442,0.856711086473,0.856492604299,0.856638260327,0.857239092363,0.857402956926,0.857639645199,0.857949166155,0.857839924723,0.858167648328,0.857694263499,0.857967375016,0.857566815968,0.858331509441,0.858750273209,0.857530403768,0.85940572318,0.859332896019,0.859059793475,0.859096202914,0.858950547211,0.859387515009,0.859514962541,0.859241863448,0.859769863816,0.859970140007,0.859223652633,0.860443520004,0.859533174162,0.860170414699,0.860243242551,0.860479936346,0.86004296636,0.859988350248,0.860425317472,0.860807662829,0.860862281584,0.860516350616,0.86188187141,0.860935113004
val_loss:0.462133963881,0.447044866735,0.44420871985,0.439906775183,0.436104253257,0.433811017382,0.432341870182,0.432868016542,0.432391945597,0.430652903181,0.43275531112,0.429465009574,0.430589470093,0.427894879688,0.426311261143,0.427767880976,0.425175971708,0.424567453936,0.424299206501,0.423429785258,0.422965871948,0.422544797403,0.421649543608,0.420405571739,0.421248342628,0.419962561349,0.418137845473,0.418836831467,0.418727687842,0.417181611328,0.415970375965,0.416529322982,0.415380488336,0.415336163577,0.415350836432,0.414034592303,0.413907768615,0.41150207827,0.413582254223,0.412190509703,0.410395225434,0.410176216677,0.410438953951,0.409092600862,0.407851246583,0.409928649254,0.407782141717,0.407441883622,0.406514725513,0.406793805685
lr:0.00371376,0.00371376,0.00371376,0.00371376,0.00371376,0.00371376,0.00371376,0.00371376,0.00371376,0.00371376,0.00371376,0.00371376,0.00371376,0.00371376,0.00371376,0.00371376,0.00371376,0.00371376,0.00371376,0.00371376,0.00371376,0.00371376,0.00371376,0.00371376,0.00371376,0.00371376,0.00371376,0.00371376,0.00371376,0.00371376,0.00371376,0.00371376,0.00371376,0.00371376,0.00371376,0.00371376,0.00371376,0.00371376,0.00371376,0.00371376,0.00371376,0.00371376,0.00371376,0.00371376,0.00371376,0.00371376,0.00371376,0.00371376,0.00371376,0.00371376
