
             precision    recall  f1-score   support

          0     0.8498    0.9985    0.9182     43023
          1     0.4107    0.0149    0.0288      1543
          2     0.5230    0.0479    0.0878      2607
          3     0.7225    0.0867    0.1549      1591
          4     0.9144    0.4254    0.5806      4020
          5     1.0000    1.0000    1.0000       912
          6     0.9970    0.7483    0.8549       445
          7     1.0000    0.9885    0.9942       783

avg / total     0.8288    0.8552    0.8089     54924


             precision    recall  f1-score   support

          0     0.8508    0.9985    0.9188     43023
          1     0.6429    0.0058    0.0116      1543
          2     0.5335    0.0671    0.1193      2607
          3     0.7152    0.0679    0.1240      1591
          4     0.9093    0.4266    0.5808      4020
          5     0.9956    1.0000    0.9978       912
          6     0.9945    0.8090    0.8922       445
          7     1.0000    0.9898    0.9949       783

avg / total     0.8360    0.8560    0.8097     54924


             precision    recall  f1-score   support

          0     0.8529    0.9966    0.9192     43023
          1     0.4545    0.0065    0.0128      1543
          2     0.4923    0.0986    0.1643      2607
          3     0.6357    0.1163    0.1966      1591
          4     0.9579    0.4184    0.5824      4020
          5     1.0000    0.9989    0.9995       912
          6     0.9946    0.8225    0.9004       445
          7     0.9987    0.9987    0.9987       783

avg / total     0.8317    0.8570    0.8146     54924


             precision    recall  f1-score   support

          0     0.8517    0.9988    0.9194     43023
          1     0.5612    0.0506    0.0927      1543
          2     0.6458    0.0476    0.0886      2607
          3     0.6780    0.1125    0.1930      1591
          4     0.9380    0.4211    0.5813      4020
          5     1.0000    1.0000    1.0000       912
          6     0.9947    0.8472    0.9150       445
          7     1.0000    0.9987    0.9994       783

avg / total     0.8408    0.8578    0.8134     54924


             precision    recall  f1-score   support

          0     0.8529    0.9977    0.9196     43023
          1     0.4157    0.0959    0.1559      1543
          2     0.6373    0.0249    0.0480      2607
          3     0.7535    0.1018    0.1794      1591
          4     0.9288    0.4284    0.5863      4020
          5     1.0000    1.0000    1.0000       912
          6     0.9947    0.8404    0.9111       445
          7     1.0000    1.0000    1.0000       783

avg / total     0.8387    0.8573    0.8134     54924


             precision    recall  f1-score   support

          0     0.8527    0.9968    0.9191     43023
          1     0.4335    0.0570    0.1008      1543
          2     0.5839    0.0694    0.1241      2607
          3     0.6912    0.1238    0.2100      1591
          4     0.9470    0.4134    0.5756      4020
          5     1.0000    0.9978    0.9989       912
          6     0.9947    0.8494    0.9164       445
          7     0.9974    0.9987    0.9981       783

avg / total     0.8360    0.8573    0.8152     54924


             precision    recall  f1-score   support

          0     0.8534    0.9957    0.9190     43023
          1     0.3951    0.1147    0.1778      1543
          2     0.5949    0.0445    0.0828      2607
          3     0.7654    0.1169    0.2028      1591
          4     0.9567    0.4177    0.5815      4020
          5     1.0000    1.0000    1.0000       912
          6     0.9643    0.8494    0.9032       445
          7     1.0000    1.0000    1.0000       783

avg / total     0.8387    0.8569    0.8154     54924


             precision    recall  f1-score   support

          0     0.8552    0.9946    0.9197     43023
          1     0.4865    0.0350    0.0653      1543
          2     0.4874    0.1185    0.1907      2607
          3     0.6865    0.1087    0.1877      1591
          4     0.9382    0.4266    0.5865      4020
          5     1.0000    1.0000    1.0000       912
          6     0.9947    0.8382    0.9098       445
          7     1.0000    0.9974    0.9987       783

avg / total     0.8342    0.8577    0.8179     54924


             precision    recall  f1-score   support

          0     0.8543    0.9971    0.9202     43023
          1     0.5187    0.0629    0.1121      1543
          2     0.5490    0.0859    0.1486      2607
          3     0.7376    0.1219    0.2093      1591
          4     0.9589    0.4236    0.5876      4020
          5     1.0000    1.0000    1.0000       912
          6     0.9947    0.8494    0.9164       445
          7     1.0000    1.0000    1.0000       783

avg / total     0.8403    0.8592    0.8184     54924


             precision    recall  f1-score   support

          0     0.8547    0.9948    0.9194     43023
          1     0.4615    0.0739    0.1274      1543
          2     0.5545    0.0917    0.1573      2607
          3     0.7410    0.1169    0.2020      1591
          4     0.9402    0.4299    0.5900      4020
          5     1.0000    1.0000    1.0000       912
          6     0.9948    0.8562    0.9203       445
          7     1.0000    1.0000    1.0000       783

avg / total     0.8380    0.8583    0.8186     54924


             precision    recall  f1-score   support

          0     0.8532    0.9978    0.9199     43023
          1     0.6296    0.0441    0.0824      1543
          2     0.5852    0.0790    0.1392      2607
          3     0.7621    0.1087    0.1903      1591
          4     0.9436    0.4328    0.5935      4020
          5     1.0000    1.0000    1.0000       912
          6     0.9921    0.8517    0.9166       445
          7     1.0000    1.0000    1.0000       783

avg / total     0.8438    0.8592    0.8167     54924


             precision    recall  f1-score   support

          0     0.8536    0.9971    0.9198     43023
          1     0.5190    0.0797    0.1382      1543
          2     0.5741    0.0713    0.1269      2607
          3     0.7292    0.1320    0.2235      1591
          4     0.9661    0.4184    0.5839      4020
          5     1.0000    1.0000    1.0000       912
          6     0.9974    0.8539    0.9201       445
          7     1.0000    1.0000    1.0000       783

avg / total     0.8412    0.8589    0.8179     54924


             precision    recall  f1-score   support

          0     0.8543    0.9963    0.9198     43023
          1     0.5163    0.0719    0.1263      1543
          2     0.5663    0.0852    0.1480      2607
          3     0.8122    0.1251    0.2168      1591
          4     0.9483    0.4291    0.5909      4020
          5     1.0000    1.0000    1.0000       912
          6     0.9948    0.8562    0.9203       445
          7     1.0000    1.0000    1.0000       783

avg / total     0.8424    0.8593    0.8190     54924


             precision    recall  f1-score   support

          0     0.8543    0.9960    0.9197     43023
          1     0.5620    0.0499    0.0917      1543
          2     0.5293    0.1005    0.1689      2607
          3     0.8225    0.1194    0.2086      1591
          4     0.9469    0.4301    0.5915      4020
          5     1.0000    1.0000    1.0000       912
          6     0.9947    0.8494    0.9164       445
          7     1.0000    1.0000    1.0000       783

avg / total     0.8421    0.8590    0.8186     54924


             precision    recall  f1-score   support

          0     0.8540    0.9969    0.9199     43023
          1     0.5802    0.0609    0.1103      1543
          2     0.5690    0.0886    0.1533      2607
          3     0.8889    0.0955    0.1725      1591
          4     0.9323    0.4388    0.5968      4020
          5     0.9989    1.0000    0.9995       912
          6     0.9948    0.8517    0.9177       445
          7     1.0000    0.9974    0.9987       783

avg / total     0.8452    0.8594    0.8179     54924


             precision    recall  f1-score   support

          0     0.8545    0.9973    0.9204     43023
          1     0.5208    0.0894    0.1527      1543
          2     0.6180    0.0763    0.1359      2607
          3     0.9140    0.1069    0.1913      1591
          4     0.9423    0.4386    0.5985      4020
          5     1.0000    1.0000    1.0000       912
          6     0.9947    0.8427    0.9124       445
          7     1.0000    0.9962    0.9981       783

avg / total     0.8477    0.8602    0.8193     54924


             precision    recall  f1-score   support

          0     0.8541    0.9972    0.9201     43023
          1     0.6574    0.0460    0.0860      1543
          2     0.6142    0.0898    0.1566      2607
          3     0.6938    0.1339    0.2244      1591
          4     0.9516    0.4303    0.5927      4020
          5     1.0000    0.9989    0.9995       912
          6     0.9921    0.8517    0.9166       445
          7     1.0000    1.0000    1.0000       783

avg / total     0.8453    0.8598    0.8187     54924


             precision    recall  f1-score   support

          0     0.8562    0.9950    0.9204     43023
          1     0.4932    0.0946    0.1588      1543
          2     0.5407    0.1020    0.1717      2607
          3     0.8636    0.0955    0.1720      1591
          4     0.9357    0.4383    0.5970      4020
          5     1.0000    1.0000    1.0000       912
          6     0.9922    0.8629    0.9231       445
          7     1.0000    0.9987    0.9994       783

avg / total     0.8426    0.8596    0.8206     54924


             precision    recall  f1-score   support

          0     0.8576    0.9910    0.9195     43023
          1     0.4797    0.0765    0.1319      1543
          2     0.4702    0.1423    0.2185      2607
          3     0.7984    0.1219    0.2116      1591
          4     0.9492    0.4368    0.5983      4020
          5     1.0000    0.9989    0.9995       912
          6     0.9896    0.8584    0.9194       445
          7     1.0000    0.9987    0.9994       783

avg / total     0.8390    0.8585    0.8225     54924


             precision    recall  f1-score   support

          0     0.8571    0.9923    0.9198     43023
          1     0.4124    0.0946    0.1539      1543
          2     0.5408    0.1093    0.1819      2607
          3     0.6801    0.1590    0.2578      1591
          4     0.9586    0.4259    0.5897      4020
          5     1.0000    1.0000    1.0000       912
          6     0.9948    0.8539    0.9190       445
          7     1.0000    0.9987    0.9994       783

avg / total     0.8374    0.8587    0.8224     54924


             precision    recall  f1-score   support

          0     0.8535    0.9977    0.9200     43023
          1     0.5862    0.0331    0.0626      1543
          2     0.5920    0.1024    0.1746      2607
          3     0.8313    0.1301    0.2250      1591
          4     0.9624    0.4266    0.5912      4020
          5     1.0000    0.9989    0.9995       912
          6     0.9946    0.8315    0.9058       445
          7     1.0000    0.9987    0.9994       783

avg / total     0.8466    0.8599    0.8187     54924


             precision    recall  f1-score   support

          0     0.8560    0.9947    0.9201     43023
          1     0.5125    0.0797    0.1380      1543
          2     0.5525    0.1009    0.1706      2607
          3     0.7652    0.1270    0.2178      1591
          4     0.9400    0.4368    0.5965      4020
          5     1.0000    1.0000    1.0000       912
          6     0.9948    0.8674    0.9268       445
          7     1.0000    0.9987    0.9994       783

avg / total     0.8410    0.8597    0.8211     54924


             precision    recall  f1-score   support

          0     0.8584    0.9873    0.9184     43023
          1     0.3981    0.0823    0.1364      1543
          2     0.4287    0.1350    0.2054      2607
          3     0.7412    0.1458    0.2437      1591
          4     0.9270    0.4393    0.5961      4020
          5     1.0000    1.0000    1.0000       912
          6     0.9923    0.8652    0.9244       445
          7     1.0000    0.9987    0.9994       783

avg / total     0.8322    0.8563    0.8220     54924


             precision    recall  f1-score   support

          0     0.8561    0.9928    0.9194     43023
          1     0.4789    0.0881    0.1489      1543
          2     0.4868    0.1135    0.1841      2607
          3     0.7398    0.1483    0.2471      1591
          4     0.9731    0.4236    0.5903      4020
          5     1.0000    1.0000    1.0000       912
          6     0.9947    0.8427    0.9124       445
          7     1.0000    0.9987    0.9994       783

avg / total     0.8388    0.8585    0.8217     54924


             precision    recall  f1-score   support

          0     0.8554    0.9950    0.9199     43023
          1     0.5000    0.0525    0.0950      1543
          2     0.5281    0.1116    0.1843      2607
          3     0.7715    0.1464    0.2462      1591
          4     0.9659    0.4294    0.5945      4020
          5     1.0000    0.9989    0.9995       912
          6     0.9922    0.8584    0.9205       445
          7     0.9987    0.9987    0.9987       783

avg / total     0.8411    0.8596    0.8209     54924


             precision    recall  f1-score   support

          0     0.8563    0.9924    0.9194     43023
          1     0.4267    0.0830    0.1389      1543
          2     0.4921    0.1078    0.1768      2607
          3     0.7448    0.1339    0.2270      1591
          4     0.9404    0.4276    0.5879      4020
          5     1.0000    1.0000    1.0000       912
          6     0.9922    0.8584    0.9205       445
          7     1.0000    0.9987    0.9994       783

avg / total     0.8354    0.8578    0.8204     54924


             precision    recall  f1-score   support

          0     0.8564    0.9932    0.9197     43023
          1     0.4564    0.0881    0.1477      1543
          2     0.5579    0.1128    0.1876      2607
          3     0.8175    0.1351    0.2319      1591
          4     0.9391    0.4338    0.5935      4020
          5     1.0000    1.0000    1.0000       912
          6     0.9923    0.8674    0.9257       445
          7     1.0000    0.9987    0.9994       783

avg / total     0.8414    0.8594    0.8220     54924


             precision    recall  f1-score   support

          0     0.8550    0.9969    0.9205     43023
          1     0.5207    0.0570    0.1028      1543
          2     0.5705    0.1024    0.1737      2607
          3     0.9096    0.1012    0.1821      1591
          4     0.9390    0.4368    0.5963      4020
          5     1.0000    1.0000    1.0000       912
          6     0.9948    0.8607    0.9229       445
          7     1.0000    0.9987    0.9994       783

avg / total     0.8455    0.8601    0.8194     54924


             precision    recall  f1-score   support

          0     0.8577    0.9938    0.9207     43023
          1     0.4846    0.0920    0.1547      1543
          2     0.6005    0.0974    0.1677      2607
          3     0.6156    0.1741    0.2714      1591
          4     0.9650    0.4388    0.6033      4020
          5     1.0000    1.0000    1.0000       912
          6     0.9923    0.8674    0.9257       445
          7     1.0000    0.9987    0.9994       783

avg / total     0.8413    0.8607    0.8239     54924


             precision    recall  f1-score   support

          0     0.8578    0.9944    0.9211     43023
          1     0.4821    0.0784    0.1349      1543
          2     0.5903    0.1166    0.1947      2607
          3     0.7557    0.1653    0.2713      1591
          4     0.9582    0.4388    0.6019      4020
          5     1.0000    1.0000    1.0000       912
          6     0.9773    0.8719    0.9216       445
          7     1.0000    0.9987    0.9994       783

avg / total     0.8443    0.8615    0.8248     54924


             precision    recall  f1-score   support

          0     0.8581    0.9948    0.9214     43023
          1     0.5516    0.0797    0.1393      1543
          2     0.5795    0.1258    0.2067      2607
          3     0.7857    0.1590    0.2645      1591
          4     0.9692    0.4455    0.6104      4020
          5     1.0000    1.0000    1.0000       912
          6     0.9923    0.8697    0.9269       445
          7     1.0000    0.9987    0.9994       783

avg / total     0.8477    0.8626    0.8262     54924


             precision    recall  f1-score   support

          0     0.8591    0.9931    0.9212     43023
          1     0.5101    0.0979    0.1642      1543
          2     0.5689    0.1331    0.2157      2607
          3     0.7847    0.1672    0.2756      1591
          4     0.9586    0.4440    0.6069      4020
          5     1.0000    1.0000    1.0000       912
          6     0.9923    0.8697    0.9269       445
          7     1.0000    0.9987    0.9994       783

avg / total     0.8461    0.8622    0.8272     54924


             precision    recall  f1-score   support

          0     0.8596    0.9932    0.9216     43023
          1     0.4909    0.1043    0.1721      1543
          2     0.5848    0.1270    0.2086      2607
          3     0.7835    0.1615    0.2678      1591
          4     0.9480    0.4493    0.6096      4020
          5     1.0000    1.0000    1.0000       912
          6     0.9923    0.8742    0.9295       445
          7     1.0000    0.9987    0.9994       783

avg / total     0.8459    0.8624    0.8274     54924


             precision    recall  f1-score   support

          0     0.8584    0.9954    0.9218     43023
          1     0.5432    0.0855    0.1478      1543
          2     0.5838    0.1270    0.2086      2607
          3     0.8024    0.1659    0.2750      1591
          4     0.9801    0.4415    0.6088      4020
          5     1.0000    1.0000    1.0000       912
          6     0.9923    0.8742    0.9295       445
          7     1.0000    0.9987    0.9994       783

avg / total     0.8493    0.8632    0.8270     54924


             precision    recall  f1-score   support

          0     0.8605    0.9918    0.9215     43023
          1     0.5147    0.1134    0.1859      1543
          2     0.5634    0.1431    0.2282      2607
          3     0.7337    0.1697    0.2757      1591
          4     0.9575    0.4483    0.6106      4020
          5     1.0000    1.0000    1.0000       912
          6     0.9923    0.8719    0.9282       445
          7     1.0000    0.9987    0.9994       783

avg / total     0.8455    0.8625    0.8289     54924


             precision    recall  f1-score   support

          0     0.8598    0.9925    0.9214     43023
          1     0.4971    0.1095    0.1795      1543
          2     0.5714    0.1289    0.2103      2607
          3     0.7454    0.1766    0.2856      1591
          4     0.9566    0.4438    0.6063      4020
          5     1.0000    1.0000    1.0000       912
          6     0.9924    0.8787    0.9321       445
          7     1.0000    0.9987    0.9994       783

avg / total     0.8451    0.8622    0.8278     54924


             precision    recall  f1-score   support

          0     0.8601    0.9909    0.9209     43023
          1     0.5142    0.1056    0.1753      1543
          2     0.5661    0.1396    0.2240      2607
          3     0.7124    0.1697    0.2741      1591
          4     0.9406    0.4532    0.6117      4020
          5     1.0000    1.0000    1.0000       912
          6     0.9923    0.8719    0.9282       445
          7     1.0000    0.9987    0.9994       783

avg / total     0.8434    0.8618    0.8280     54924


             precision    recall  f1-score   support

          0     0.8601    0.9917    0.9212     43023
          1     0.5397    0.1102    0.1830      1543
          2     0.5871    0.1396    0.2256      2607
          3     0.7742    0.1810    0.2934      1591
          4     0.9423    0.4510    0.6100      4020
          5     1.0000    1.0000    1.0000       912
          6     0.9923    0.8742    0.9295       445
          7     1.0000    0.9987    0.9994       783

avg / total     0.8470    0.8627    0.8290     54924


             precision    recall  f1-score   support

          0     0.8602    0.9926    0.9217     43023
          1     0.5466    0.1141    0.1887      1543
          2     0.5767    0.1369    0.2213      2607
          3     0.7340    0.1804    0.2896      1591
          4     0.9651    0.4478    0.6117      4020
          5     1.0000    1.0000    1.0000       912
          6     0.9923    0.8742    0.9295       445
          7     1.0000    0.9987    0.9994       783

avg / total     0.8474    0.8631    0.8293     54924


             precision    recall  f1-score   support

          0     0.8596    0.9934    0.9217     43023
          1     0.5090    0.1283    0.2050      1543
          2     0.6170    0.1335    0.2195      2607
          3     0.8079    0.1666    0.2762      1591
          4     0.9701    0.4440    0.6092      4020
          5     1.0000    1.0000    1.0000       912
          6     0.9923    0.8742    0.9295       445
          7     1.0000    0.9987    0.9994       783

avg / total     0.8503    0.8633    0.8291     54924


             precision    recall  f1-score   support

          0     0.8596    0.9931    0.9215     43023
          1     0.5402    0.1089    0.1812      1543
          2     0.5952    0.1320    0.2160      2607
          3     0.7586    0.1659    0.2723      1591
          4     0.9526    0.4498    0.6110      4020
          5     1.0000    1.0000    1.0000       912
          6     0.9923    0.8742    0.9295       445
          7     1.0000    0.9987    0.9994       783

avg / total     0.8474    0.8628    0.8282     54924


             precision    recall  f1-score   support

          0     0.8598    0.9937    0.9219     43023
          1     0.5431    0.1102    0.1832      1543
          2     0.5964    0.1412    0.2283      2607
          3     0.8297    0.1653    0.2757      1591
          4     0.9689    0.4498    0.6143      4020
          5     1.0000    1.0000    1.0000       912
          6     0.9924    0.8764    0.9308       445
          7     1.0000    0.9987    0.9994       783

avg / total     0.8509    0.8638    0.8295     54924


             precision    recall  f1-score   support

          0     0.8595    0.9936    0.9217     43023
          1     0.5458    0.1043    0.1752      1543
          2     0.5946    0.1266    0.2087      2607
          3     0.7375    0.1766    0.2850      1591
          4     0.9614    0.4465    0.6098      4020
          5     1.0000    1.0000    1.0000       912
          6     0.9774    0.8742    0.9229       445
          7     1.0000    0.9987    0.9994       783

avg / total     0.8473    0.8629    0.8280     54924


             precision    recall  f1-score   support

          0     0.8602    0.9924    0.9216     43023
          1     0.5460    0.1154    0.1905      1543
          2     0.5616    0.1415    0.2261      2607
          3     0.7507    0.1741    0.2827      1591
          4     0.9665    0.4448    0.6092      4020
          5     1.0000    0.9989    0.9995       912
          6     0.9923    0.8719    0.9282       445
          7     0.9987    0.9987    0.9987       783

avg / total     0.8472    0.8628    0.8291     54924


             precision    recall  f1-score   support

          0     0.8607    0.9907    0.9212     43023
          1     0.5452    0.1251    0.2035      1543
          2     0.5411    0.1515    0.2367      2607
          3     0.8454    0.1684    0.2809      1591
          4     0.9489    0.4522    0.6125      4020
          5     1.0000    0.9978    0.9989       912
          6     0.9924    0.8764    0.9308       445
          7     0.9974    0.9987    0.9981       783

avg / total     0.8480    0.8626    0.8298     54924


             precision    recall  f1-score   support

          0     0.8606    0.9923    0.9217     43023
          1     0.5250    0.1497    0.2330      1543
          2     0.6074    0.1258    0.2085      2607
          3     0.7446    0.1741    0.2822      1591
          4     0.9622    0.4493    0.6125      4020
          5     1.0000    0.9989    0.9995       912
          6     0.9924    0.8764    0.9308       445
          7     0.9987    0.9987    0.9987       783

avg / total     0.8486    0.8633    0.8298     54924


             precision    recall  f1-score   support

          0     0.8606    0.9924    0.9218     43023
          1     0.5308    0.1283    0.2067      1543
          2     0.5703    0.1369    0.2208      2607
          3     0.7930    0.1710    0.2813      1591
          4     0.9655    0.4525    0.6162      4020
          5     1.0000    0.9978    0.9989       912
          6     0.9923    0.8742    0.9295       445
          7     0.9974    0.9987    0.9981       783

avg / total     0.8486    0.8634    0.8299     54924


             precision    recall  f1-score   support

          0     0.8607    0.9925    0.9219     43023
          1     0.5553    0.1367    0.2194      1543
          2     0.5978    0.1442    0.2324      2607
          3     0.7784    0.1678    0.2761      1591
          4     0.9663    0.4500    0.6141      4020
          5     1.0000    0.9989    0.9995       912
          6     0.9924    0.8764    0.9308       445
          7     0.9987    0.9987    0.9987       783

avg / total     0.8503    0.8638    0.8306     54924


             precision    recall  f1-score   support

          0     0.8612    0.9911    0.9216     43023
          1     0.5660    0.1167    0.1934      1543
          2     0.5493    0.1688    0.2582      2607
          3     0.8243    0.1622    0.2710      1591
          4     0.9546    0.4495    0.6112      4020
          5     1.0000    0.9978    0.9989       912
          6     0.9924    0.8764    0.9308       445
          7     0.9974    0.9987    0.9981       783

avg / total     0.8492    0.8631    0.8305     54924


             precision    recall  f1-score   support

          0     0.8616    0.9906    0.9216     43023
          1     0.5646    0.1218    0.2004      1543
          2     0.5440    0.1753    0.2652      2607
          3     0.7976    0.1659    0.2747      1591
          4     0.9663    0.4495    0.6136      4020
          5     1.0000    0.9989    0.9995       912
          6     0.9924    0.8764    0.9308       445
          7     0.9987    0.9987    0.9987       783

avg / total     0.8493    0.8633    0.8314     54924

loss:0.471184786256,0.435708609742,0.429128586771,0.426860798024,0.423906947208,0.422038459833,0.421162277775,0.419197756619,0.417964674923,0.416820965748,0.415596037035,0.41388249473,0.412543394397,0.411391176161,0.410406405297,0.409482632556,0.409458486147,0.40858466152,0.407730387837,0.406429157691,0.407637813142,0.404953362112,0.404924882805,0.406066787464,0.404787881789,0.403939728466,0.403479833933,0.402502607641,0.4029978551,0.392172213977,0.388720420079,0.38682640025,0.385705906803,0.384745790653,0.383935297683,0.383050629732,0.382383015767,0.381754542204,0.381455970568,0.380667170337,0.380188366322,0.37944482374,0.37916271933,0.378382145842,0.378193120238,0.377699162168,0.376824673964,0.376855382696,0.37646357058,0.376357886809
acc:0.847477789466,0.855998446192,0.857163664245,0.857151530351,0.858432051805,0.858674808397,0.858425985575,0.859233141381,0.859227070918,0.859779334976,0.859579063308,0.860386219483,0.860507596644,0.860780696569,0.860641115621,0.860701800667,0.860798902342,0.861211585259,0.861114482624,0.861442201093,0.861132688755,0.861733506784,0.861545371743,0.861357237444,0.861339029658,0.861915569744,0.861854881225,0.862024809564,0.861836676598,0.864452348993,0.864889305881,0.865471914957,0.86572073541,0.865532601151,0.866297276511,0.866072730502,0.866291207635,0.866600716787,0.866515756404,0.866722096608,0.867043743145,0.867128706209,0.866983054507,0.867523183321,0.867140845967,0.867438218196,0.868002621292,0.867899451774,0.867887313017,0.867680972483
val_acc:0.855218121155,0.855964608129,0.857020613836,0.857821715637,0.857348336147,0.857275509056,0.856947784048,0.857657856478,0.85918723868,0.858349721436,0.859205446651,0.858895925122,0.859314690283,0.859041583298,0.859387514479,0.860170417195,0.859806278243,0.859606001745,0.858458962173,0.858677447541,0.859879105934,0.859697038804,0.856328744485,0.858531790063,0.859587792775,0.857785304587,0.859351102831,0.860061178355,0.860680208933,0.861517735662,0.862591946544,0.862191393547,0.862428082493,0.863174569068,0.862482705008,0.862227806893,0.861754427603,0.862701188779,0.863119946253,0.863338433119,0.862846842064,0.863811811011,0.862937877925,0.862828639684,0.86262836049,0.863302019074,0.863411258413,0.863848229449,0.863119948449,0.863338428925
val_loss:0.44408709315,0.43480174226,0.434850857585,0.429761182174,0.43556974027,0.427741462462,0.428877641757,0.426363242731,0.424888737288,0.426467836702,0.423732525689,0.420541178741,0.41984152719,0.420064641752,0.418664483419,0.419227524668,0.419289858347,0.417331329492,0.4178846766,0.417181584753,0.419293537511,0.415557478041,0.4230527445,0.41898617992,0.413346400862,0.417385571516,0.41627178894,0.413926885855,0.41367583154,0.404372350455,0.403068787988,0.402176252761,0.401352609222,0.401268213388,0.401335148506,0.400924470656,0.40125046638,0.399871868554,0.400024752022,0.400584525399,0.399260399429,0.399199106585,0.399438132942,0.399184526161,0.398699073236,0.398931618412,0.398153721987,0.397925094594,0.398778995577,0.398465219055
lr:0.0457392,0.0457392,0.0457392,0.0457392,0.0457392,0.0457392,0.0457392,0.0457392,0.0457392,0.0457392,0.0457392,0.0457392,0.0457392,0.0457392,0.0457392,0.0457392,0.0457392,0.0457392,0.0457392,0.0457392,0.0457392,0.0457392,0.0457392,0.0457392,0.0457392,0.0457392,0.0457392,0.0457392,0.0457392,0.00914784,0.00914784,0.00914784,0.00914784,0.00914784,0.00914784,0.00914784,0.00914784,0.00914784,0.00914784,0.00914784,0.00914784,0.00914784,0.00914784,0.00914784,0.00914784,0.00914784,0.00914784,0.00914784,0.00914784,0.00914784
