
             precision    recall  f1-score   support

          0     0.8507    0.9979    0.9184     43023
          1     0.1579    0.0019    0.0038      1543
          2     0.5507    0.0583    0.1054      2607
          3     0.6432    0.0861    0.1519      1591
          4     0.8972    0.4254    0.5771      4020
          5     0.9956    1.0000    0.9978       912
          6     0.9944    0.7910    0.8811       445
          7     0.9987    0.9860    0.9923       783

avg / total     0.8201    0.8552    0.8090     54924


             precision    recall  f1-score   support

          0     0.8500    0.9986    0.9183     43023
          1     0.8333    0.0032    0.0065      1543
          2     0.5693    0.0583    0.1058      2607
          3     0.5327    0.1075    0.1789      1591
          4     0.9367    0.4050    0.5655      4020
          5     0.9967    1.0000    0.9984       912
          6     0.9944    0.8000    0.8867       445
          7     0.9987    0.9872    0.9929       783

avg / total     0.8391    0.8550    0.8090     54924


             precision    recall  f1-score   support

          0     0.8511    0.9974    0.9184     43023
          1     0.3125    0.0292    0.0533      1543
          2     0.5556    0.0575    0.1043      2607
          3     0.6914    0.0761    0.1370      1591
          4     0.9184    0.4256    0.5817      4020
          5     0.9967    1.0000    0.9984       912
          6     0.9945    0.8135    0.8949       445
          7     1.0000    0.9936    0.9968       783

avg / total     0.8280    0.8555    0.8105     54924


             precision    recall  f1-score   support

          0     0.8521    0.9973    0.9190     43023
          1     0.6316    0.0078    0.0154      1543
          2     0.5204    0.0832    0.1435      2607
          3     0.6073    0.1050    0.1790      1591
          4     0.9405    0.4209    0.5815      4020
          5     0.9978    1.0000    0.9989       912
          6     0.9945    0.8157    0.8963       445
          7     1.0000    0.9974    0.9987       783

avg / total     0.8352    0.8566    0.8129     54924


             precision    recall  f1-score   support

          0     0.8516    0.9982    0.9191     43023
          1     0.4615    0.0233    0.0444      1543
          2     0.5458    0.0595    0.1072      2607
          3     0.7379    0.0955    0.1692      1591
          4     0.9249    0.4286    0.5858      4020
          5     1.0000    1.0000    1.0000       912
          6     0.9946    0.8270    0.9031       445
          7     1.0000    0.9987    0.9994       783

avg / total     0.8339    0.8571    0.8122     54924


             precision    recall  f1-score   support

          0     0.8529    0.9980    0.9197     43023
          1     0.5229    0.0518    0.0943      1543
          2     0.5773    0.0644    0.1159      2607
          3     0.6710    0.1307    0.2188      1591
          4     0.9511    0.4157    0.5785      4020
          5     1.0000    1.0000    1.0000       912
          6     0.9947    0.8360    0.9084       445
          7     1.0000    1.0000    1.0000       783

avg / total     0.8381    0.8581    0.8155     54924


             precision    recall  f1-score   support

          0     0.8534    0.9974    0.9198     43023
          1     0.5583    0.0434    0.0806      1543
          2     0.5351    0.0905    0.1549      2607
          3     0.8057    0.1069    0.1887      1591
          4     0.9420    0.4239    0.5847      4020
          5     1.0000    1.0000    1.0000       912
          6     0.9946    0.8247    0.9017       445
          7     1.0000    1.0000    1.0000       783

avg / total     0.8408    0.8584    0.8165     54924


             precision    recall  f1-score   support

          0     0.8544    0.9955    0.9196     43023
          1     0.4971    0.0557    0.1002      1543
          2     0.4960    0.0963    0.1613      2607
          3     0.7519    0.1238    0.2126      1591
          4     0.9557    0.4244    0.5878      4020
          5     1.0000    1.0000    1.0000       912
          6     0.9947    0.8360    0.9084       445
          7     1.0000    1.0000    1.0000       783

avg / total     0.8374    0.8582    0.8182     54924


             precision    recall  f1-score   support

          0     0.8525    0.9977    0.9194     43023
          1     0.5000    0.0337    0.0631      1543
          2     0.5379    0.0790    0.1378      2607
          3     0.7561    0.1169    0.2025      1591
          4     0.9522    0.4209    0.5838      4020
          5     1.0000    1.0000    1.0000       912
          6     0.9946    0.8225    0.9004       445
          7     1.0000    1.0000    1.0000       783

avg / total     0.8378    0.8579    0.8152     54924


             precision    recall  f1-score   support

          0     0.8546    0.9955    0.9197     43023
          1     0.5420    0.0460    0.0848      1543
          2     0.5311    0.1016    0.1706      2607
          3     0.6537    0.1483    0.2418      1591
          4     0.9620    0.4162    0.5810      4020
          5     1.0000    1.0000    1.0000       912
          6     0.9948    0.8539    0.9190       445
          7     1.0000    0.9987    0.9994       783

avg / total     0.8381    0.8585    0.8187     54924


             precision    recall  f1-score   support

          0     0.8566    0.9928    0.9197     43023
          1     0.4307    0.0745    0.1271      1543
          2     0.5000    0.1193    0.1926      2607
          3     0.7422    0.1339    0.2268      1591
          4     0.9443    0.4261    0.5872      4020
          5     1.0000    1.0000    1.0000       912
          6     0.9947    0.8360    0.9084       445
          7     1.0000    1.0000    1.0000       783

avg / total     0.8363    0.8581    0.8209     54924


             precision    recall  f1-score   support

          0     0.8537    0.9961    0.9194     43023
          1     0.5413    0.0382    0.0714      1543
          2     0.5217    0.1063    0.1765      2607
          3     0.8350    0.1081    0.1914      1591
          4     0.9410    0.4246    0.5852      4020
          5     1.0000    1.0000    1.0000       912
          6     0.9919    0.8292    0.9033       445
          7     1.0000    1.0000    1.0000       783

avg / total     0.8407    0.8581    0.8171     54924


             precision    recall  f1-score   support

          0     0.8559    0.9948    0.9201     43023
          1     0.4682    0.1192    0.1901      1543
          2     0.5376    0.0767    0.1343      2607
          3     0.7746    0.1383    0.2347      1591
          4     0.9560    0.4274    0.5907      4020
          5     1.0000    1.0000    1.0000       912
          6     0.9947    0.8427    0.9124       445
          7     1.0000    1.0000    1.0000       783

avg / total     0.8404    0.8592    0.8208     54924


             precision    recall  f1-score   support

          0     0.8554    0.9950    0.9200     43023
          1     0.5053    0.0616    0.1098      1543
          2     0.5485    0.0997    0.1688      2607
          3     0.6745    0.1446    0.2381      1591
          4     0.9529    0.4279    0.5906      4020
          5     1.0000    1.0000    1.0000       912
          6     0.9920    0.8404    0.9100       445
          7     1.0000    1.0000    1.0000       783

avg / total     0.8385    0.8591    0.8201     54924


             precision    recall  f1-score   support

          0     0.8560    0.9932    0.9195     43023
          1     0.4890    0.0719    0.1254      1543
          2     0.4943    0.1158    0.1877      2607
          3     0.8687    0.1081    0.1923      1591
          4     0.9273    0.4381    0.5950      4020
          5     1.0000    1.0000    1.0000       912
          6     0.9947    0.8472    0.9150       445
          7     1.0000    0.9987    0.9994       783

avg / total     0.8397    0.8584    0.8201     54924


             precision    recall  f1-score   support

          0     0.8565    0.9951    0.9206     43023
          1     0.5563    0.0577    0.1045      1543
          2     0.5474    0.1174    0.1933      2607
          3     0.7046    0.1439    0.2390      1591
          4     0.9479    0.4301    0.5917      4020
          5     1.0000    1.0000    1.0000       912
          6     0.9947    0.8427    0.9124       445
          7     1.0000    1.0000    1.0000       783

avg / total     0.8412    0.8600    0.8217     54924


             precision    recall  f1-score   support

          0     0.8547    0.9962    0.9201     43023
          1     0.5291    0.0590    0.1061      1543
          2     0.5666    0.1028    0.1740      2607
          3     0.7625    0.1433    0.2413      1591
          4     0.9638    0.4234    0.5883      4020
          5     1.0000    1.0000    1.0000       912
          6     0.9947    0.8427    0.9124       445
          7     1.0000    0.9987    0.9994       783

avg / total     0.8428    0.8597    0.8202     54924


             precision    recall  f1-score   support

          0     0.8561    0.9939    0.9198     43023
          1     0.5298    0.0577    0.1040      1543
          2     0.5182    0.1204    0.1955      2607
          3     0.6382    0.1596    0.2554      1591
          4     0.9624    0.4144    0.5794      4020
          5     1.0000    1.0000    1.0000       912
          6     0.9947    0.8472    0.9150       445
          7     1.0000    0.9962    0.9981       783

avg / total     0.8379    0.8585    0.8208     54924


             precision    recall  f1-score   support

          0     0.8569    0.9939    0.9203     43023
          1     0.4721    0.0603    0.1069      1543
          2     0.5589    0.1273    0.2074      2607
          3     0.7825    0.1402    0.2377      1591
          4     0.9394    0.4393    0.5986      4020
          5     1.0000    1.0000    1.0000       912
          6     0.9947    0.8427    0.9124       445
          7     1.0000    0.9974    0.9987       783

avg / total     0.8414    0.8601    0.8227     54924


             precision    recall  f1-score   support

          0     0.8589    0.9919    0.9206     43023
          1     0.5000    0.0752    0.1307      1543
          2     0.5012    0.1557    0.2376      2607
          3     0.7926    0.1490    0.2508      1591
          4     0.9600    0.4353    0.5990      4020
          5     1.0000    1.0000    1.0000       912
          6     0.9947    0.8494    0.9164       445
          7     1.0000    1.0000    1.0000       783

avg / total     0.8427    0.8604    0.8255     54924


             precision    recall  f1-score   support

          0     0.8591    0.9921    0.9208     43023
          1     0.4977    0.1387    0.2169      1543
          2     0.5423    0.1377    0.2196      2607
          3     0.7685    0.1502    0.2513      1591
          4     0.9710    0.4254    0.5916      4020
          5     1.0000    1.0000    1.0000       912
          6     0.9948    0.8517    0.9177       445
          7     1.0000    0.9974    0.9987       783

avg / total     0.8449    0.8608    0.8267     54924


             precision    recall  f1-score   support

          0     0.8589    0.9924    0.9208     43023
          1     0.4884    0.1231    0.1967      1543
          2     0.5989    0.1277    0.2106      2607
          3     0.7309    0.1502    0.2492      1591
          4     0.9539    0.4428    0.6048      4020
          5     1.0000    1.0000    1.0000       912
          6     0.9741    0.8449    0.9049       445
          7     1.0000    1.0000    1.0000       783

avg / total     0.8447    0.8613    0.8265     54924


             precision    recall  f1-score   support

          0     0.8578    0.9942    0.9210     43023
          1     0.5219    0.1005    0.1685      1543
          2     0.5671    0.1281    0.2090      2607
          3     0.8578    0.1251    0.2183      1591
          4     0.9461    0.4408    0.6014      4020
          5     1.0000    1.0000    1.0000       912
          6     0.9947    0.8404    0.9111       445
          7     1.0000    1.0000    1.0000       783

avg / total     0.8465    0.8612    0.8246     54924


             precision    recall  f1-score   support

          0     0.8603    0.9913    0.9212     43023
          1     0.5411    0.1108    0.1840      1543
          2     0.5457    0.1603    0.2479      2607
          3     0.7917    0.1552    0.2596      1591
          4     0.9480    0.4445    0.6052      4020
          5     1.0000    1.0000    1.0000       912
          6     0.9921    0.8494    0.9153       445
          7     1.0000    0.9987    0.9994       783

avg / total     0.8462    0.8620    0.8286     54924


             precision    recall  f1-score   support

          0     0.8589    0.9937    0.9214     43023
          1     0.5754    0.1063    0.1794      1543
          2     0.5951    0.1297    0.2129      2607
          3     0.7147    0.1622    0.2643      1591
          4     0.9553    0.4413    0.6037      4020
          5     1.0000    1.0000    1.0000       912
          6     0.9947    0.8494    0.9164       445
          7     1.0000    0.9974    0.9987       783

avg / total     0.8467    0.8623    0.8270     54924


             precision    recall  f1-score   support

          0     0.8587    0.9938    0.9213     43023
          1     0.5541    0.1128    0.1874      1543
          2     0.5963    0.1377    0.2237      2607
          3     0.8063    0.1596    0.2665      1591
          4     0.9617    0.4371    0.6010      4020
          5     1.0000    1.0000    1.0000       912
          6     0.9947    0.8472    0.9150       445
          7     1.0000    0.9987    0.9994       783

avg / total     0.8492    0.8625    0.8276     54924


             precision    recall  f1-score   support

          0     0.8603    0.9906    0.9209     43023
          1     0.4883    0.1355    0.2121      1543
          2     0.5737    0.1507    0.2388      2607
          3     0.7831    0.1452    0.2450      1591
          4     0.9436    0.4453    0.6050      4020
          5     1.0000    1.0000    1.0000       912
          6     0.9948    0.8562    0.9203       445
          7     1.0000    0.9974    0.9987       783

avg / total     0.8455    0.8615    0.8283     54924


             precision    recall  f1-score   support

          0     0.8599    0.9915    0.9210     43023
          1     0.5262    0.1238    0.2004      1543
          2     0.5866    0.1377    0.2231      2607
          3     0.6960    0.1741    0.2785      1591
          4     0.9556    0.4443    0.6066      4020
          5     1.0000    1.0000    1.0000       912
          6     0.9948    0.8539    0.9190       445
          7     1.0000    0.9949    0.9974       783

avg / total     0.8452    0.8619    0.8284     54924


             precision    recall  f1-score   support

          0     0.8599    0.9929    0.9216     43023
          1     0.5629    0.1277    0.2081      1543
          2     0.6021    0.1300    0.2139      2607
          3     0.7246    0.1703    0.2758      1591
          4     0.9531    0.4450    0.6067      4020
          5     1.0000    1.0000    1.0000       912
          6     0.9821    0.8607    0.9174       445
          7     1.0000    0.9987    0.9994       783

avg / total     0.8476    0.8628    0.8286     54924


             precision    recall  f1-score   support

          0     0.8606    0.9928    0.9220     43023
          1     0.5108    0.1679    0.2527      1543
          2     0.6160    0.1243    0.2068      2607
          3     0.8433    0.1420    0.2431      1591
          4     0.9431    0.4493    0.6086      4020
          5     1.0000    1.0000    1.0000       912
          6     0.9922    0.8562    0.9192       445
          7     1.0000    0.9987    0.9994       783

avg / total     0.8501    0.8630    0.8290     54924


             precision    recall  f1-score   support

          0     0.8628    0.9867    0.9206     43023
          1     0.4838    0.1841    0.2667      1543
          2     0.5665    0.1780    0.2709      2607
          3     0.6806    0.1848    0.2907      1591
          4     0.9663    0.4356    0.6005      4020
          5     1.0000    1.0000    1.0000       912
          6     0.9947    0.8494    0.9164       445
          7     1.0000    0.9987    0.9994       783

avg / total     0.8457    0.8614    0.8321     54924


             precision    recall  f1-score   support

          0     0.8605    0.9924    0.9218     43023
          1     0.5664    0.1465    0.2327      1543
          2     0.6292    0.1308    0.2166      2607
          3     0.7389    0.1886    0.3005      1591
          4     0.9543    0.4468    0.6086      4020
          5     1.0000    0.9989    0.9995       912
          6     0.9948    0.8517    0.9177       445
          7     0.9987    0.9987    0.9987       783

avg / total     0.8500    0.8636    0.8304     54924


             precision    recall  f1-score   support

          0     0.8613    0.9927    0.9223     43023
          1     0.5323    0.1549    0.2400      1543
          2     0.6321    0.1331    0.2199      2607
          3     0.7222    0.1716    0.2773      1591
          4     0.9495    0.4445    0.6056      4020
          5     1.0000    1.0000    1.0000       912
          6     0.9871    0.8607    0.9196       445
          7     1.0000    0.9974    0.9987       783

avg / total     0.8489    0.8636    0.8303     54924


             precision    recall  f1-score   support

          0     0.8630    0.9877    0.9211     43023
          1     0.4933    0.1659    0.2483      1543
          2     0.5463    0.1653    0.2538      2607
          3     0.6674    0.1829    0.2871      1591
          4     0.9581    0.4435    0.6064      4020
          5     1.0000    1.0000    1.0000       912
          6     0.9948    0.8652    0.9255       445
          7     1.0000    0.9987    0.9994       783

avg / total     0.8442    0.8618    0.8316     54924


             precision    recall  f1-score   support

          0     0.8628    0.9910    0.9224     43023
          1     0.5561    0.1607    0.2494      1543
          2     0.6039    0.1661    0.2605      2607
          3     0.7291    0.1810    0.2900      1591
          4     0.9572    0.4453    0.6078      4020
          5     1.0000    1.0000    1.0000       912
          6     0.9948    0.8652    0.9255       445
          7     1.0000    0.9987    0.9994       783

avg / total     0.8502    0.8643    0.8332     54924


             precision    recall  f1-score   support

          0     0.8610    0.9907    0.9213     43023
          1     0.5491    0.1523    0.2385      1543
          2     0.5883    0.1584    0.2496      2607
          3     0.8279    0.1603    0.2686      1591
          4     0.9496    0.4502    0.6109      4020
          5     1.0000    1.0000    1.0000       912
          6     0.9948    0.8562    0.9203       445
          7     1.0000    0.9987    0.9994       783

avg / total     0.8502    0.8632    0.8310     54924


             precision    recall  f1-score   support

          0     0.8629    0.9910    0.9225     43023
          1     0.5351    0.1730    0.2615      1543
          2     0.6179    0.1427    0.2318      2607
          3     0.6977    0.1886    0.2969      1591
          4     0.9490    0.4490    0.6096      4020
          5     1.0000    1.0000    1.0000       912
          6     0.9948    0.8652    0.9255       445
          7     1.0000    0.9987    0.9994       783

avg / total     0.8489    0.8641    0.8326     54924


             precision    recall  f1-score   support

          0     0.8626    0.9880    0.9211     43023
          1     0.5556    0.1426    0.2269      1543
          2     0.5219    0.1968    0.2858      2607
          3     0.7706    0.1647    0.2714      1591
          4     0.9595    0.4425    0.6057      4020
          5     1.0000    1.0000    1.0000       912
          6     0.9948    0.8539    0.9190       445
          7     1.0000    0.9987    0.9994       783

avg / total     0.8476    0.8622    0.8319     54924


             precision    recall  f1-score   support

          0     0.8608    0.9928    0.9221     43023
          1     0.5758    0.1355    0.2193      1543
          2     0.6186    0.1611    0.2556      2607
          3     0.8339    0.1609    0.2698      1591
          4     0.9617    0.4495    0.6126      4020
          5     0.9989    1.0000    0.9995       912
          6     0.9922    0.8607    0.9218       445
          7     1.0000    0.9949    0.9974       783

avg / total     0.8533    0.8644    0.8315     54924


             precision    recall  f1-score   support

          0     0.8628    0.9901    0.9220     43023
          1     0.5781    0.1776    0.2717      1543
          2     0.5878    0.1772    0.2723      2607
          3     0.7288    0.1672    0.2720      1591
          4     0.9579    0.4410    0.6040      4020
          5     1.0000    1.0000    1.0000       912
          6     0.9922    0.8629    0.9231       445
          7     1.0000    0.9962    0.9981       783

avg / total     0.8501    0.8638    0.8332     54924


             precision    recall  f1-score   support

          0     0.8625    0.9904    0.9221     43023
          1     0.5812    0.1601    0.2510      1543
          2     0.6122    0.1695    0.2655      2607
          3     0.7168    0.1766    0.2834      1591
          4     0.9379    0.4430    0.6018      4020
          5     1.0000    1.0000    1.0000       912
          6     0.9923    0.8652    0.9244       445
          7     1.0000    0.9987    0.9994       783

avg / total     0.8493    0.8638    0.8325     54924


             precision    recall  f1-score   support

          0     0.8647    0.9878    0.9222     43023
          1     0.5344    0.1815    0.2709      1543
          2     0.5907    0.1860    0.2830      2607
          3     0.7826    0.1697    0.2789      1591
          4     0.9243    0.4614    0.6156      4020
          5     1.0000    1.0000    1.0000       912
          6     0.9922    0.8629    0.9231       445
          7     1.0000    0.9962    0.9981       783

avg / total     0.8496    0.8642    0.8348     54924


             precision    recall  f1-score   support

          0     0.8633    0.9899    0.9223     43023
          1     0.5545    0.1944    0.2879      1543
          2     0.6146    0.1615    0.2558      2607
          3     0.8210    0.1672    0.2778      1591
          4     0.9272    0.4532    0.6089      4020
          5     1.0000    1.0000    1.0000       912
          6     0.9974    0.8674    0.9279       445
          7     1.0000    0.9987    0.9994       783

avg / total     0.8516    0.8644    0.8337     54924


             precision    recall  f1-score   support

          0     0.8622    0.9904    0.9219     43023
          1     0.6339    0.1380    0.2267      1543
          2     0.5831    0.1830    0.2785      2607
          3     0.7718    0.1722    0.2816      1591
          4     0.9562    0.4502    0.6122      4020
          5     0.9989    1.0000    0.9995       912
          6     0.9461    0.8674    0.9050       445
          7     1.0000    0.9974    0.9987       783

avg / total     0.8517    0.8642    0.8329     54924


             precision    recall  f1-score   support

          0     0.8653    0.9885    0.9228     43023
          1     0.5461    0.1918    0.2839      1543
          2     0.6210    0.1772    0.2757      2607
          3     0.6485    0.2168    0.3250      1591
          4     0.9616    0.4485    0.6117      4020
          5     1.0000    1.0000    1.0000       912
          6     0.9948    0.8607    0.9229       445
          7     1.0000    0.9987    0.9994       783

avg / total     0.8507    0.8650    0.8364     54924


             precision    recall  f1-score   support

          0     0.8639    0.9888    0.9222     43023
          1     0.5915    0.1633    0.2560      1543
          2     0.5905    0.1803    0.2762      2607
          3     0.6731    0.1967    0.3045      1591
          4     0.9447    0.4502    0.6098      4020
          5     0.9978    1.0000    0.9989       912
          6     0.9897    0.8607    0.9207       445
          7     1.0000    0.9974    0.9987       783

avg / total     0.8489    0.8641    0.8344     54924


             precision    recall  f1-score   support

          0     0.8661    0.9866    0.9224     43023
          1     0.5654    0.1568    0.2456      1543
          2     0.5720    0.2194    0.3172      2607
          3     0.6932    0.1917    0.3003      1591
          4     0.9343    0.4530    0.6102      4020
          5     1.0000    1.0000    1.0000       912
          6     0.9603    0.8697    0.9127       445
          7     1.0000    0.9962    0.9981       783

avg / total     0.8486    0.8642    0.8361     54924


             precision    recall  f1-score   support

          0     0.8660    0.9890    0.9234     43023
          1     0.6235    0.1717    0.2693      1543
          2     0.6064    0.2110    0.3130      2607
          3     0.7724    0.1898    0.3047      1591
          4     0.9386    0.4639    0.6209      4020
          5     1.0000    1.0000    1.0000       912
          6     0.9948    0.8674    0.9268       445
          7     1.0000    0.9974    0.9987       783

avg / total     0.8546    0.8668    0.8384     54924


             precision    recall  f1-score   support

          0     0.8656    0.9890    0.9232     43023
          1     0.6166    0.1730    0.2702      1543
          2     0.6151    0.2029    0.3052      2607
          3     0.7590    0.1980    0.3141      1591
          4     0.9369    0.4617    0.6186      4020
          5     1.0000    1.0000    1.0000       912
          6     0.9948    0.8674    0.9268       445
          7     1.0000    0.9974    0.9987       783

avg / total     0.8540    0.8665    0.8379     54924


             precision    recall  f1-score   support

          0     0.8668    0.9886    0.9237     43023
          1     0.5717    0.1990    0.2952      1543
          2     0.6373    0.2110    0.3170      2607
          3     0.7441    0.1992    0.3143      1591
          4     0.9507    0.4607    0.6206      4020
          5     1.0000    1.0000    1.0000       912
          6     0.9948    0.8674    0.9268       445
          7     1.0000    0.9987    0.9994       783

avg / total     0.8553    0.8673    0.8398     54924

loss:0.49697154447,0.437176262732,0.431582239932,0.428499105597,0.424521550093,0.422519926035,0.42018965681,0.417976403529,0.41616047105,0.413244798741,0.411563253357,0.410685780099,0.408712562134,0.40678883525,0.404637585095,0.402697008045,0.401607822116,0.399520282056,0.39798538844,0.396532916531,0.395040086599,0.392701334246,0.392296403931,0.390105674838,0.389496355817,0.387545332703,0.386063098733,0.385387339731,0.383772976138,0.382129404659,0.380579228729,0.379273487095,0.378362035788,0.378423211855,0.376748505962,0.374629378824,0.373759794709,0.374094192213,0.37196473589,0.371125444392,0.370625697726,0.370263953195,0.3692361442,0.36822286071,0.367192163425,0.367113860884,0.365154117744,0.351656526102,0.346738130572,0.345076769055
acc:0.844006408438,0.856034858424,0.856562849947,0.857515658919,0.858073992329,0.858680876573,0.858881150936,0.85946982684,0.859742923346,0.860113123764,0.860428703115,0.860707870412,0.860701800524,0.861527164324,0.86183667458,0.86200660364,0.862625626267,0.862601350456,0.863129340095,0.863068649974,0.863651259604,0.863663398303,0.863991117124,0.864731513316,0.864306696534,0.865077438731,0.865611496743,0.865386951809,0.866054523331,0.866364031686,0.866867746858,0.86697698628,0.867122640601,0.866509686714,0.867674904771,0.86781448724,0.867790212858,0.867966209192,0.868500265883,0.869125359043,0.868518476079,0.868348546877,0.869264942406,0.869271009619,0.86887653593,0.868961501609,0.869362043716,0.873112589321,0.873701266851,0.874047192606
val_acc:0.855181704058,0.85499963639,0.855509431088,0.856638263101,0.857075230521,0.858094820972,0.858422548093,0.858204064201,0.85789454555,0.85845896097,0.858131234292,0.858149443713,0.859223653337,0.859077999483,0.858404340391,0.860006554902,0.859678829865,0.858495373522,0.860115795292,0.860370693143,0.86080766012,0.861317456133,0.861208214923,0.861954699744,0.862264219163,0.862500909572,0.861499526237,0.861936495909,0.862846842637,0.863047119322,0.86144490584,0.863611537673,0.863556918031,0.861772633599,0.864321609876,0.86322919065,0.864103123497,0.862191393174,0.864430850175,0.863848229345,0.863775399723,0.864194158946,0.864394439733,0.864194158269,0.865049885446,0.864121329089,0.864230572761,0.866815962736,0.866542857275,0.867325758163
val_loss:0.437743134417,0.439806267316,0.434678905476,0.430751442623,0.427026030895,0.428683430302,0.425249093077,0.425934655185,0.422588481942,0.419177571316,0.42340177364,0.420912971657,0.417722335953,0.41569154013,0.414886550284,0.412893430906,0.412414278797,0.412303061172,0.410209757755,0.407239845858,0.409587013714,0.406992386373,0.406757361606,0.402532569988,0.404013408384,0.405074351618,0.401903622766,0.400762632772,0.399554370421,0.402784595205,0.40229547824,0.396315516845,0.398288815419,0.39651761045,0.39465349089,0.39422667748,0.393650149105,0.397322199589,0.395027190987,0.393132378786,0.395157173227,0.391221368374,0.388754621243,0.392946114082,0.39022796652,0.388730088605,0.38915284005,0.3773033549,0.37662580847,0.37690619034
lr:0.0142915,0.0142915,0.0142915,0.0142915,0.0142915,0.0142915,0.0142915,0.0142915,0.0142915,0.0142915,0.0142915,0.0142915,0.0142915,0.0142915,0.0142915,0.0142915,0.0142915,0.0142915,0.0142915,0.0142915,0.0142915,0.0142915,0.0142915,0.0142915,0.0142915,0.0142915,0.0142915,0.0142915,0.0142915,0.0142915,0.0142915,0.0142915,0.0142915,0.0142915,0.0142915,0.0142915,0.0142915,0.0142915,0.0142915,0.0142915,0.0142915,0.0142915,0.0142915,0.0142915,0.0142915,0.0142915,0.0142915,0.0028583,0.0028583,0.0028583
