
             precision    recall  f1-score   support

          0     0.8726    0.9957    0.9301     42909
          1     0.6313    0.4477    0.5239      1568
          2     0.7130    0.4207    0.5292      2598
          3     0.7974    0.3833    0.5177      1602
          4     0.9864    0.1987    0.3307      4012
          5     0.9438    0.9838    0.9634       990
          6     0.0000    0.0000    0.0000       468
          7     0.9944    0.9086    0.9496       777

avg / total     0.8599    0.8668    0.8367     54924


             precision    recall  f1-score   support

          0     0.8813    0.9935    0.9340     42909
          1     0.6427    0.4668    0.5408      1568
          2     0.7347    0.4126    0.5285      2598
          3     0.8752    0.3808    0.5307      1602
          4     0.8375    0.3161    0.4589      4012
          5     0.9721    0.9859    0.9789       990
          6     1.0000    0.0128    0.0253       468
          7     1.0000    0.9434    0.9709       777

avg / total     0.8685    0.8744    0.8507     54924


             precision    recall  f1-score   support

          0     0.9073    0.9900    0.9468     42909
          1     0.6263    0.4318    0.5111      1568
          2     0.7071    0.4758    0.5688      2598
          3     0.9007    0.4020    0.5559      1602
          4     0.8626    0.5680    0.6850      4012
          5     0.9761    0.9889    0.9824       990
          6     1.0000    0.3654    0.5352       468
          7     1.0000    0.9588    0.9790       777

avg / total     0.8897    0.8960    0.8836     54924


             precision    recall  f1-score   support

          0     0.9082    0.9953    0.9498     42909
          1     0.6474    0.4917    0.5589      1568
          2     0.7263    0.4811    0.5788      2598
          3     0.8868    0.4157    0.5661      1602
          4     0.9757    0.5606    0.7120      4012
          5     0.9778    0.9768    0.9773       990
          6     1.0000    0.4103    0.5818       468
          7     0.9867    0.9537    0.9699       777

avg / total     0.8996    0.9020    0.8902     54924


             precision    recall  f1-score   support

          0     0.9197    0.9870    0.9521     42909
          1     0.6963    0.3744    0.4869      1568
          2     0.6750    0.5531    0.6080      2598
          3     0.8604    0.4538    0.5942      1602
          4     0.8717    0.6705    0.7580      4012
          5     0.9826    0.9697    0.9761       990
          6     0.9823    0.4744    0.6398       468
          7     0.9753    0.9653    0.9702       777

avg / total     0.8989    0.9053    0.8960     54924


             precision    recall  f1-score   support

          0     0.9124    0.9963    0.9525     42909
          1     0.6651    0.5421    0.5973      1568
          2     0.7743    0.4781    0.5911      2598
          3     0.9252    0.3939    0.5525      1602
          4     0.9746    0.6132    0.7528      4012
          5     0.9808    0.9828    0.9818       990
          6     0.9873    0.4979    0.6619       468
          7     0.9920    0.9601    0.9758       777

avg / total     0.9067    0.9083    0.8974     54924


             precision    recall  f1-score   support

          0     0.9228    0.9899    0.9551     42909
          1     0.6699    0.5242    0.5882      1568
          2     0.7369    0.5346    0.6197      2598
          3     0.9218    0.4338    0.5900      1602
          4     0.9189    0.7029    0.7965      4012
          5     0.9798    0.9798    0.9798       990
          6     0.9954    0.4637    0.6327       468
          7     0.9894    0.9575    0.9732       777

avg / total     0.9090    0.9127    0.9045     54924


             precision    recall  f1-score   support

          0     0.9245    0.9916    0.9569     42909
          1     0.6596    0.5931    0.6246      1568
          2     0.7867    0.4869    0.6015      2598
          3     0.8539    0.4888    0.6217      1602
          4     0.9423    0.7044    0.8062      4012
          5     0.9789    0.9859    0.9824       990
          6     1.0000    0.4829    0.6513       468
          7     0.9987    0.9562    0.9770       777

avg / total     0.9124    0.9158    0.9080     54924


             precision    recall  f1-score   support

          0     0.9227    0.9878    0.9542     42909
          1     0.6797    0.5657    0.6175      1568
          2     0.7752    0.4804    0.5932      2598
          3     0.8159    0.5119    0.6291      1602
          4     0.9114    0.6997    0.7916      4012
          5     0.9731    0.9859    0.9794       990
          6     1.0000    0.5171    0.6817       468
          7     0.9946    0.9537    0.9737       777

avg / total     0.9075    0.9123    0.9045     54924


             precision    recall  f1-score   support

          0     0.9234    0.9927    0.9568     42909
          1     0.6977    0.5695    0.6271      1568
          2     0.7664    0.5343    0.6296      2598
          3     0.8881    0.4557    0.6023      1602
          4     0.9608    0.6962    0.8073      4012
          5     0.9748    0.9768    0.9758       990
          6     1.0000    0.4722    0.6415       468
          7     0.9829    0.9601    0.9714       777

avg / total     0.9136    0.9164    0.9085     54924


             precision    recall  f1-score   support

          0     0.9255    0.9937    0.9584     42909
          1     0.6812    0.6161    0.6470      1568
          2     0.7918    0.5108    0.6210      2598
          3     0.9023    0.4956    0.6398      1602
          4     0.9734    0.7014    0.8153      4012
          5     0.9799    0.9869    0.9834       990
          6     0.9636    0.5085    0.6657       468
          7     0.9960    0.9588    0.9770       777

avg / total     0.9174    0.9194    0.9120     54924


             precision    recall  f1-score   support

          0     0.9273    0.9892    0.9572     42909
          1     0.6810    0.5950    0.6351      1568
          2     0.7975    0.5216    0.6307      2598
          3     0.8725    0.5000    0.6357      1602
          4     0.9052    0.7161    0.7996      4012
          5     0.9740    0.9848    0.9794       990
          6     0.9874    0.5043    0.6676       468
          7     0.9933    0.9562    0.9744       777

avg / total     0.9132    0.9169    0.9099     54924


             precision    recall  f1-score   support

          0     0.9294    0.9908    0.9591     42909
          1     0.6693    0.6378    0.6532      1568
          2     0.8038    0.5062    0.6212      2598
          3     0.8746    0.5137    0.6473      1602
          4     0.9424    0.7343    0.8254      4012
          5     0.9799    0.9838    0.9819       990
          6     1.0000    0.5128    0.6780       468
          7     0.9960    0.9588    0.9770       777

avg / total     0.9178    0.9205    0.9138     54924


             precision    recall  f1-score   support

          0     0.9317    0.9892    0.9596     42909
          1     0.6988    0.5874    0.6383      1568
          2     0.7690    0.5574    0.6463      2598
          3     0.8157    0.5524    0.6587      1602
          4     0.9536    0.7226    0.8222      4012
          5     0.9799    0.9828    0.9813       990
          6     0.8642    0.5577    0.6779       468
          7     0.9973    0.9588    0.9777       777

avg / total     0.9168    0.9208    0.9150     54924


             precision    recall  f1-score   support

          0     0.9338    0.9898    0.9610     42909
          1     0.6579    0.6390    0.6483      1568
          2     0.7719    0.5404    0.6357      2598
          3     0.8863    0.5012    0.6404      1602
          4     0.9424    0.7510    0.8359      4012
          5     0.9692    0.9848    0.9770       990
          6     0.9721    0.5214    0.6787       468
          7     0.9973    0.9498    0.9730       777

avg / total     0.9194    0.9222    0.9162     54924


             precision    recall  f1-score   support

          0     0.9350    0.9887    0.9611     42909
          1     0.7638    0.4579    0.5726      1568
          2     0.6959    0.6844    0.6901      2598
          3     0.9027    0.4863    0.6320      1602
          4     0.9414    0.7525    0.8364      4012
          5     0.9779    0.9838    0.9809       990
          6     0.9959    0.5171    0.6807       468
          7     0.9933    0.9601    0.9764       777

avg / total     0.9205    0.9227    0.9167     54924


             precision    recall  f1-score   support

          0     0.9344    0.9908    0.9618     42909
          1     0.7242    0.5542    0.6279      1568
          2     0.7558    0.5885    0.6618      2598
          3     0.8836    0.5356    0.6669      1602
          4     0.9470    0.7620    0.8445      4012
          5     0.9779    0.9838    0.9809       990
          6     0.9688    0.5299    0.6851       468
          7     0.9947    0.9588    0.9764       777

avg / total     0.9213    0.9248    0.9191     54924


             precision    recall  f1-score   support

          0     0.9404    0.9871    0.9632     42909
          1     0.7181    0.6059    0.6572      1568
          2     0.7714    0.6078    0.6799      2598
          3     0.8780    0.5524    0.6782      1602
          4     0.9165    0.7964    0.8522      4012
          5     0.9741    0.9859    0.9799       990
          6     0.9517    0.5470    0.6947       468
          7     0.9947    0.9575    0.9757       777

avg / total     0.9240    0.9275    0.9228     54924


             precision    recall  f1-score   support

          0     0.9385    0.9848    0.9611     42909
          1     0.7360    0.5689    0.6417      1568
          2     0.7560    0.6320    0.6885      2598
          3     0.8618    0.5487    0.6705      1602
          4     0.9021    0.7879    0.8411      4012
          5     0.9824    0.9566    0.9693       990
          6     0.9841    0.5278    0.6871       468
          7     0.9615    0.9640    0.9627       777

avg / total     0.9207    0.9244    0.9197     54924


             precision    recall  f1-score   support

          0     0.9370    0.9868    0.9613     42909
          1     0.7198    0.5619    0.6311      1568
          2     0.6862    0.6405    0.6626      2598
          3     0.8700    0.5680    0.6873      1602
          4     0.9730    0.7368    0.8386      4012
          5     0.9741    0.9869    0.9804       990
          6     0.9804    0.5342    0.6916       468
          7     0.9987    0.9550    0.9763       777

avg / total     0.9215    0.9235    0.9190     54924


             precision    recall  f1-score   support

          0     0.9362    0.9933    0.9639     42909
          1     0.7390    0.6339    0.6825      1568
          2     0.8030    0.6197    0.6995      2598
          3     0.9003    0.5524    0.6847      1602
          4     0.9743    0.7453    0.8445      4012
          5     0.9786    0.9717    0.9752       990
          6     0.9959    0.5192    0.6826       468
          7     0.9779    0.9665    0.9722       777

avg / total     0.9278    0.9296    0.9244     54924


             precision    recall  f1-score   support

          0     0.9394    0.9869    0.9626     42909
          1     0.8095    0.4987    0.6172      1568
          2     0.7272    0.6986    0.7126      2598
          3     0.9143    0.5325    0.6730      1602
          4     0.9190    0.7859    0.8472      4012
          5     0.9778    0.9808    0.9793       990
          6     0.9487    0.5534    0.6991       468
          7     0.9907    0.9614    0.9758       777

avg / total     0.9249    0.9272    0.9222     54924


             precision    recall  f1-score   support

          0     0.9392    0.9777    0.9580     42909
          1     0.7154    0.6365    0.6736      1568
          2     0.8061    0.6047    0.6910      2598
          3     0.9114    0.4944    0.6410      1602
          4     0.7754    0.7841    0.7798      4012
          5     0.9716    0.9687    0.9702       990
          6     0.9500    0.4872    0.6441       468
          7     0.9750    0.9537    0.9642       777

avg / total     0.9149    0.9174    0.9126     54924


             precision    recall  f1-score   support

          0     0.9459    0.9816    0.9634     42909
          1     0.6928    0.6818    0.6872      1568
          2     0.7901    0.6289    0.7004      2598
          3     0.8266    0.6099    0.7019      1602
          4     0.9015    0.8078    0.8521      4012
          5     0.9799    0.9838    0.9819       990
          6     0.9696    0.5449    0.6977       468
          7     0.9960    0.9614    0.9784       777

avg / total     0.9261    0.9288    0.9256     54924


             precision    recall  f1-score   support

          0     0.9401    0.9924    0.9656     42909
          1     0.7285    0.6435    0.6834      1568
          2     0.8234    0.5978    0.6927      2598
          3     0.8992    0.6067    0.7246      1602
          4     0.9577    0.7844    0.8624      4012
          5     0.9711    0.9838    0.9774       990
          6     0.9918    0.5171    0.6798       468
          7     0.9920    0.9524    0.9718       777

avg / total     0.9304    0.9325    0.9279     54924


             precision    recall  f1-score   support

          0     0.9426    0.9896    0.9655     42909
          1     0.7158    0.6907    0.7030      1568
          2     0.8235    0.6178    0.7060      2598
          3     0.8647    0.6186    0.7213      1602
          4     0.9577    0.7787    0.8589      4012
          5     0.9741    0.9869    0.9804       990
          6     0.9845    0.5427    0.6997       468
          7     0.9973    0.9524    0.9743       777

avg / total     0.9310    0.9329    0.9290     54924


             precision    recall  f1-score   support

          0     0.9400    0.9914    0.9650     42909
          1     0.7158    0.6601    0.6868      1568
          2     0.8140    0.6232    0.7059      2598
          3     0.9200    0.5524    0.6903      1602
          4     0.9543    0.7807    0.8588      4012
          5     0.9758    0.9778    0.9768       990
          6     0.9837    0.5171    0.6779       468
          7     0.9866    0.9498    0.9679       777

avg / total     0.9297    0.9315    0.9269     54924


             precision    recall  f1-score   support

          0     0.9430    0.9888    0.9654     42909
          1     0.7456    0.6505    0.6948      1568
          2     0.7999    0.6632    0.7252      2598
          3     0.8503    0.6061    0.7077      1602
          4     0.9635    0.7822    0.8634      4012
          5     0.9760    0.9848    0.9804       990
          6     0.9662    0.5491    0.7003       468
          7     0.9933    0.9537    0.9731       777

avg / total     0.9309    0.9332    0.9294     54924


             precision    recall  f1-score   support

          0     0.9426    0.9896    0.9655     42909
          1     0.7526    0.5957    0.6650      1568
          2     0.7666    0.6828    0.7223      2598
          3     0.8808    0.6086    0.7198      1602
          4     0.9612    0.7722    0.8564      4012
          5     0.9822    0.9475    0.9645       990
          6     0.9878    0.5171    0.6788       468
          7     0.9492    0.9627    0.9559       777

avg / total     0.9296    0.9317    0.9277     54924


             precision    recall  f1-score   support

          0     0.9444    0.9882    0.9658     42909
          1     0.7388    0.6314    0.6809      1568
          2     0.7959    0.6636    0.7238      2598
          3     0.8611    0.5961    0.7045      1602
          4     0.9440    0.7976    0.8646      4012
          5     0.9809    0.9848    0.9829       990
          6     0.9422    0.5577    0.7007       468
          7     0.9973    0.9601    0.9784       777

avg / total     0.9304    0.9332    0.9294     54924


             precision    recall  f1-score   support

          0     0.9453    0.9868    0.9656     42909
          1     0.7586    0.5931    0.6657      1568
          2     0.7787    0.6771    0.7243      2598
          3     0.9091    0.5680    0.6992      1602
          4     0.9093    0.8225    0.8638      4012
          5     0.9809    0.9859    0.9834       990
          6     0.9737    0.5534    0.7057       468
          7     0.9934    0.9627    0.9778       777

avg / total     0.9300    0.9327    0.9287     54924


             precision    recall  f1-score   support

          0     0.9377    0.9909    0.9636     42909
          1     0.7519    0.6454    0.6946      1568
          2     0.8067    0.6363    0.7114      2598
          3     0.8720    0.5868    0.7015      1602
          4     0.9714    0.7455    0.8436      4012
          5     0.9808    0.9828    0.9818       990
          6     0.9072    0.5641    0.6957       468
          7     0.9933    0.9562    0.9744       777

avg / total     0.9281    0.9302    0.9257     54924


             precision    recall  f1-score   support

          0     0.9434    0.9879    0.9652     42909
          1     0.7275    0.6639    0.6942      1568
          2     0.8099    0.6413    0.7158      2598
          3     0.8883    0.5612    0.6878      1602
          4     0.9235    0.8063    0.8609      4012
          5     0.9828    0.9808    0.9818       990
          6     0.9679    0.5150    0.6722       468
          7     0.9907    0.9588    0.9745       777

avg / total     0.9295    0.9320    0.9279     54924


             precision    recall  f1-score   support

          0     0.9434    0.9897    0.9660     42909
          1     0.7909    0.5982    0.6812      1568
          2     0.7879    0.7094    0.7466      2598
          3     0.8567    0.6230    0.7214      1602
          4     0.9651    0.7662    0.8542      4012
          5     0.9789    0.9818    0.9803       990
          6     0.9412    0.5812    0.7186       468
          7     0.9933    0.9601    0.9764       777

avg / total     0.9321    0.9342    0.9305     54924


             precision    recall  f1-score   support

          0     0.9418    0.9921    0.9663     42909
          1     0.7876    0.6008    0.6816      1568
          2     0.8020    0.6563    0.7218      2598
          3     0.8843    0.6392    0.7420      1602
          4     0.9624    0.7774    0.8601      4012
          5     0.9799    0.9859    0.9829       990
          6     0.9583    0.5406    0.6913       468
          7     0.9987    0.9575    0.9777       777

avg / total     0.9323    0.9346    0.9304     54924


             precision    recall  f1-score   support

          0     0.9450    0.9872    0.9656     42909
          1     0.7700    0.6511    0.7056      1568
          2     0.8152    0.6774    0.7400      2598
          3     0.8656    0.5911    0.7025      1602
          4     0.9234    0.7991    0.8568      4012
          5     0.9780    0.9859    0.9819       990
          6     0.8925    0.5855    0.7071       468
          7     0.9960    0.9575    0.9764       777

avg / total     0.9309    0.9338    0.9302     54924


             precision    recall  f1-score   support

          0     0.9418    0.9877    0.9642     42909
          1     0.7825    0.6333    0.7000      1568
          2     0.8006    0.6817    0.7364      2598
          3     0.7988    0.6417    0.7117      1602
          4     0.9599    0.7527    0.8438      4012
          5     0.9789    0.9859    0.9824       990
          6     0.9538    0.5299    0.6813       468
          7     0.9920    0.9575    0.9745       777

avg / total     0.9292    0.9315    0.9278     54924


             precision    recall  f1-score   support

          0     0.9516    0.9747    0.9630     42909
          1     0.7693    0.6422    0.7000      1568
          2     0.8151    0.6890    0.7468      2598
          3     0.8693    0.6105    0.7173      1602
          4     0.7780    0.8370    0.8064      4012
          5     0.9720    0.9808    0.9764       990
          6     0.9526    0.5577    0.7035       468
          7     0.9854    0.9575    0.9713       777

avg / total     0.9257    0.9273    0.9248     54924


             precision    recall  f1-score   support

          0     0.9459    0.9871    0.9660     42909
          1     0.7532    0.6460    0.6955      1568
          2     0.7946    0.6744    0.7295      2598
          3     0.8593    0.6292    0.7265      1602
          4     0.9283    0.7906    0.8540      4012
          5     0.9780    0.9869    0.9824       990
          6     0.9660    0.5470    0.6985       468
          7     1.0000    0.9562    0.9776       777

avg / total     0.9309    0.9336    0.9301     54924


             precision    recall  f1-score   support

          0     0.9472    0.9888    0.9676     42909
          1     0.7564    0.6811    0.7168      1568
          2     0.8302    0.6871    0.7519      2598
          3     0.8949    0.6061    0.7227      1602
          4     0.9393    0.8106    0.8702      4012
          5     0.9770    0.9889    0.9829       990
          6     0.9493    0.5598    0.7043       468
          7     0.9973    0.9562    0.9763       777

avg / total     0.9354    0.9374    0.9341     54924


             precision    recall  f1-score   support

          0     0.9470    0.9869    0.9665     42909
          1     0.7701    0.6173    0.6853      1568
          2     0.7887    0.6982    0.7407      2598
          3     0.8762    0.6099    0.7192      1602
          4     0.9244    0.8111    0.8640      4012
          5     0.9799    0.9828    0.9813       990
          6     0.9405    0.5406    0.6866       468
          7     0.9907    0.9588    0.9745       777

avg / total     0.9319    0.9346    0.9311     54924


             precision    recall  f1-score   support

          0     0.9429    0.9889    0.9654     42909
          1     0.7784    0.6205    0.6906      1568
          2     0.7904    0.6925    0.7382      2598
          3     0.8498    0.5581    0.6737      1602
          4     0.9541    0.7874    0.8628      4012
          5     0.9788    0.9798    0.9793       990
          6     0.9048    0.5684    0.6982       468
          7     0.9947    0.9575    0.9757       777

avg / total     0.9302    0.9329    0.9289     54924


             precision    recall  f1-score   support

          0     0.9498    0.9869    0.9680     42909
          1     0.7632    0.6435    0.6983      1568
          2     0.7825    0.7244    0.7523      2598
          3     0.8592    0.6398    0.7335      1602
          4     0.9543    0.8076    0.8748      4012
          5     0.9799    0.9848    0.9824       990
          6     0.9288    0.5577    0.6969       468
          7     0.9933    0.9550    0.9738       777

avg / total     0.9352    0.9373    0.9345     54924


             precision    recall  f1-score   support

          0     0.9447    0.9878    0.9657     42909
          1     0.7597    0.6390    0.6941      1568
          2     0.7970    0.6921    0.7408      2598
          3     0.8683    0.6174    0.7216      1602
          4     0.9482    0.7799    0.8559      4012
          5     0.9728    0.9768    0.9748       990
          6     0.8867    0.5684    0.6927       468
          7     0.9840    0.9485    0.9659       777

avg / total     0.9310    0.9335    0.9300     54924


             precision    recall  f1-score   support

          0     0.9460    0.9874    0.9663     42909
          1     0.7793    0.6690    0.7200      1568
          2     0.8022    0.7148    0.7560      2598
          3     0.8163    0.6573    0.7282      1602
          4     0.9655    0.7595    0.8502      4012
          5     0.9760    0.9869    0.9814       990
          6     0.9249    0.5791    0.7122       468
          7     0.9973    0.9485    0.9723       777

avg / total     0.9332    0.9351    0.9320     54924


             precision    recall  f1-score   support

          0     0.9496    0.9883    0.9685     42909
          1     0.7827    0.6480    0.7090      1568
          2     0.7994    0.7148    0.7547      2598
          3     0.8775    0.6392    0.7396      1602
          4     0.9476    0.8166    0.8772      4012
          5     0.9790    0.9879    0.9834       990
          6     0.9498    0.5662    0.7095       468
          7     0.9987    0.9524    0.9750       777

avg / total     0.9367    0.9388    0.9358     54924


             precision    recall  f1-score   support

          0     0.9489    0.9878    0.9680     42909
          1     0.7488    0.7054    0.7264      1568
          2     0.8308    0.6821    0.7491      2598
          3     0.8944    0.6030    0.7204      1602
          4     0.9311    0.8218    0.8730      4012
          5     0.9799    0.9838    0.9819       990
          6     0.9468    0.5705    0.7120       468
          7     0.9933    0.9588    0.9758       777

avg / total     0.9359    0.9379    0.9348     54924


             precision    recall  f1-score   support

          0     0.9494    0.9877    0.9682     42909
          1     0.7554    0.6952    0.7240      1568
          2     0.8310    0.6682    0.7408      2598
          3     0.8455    0.6492    0.7345      1602
          4     0.9519    0.8133    0.8772      4012
          5     0.9770    0.9879    0.9824       990
          6     0.7926    0.5962    0.6805       468
          7     0.9987    0.9524    0.9750       777

avg / total     0.9353    0.9378    0.9349     54924


             precision    recall  f1-score   support

          0     0.9488    0.9869    0.9675     42909
          1     0.7713    0.6881    0.7273      1568
          2     0.8047    0.7263    0.7635      2598
          3     0.8812    0.6017    0.7151      1602
          4     0.9462    0.8026    0.8685      4012
          5     0.9760    0.9859    0.9809       990
          6     0.8882    0.5769    0.6995       468
          7     0.9960    0.9562    0.9757       777

avg / total     0.9354    0.9374    0.9345     54924


             precision    recall  f1-score   support

          0     0.9477    0.9851    0.9660     42909
          1     0.7567    0.6862    0.7197      1568
          2     0.8238    0.6478    0.7253      2598
          3     0.8689    0.6411    0.7378      1602
          4     0.9093    0.8225    0.8638      4012
          5     0.9838    0.9838    0.9838       990
          6     0.8954    0.5855    0.7080       468
          7     0.9960    0.9640    0.9797       777

avg / total     0.9322    0.9349    0.9318     54924

val_loss:0.416517005273,0.397464407065,0.344703103804,0.319362192434,0.315992492283,0.296863856526,0.287321758086,0.272207956104,0.284077046596,0.268890503236,0.254064855267,0.259370106448,0.253608167204,0.251686707657,0.237836327593,0.243373053698,0.234891333075,0.230751103932,0.240877902023,0.233316033027,0.222489782217,0.226389024093,0.245561651773,0.222793827608,0.217479376657,0.21178689531,0.218520741955,0.210418072295,0.221307768397,0.211070348011,0.211189445903,0.224353375909,0.220311043447,0.207757645965,0.208342258065,0.207572281772,0.216382344576,0.216476613032,0.215058065506,0.202263532904,0.207719173619,0.212732461716,0.198549918223,0.215319636136,0.207970583609,0.197192469602,0.196007364403,0.199928291943,0.197855336657,0.208597507784
val_acc:0.866815965497,0.874390066647,0.895965331541,0.90204646305,0.905305511857,0.908255047313,0.912733964936,0.915792737878,0.912278788812,0.916429980368,0.919415928116,0.916921572522,0.920490138169,0.920836072002,0.922165178982,0.922693183739,0.924823401184,0.927499824211,0.924404639512,0.923512498012,0.929575417366,0.927208513067,0.917358536855,0.928828929081,0.932543153583,0.932870878295,0.931487149981,0.933162190233,0.931705632401,0.933162190559,0.93267060131,0.930249075664,0.931996945408,0.934199985834,0.93460054078,0.933763020406,0.93150535694,0.927317753066,0.933562742757,0.937440826444,0.934564127369,0.93288908627,0.937331584179,0.933508122465,0.935073921494,0.938806349725,0.937896001748,0.93782317236,0.937422620318,0.934946472699
loss:0.522345045086,0.396616098564,0.363144346626,0.33246472881,0.316449344701,0.301653192561,0.291486183819,0.282438390576,0.274339494287,0.270017348386,0.260712660258,0.254639104464,0.245374376012,0.245052507253,0.237193284943,0.229309170434,0.22597364486,0.223452779908,0.216555156749,0.211940694386,0.209367197979,0.204360472591,0.212148650009,0.205128695055,0.200656641171,0.198907436513,0.1965606728,0.192238650446,0.189394495677,0.186878201601,0.184423508558,0.187904861297,0.184403163696,0.183462561287,0.1811271391,0.180017082003,0.181326054905,0.181409601682,0.177692083099,0.180445960468,0.175094737595,0.175470175809,0.174161093686,0.1740028072,0.169040906679,0.167150311048,0.165792085336,0.166941824698,0.165210225078,0.168678504797
acc:0.84006603254,0.878811419084,0.889347443102,0.899149105484,0.90357351118,0.9071421658,0.909509130475,0.911930720755,0.914504034397,0.914813560402,0.91688920756,0.918546083059,0.921228643266,0.920706696687,0.923668438437,0.925695529143,0.92630244324,0.92709750191,0.929270252007,0.931151683856,0.931782874667,0.93369465183,0.931643283342,0.933403333583,0.933907071514,0.934580745906,0.936019131162,0.937160128504,0.93784593974,0.938064429092,0.939508882771,0.938452853303,0.939205426256,0.93986089289,0.940291801393,0.940492082988,0.940643811691,0.940558843105,0.941560250546,0.940170418182,0.941639149464,0.94244634569,0.943308161629,0.942227855626,0.944600888029,0.944873998163,0.945414151075,0.945584087713,0.945056072712,0.944807237512
